CH4 Compressibility [dimensionless] PelePhys
0.346659,0.528192,0.587962,0.630546,0.664307,0.69243,0.716542,0.737615,0.756284,0.772992,0.788066,0.801754,0.814251,0.825711,0.836261,0.846006,0.855034,0.863419,0.871227,0.87851,0.885319,0.891695,0.897675,0.903292,0.908575,0.913551,0.918243,0.922671,0.926856,0.930814,0.934561,0.938112,0.941479,0.944674,0.947709,0.950594,0.953337,0.955948,0.958434,0.960802,0.963061,0.965214,0.96727,0.969232,0.971107,0.972898,0.97461,0.976248,0.977816,0.979316,0.980752,0.982128,0.983446,0.984709,0.985921,0.987083,0.988197,0.989267,0.990293,0.991279,0.992225,0.993134,0.994008,0.994847,0.995654,0.996429,0.997175,0.997892,0.998582,0.999245,0.999883,1.0005,1.00109,1.00166,1.00221,1.00273,1.00324,1.00373,1.0042,1.00465,1.00509,1.00551,1.00592,1.00631,1.00668,1.00705,1.0074,1.00773,1.00806,1.00837,1.00867,1.00896,1.00924,1.00951,1.00977,1.01002,1.01026,1.01049,1.01071,1.01093,1.01114
0.269664,0.507573,0.574266,0.619822,0.655368,0.684727,0.709767,0.731571,0.750837,0.768045,0.783547,0.797606,0.810428,0.822176,0.832983,0.842959,0.852197,0.860773,0.868754,0.876198,0.883154,0.889666,0.895771,0.901505,0.906897,0.911974,0.916761,0.921278,0.925546,0.929582,0.933402,0.937022,0.940454,0.943712,0.946805,0.949744,0.95254,0.9552,0.957733,0.960146,0.962446,0.96464,0.966733,0.968732,0.970641,0.972465,0.974209,0.975877,0.977473,0.979,0.980463,0.981863,0.983206,0.984492,0.985725,0.986908,0.988042,0.989131,0.990176,0.991179,0.992142,0.993068,0.993957,0.994811,0.995632,0.996421,0.99718,0.99791,0.998612,0.999287,0.999936,1.00056,1.00116,1.00174,1.0023,1.00284,1.00335,1.00385,1.00433,1.00479,1.00524,1.00566,1.00608,1.00647,1.00686,1.00722,1.00758,1.00792,1.00825,1.00857,1.00888,1.00917,1.00946,1.00973,1.00999,1.01025,1.01049,1.01073,1.01096,1.01117,1.01138
0.261149,0.484412,0.559929,0.608816,0.646277,0.676935,0.702937,0.725493,0.745369,0.763087,0.779022,0.793456,0.806605,0.818644,0.82971,0.839919,0.849367,0.858134,0.86629,0.873894,0.880997,0.887645,0.893876,0.899727,0.905227,0.910406,0.915287,0.919892,0.924243,0.928357,0.932251,0.93594,0.939437,0.942756,0.945907,0.948901,0.951748,0.954457,0.957037,0.959494,0.961837,0.96407,0.966202,0.968237,0.97018,0.972037,0.973813,0.97551,0.977135,0.978689,0.980178,0.981603,0.982969,0.984278,0.985533,0.986736,0.987891,0.988999,0.990062,0.991082,0.992062,0.993004,0.993908,0.994777,0.995613,0.996415,0.997187,0.99793,0.998644,0.999331,0.999991,1.00063,1.00124,1.00183,1.0024,1.00294,1.00347,1.00397,1.00446,1.00493,1.00538,1.00582,1.00624,1.00664,1.00703,1.0074,1.00777,1.00811,1.00845,1.00877,1.00908,1.00938,1.00967,1.00995,1.01022,1.01048,1.01073,1.01097,1.0112,1.01142,1.01163
0.2572,0.457635,0.544864,0.597507,0.63703,0.669053,0.696052,0.719382,0.739882,0.758118,0.774492,0.789305,0.802786,0.815116,0.826443,0.836886,0.846544,0.855503,0.863834,0.871598,0.878849,0.885632,0.891989,0.897957,0.903566,0.908845,0.91382,0.918515,0.922948,0.92714,0.931107,0.934864,0.938427,0.941806,0.945015,0.948064,0.950963,0.953721,0.956347,0.958848,0.961233,0.963506,0.965675,0.967746,0.969724,0.971614,0.97342,0.975148,0.9768,0.978382,0.979896,0.981346,0.982736,0.984067,0.985344,0.986568,0.987742,0.988869,0.989951,0.990989,0.991986,0.992943,0.993863,0.994746,0.995596,0.996412,0.997197,0.997952,0.998678,0.999377,1.00005,1.0007,1.00132,1.00192,1.00249,1.00305,1.00358,1.0041,1.00459,1.00507,1.00553,1.00597,1.0064,1.00681,1.0072,1.00758,1.00795,1.00831,1.00865,1.00897,1.00929,1.0096,1.00989,1.01017,1.01045,1.01071,1.01096,1.0112,1.01144,1.01167,1.01188
0.255252,0.425491,0.528969,0.585878,0.627621,0.66108,0.689114,0.713238,0.734375,0.753138,0.769958,0.785154,0.798968,0.811593,0.823182,0.833859,0.84373,0.852881,0.861387,0.869311,0.876709,0.883628,0.890111,0.896195,0.901912,0.907293,0.912363,0.917145,0.921661,0.92593,0.92997,0.933796,0.937423,0.940863,0.94413,0.947233,0.950184,0.952991,0.955663,0.958208,0.960634,0.962947,0.965154,0.967261,0.969273,0.971195,0.973032,0.974789,0.97647,0.978079,0.979619,0.981094,0.982507,0.983861,0.985159,0.986404,0.987597,0.988743,0.989843,0.990898,0.991911,0.992885,0.99382,0.994718,0.995582,0.996412,0.99721,0.997977,0.998715,0.999425,1.00011,1.00076,1.0014,1.00201,1.00259,1.00316,1.0037,1.00422,1.00473,1.00521,1.00568,1.00613,1.00656,1.00698,1.00738,1.00777,1.00814,1.0085,1.00885,1.00918,1.0095,1.00981,1.01011,1.0104,1.01067,1.01094,1.0112,1.01144,1.01168,1.01191,1.01213
0.254436,0.386516,0.512133,0.573907,0.618047,0.653016,0.682122,0.707063,0.728851,0.74815,0.765421,0.781003,0.795154,0.808076,0.819927,0.83084,0.840923,0.850267,0.858948,0.867033,0.874578,0.881633,0.888242,0.894442,0.900268,0.905749,0.910913,0.915783,0.920382,0.924728,0.928841,0.932735,0.936426,0.939927,0.943251,0.946409,0.949411,0.952266,0.954984,0.957573,0.960041,0.962393,0.964638,0.96678,0.968826,0.970781,0.972649,0.974435,0.976144,0.97778,0.979345,0.980845,0.982281,0.983657,0.984977,0.986242,0.987456,0.98862,0.989738,0.99081,0.99184,0.992829,0.99378,0.994693,0.99557,0.996414,0.997224,0.998004,0.998754,0.999475,1.00017,1.00084,1.00148,1.0021,1.00269,1.00327,1.00382,1.00435,1.00486,1.00535,1.00583,1.00628,1.00672,1.00715,1.00756,1.00795,1.00833,1.00869,1.00905,1.00938,1.00971,1.01003,1.01033,1.01062,1.0109,1.01117,1.01143,1.01169,1.01193,1.01216,1.01238
0.254347,0.348723,0.494242,0.561579,0.608304,0.644861,0.675079,0.700858,0.723311,0.743153,0.760881,0.776854,0.791345,0.804564,0.81668,0.82783,0.838126,0.847662,0.856519,0.864764,0.872457,0.879648,0.886382,0.892698,0.898632,0.904214,0.909471,0.914429,0.91911,0.923534,0.927719,0.931681,0.935436,0.938998,0.942379,0.945591,0.948644,0.951548,0.954312,0.956944,0.959453,0.961845,0.964127,0.966305,0.968384,0.970371,0.97227,0.974086,0.975823,0.977485,0.979076,0.9806,0.982059,0.983458,0.984799,0.986084,0.987317,0.9885,0.989636,0.990726,0.991772,0.992777,0.993742,0.99467,0.995561,0.996418,0.997242,0.998034,0.998795,0.999528,1.00023,1.00091,1.00156,1.00219,1.0028,1.00338,1.00394,1.00448,1.005,1.0055,1.00598,1.00644,1.00689,1.00732,1.00774,1.00813,1.00852,1.00889,1.00925,1.00959,1.00992,1.01024,1.01055,1.01085,1.01113,1.01141,1.01167,1.01193,1.01217,1.01241,1.01264
0.254763,0.325365,0.475217,0.548879,0.59839,0.636616,0.667985,0.694625,0.717755,0.73815,0.75634,0.772708,0.78754,0.801059,0.813441,0.824827,0.835337,0.845066,0.854099,0.862505,0.870345,0.877672,0.884531,0.890964,0.897005,0.902687,0.908038,0.913084,0.917847,0.922347,0.926604,0.930635,0.934454,0.938076,0.941514,0.944779,0.947883,0.950835,0.953645,0.956321,0.958871,0.961302,0.963621,0.965834,0.967947,0.969966,0.971896,0.973741,0.975505,0.977194,0.97881,0.980358,0.981841,0.983262,0.984624,0.98593,0.987182,0.988384,0.989537,0.990644,0.991707,0.992727,0.993708,0.99465,0.995555,0.996425,0.997261,0.998066,0.998839,0.999583,1.0003,1.00099,1.00165,1.00229,1.0029,1.00349,1.00406,1.00461,1.00514,1.00564,1.00613,1.0066,1.00706,1.00749,1.00792,1.00832,1.00871,1.00909,1.00945,1.0098,1.01014,1.01046,1.01077,1.01107,1.01136,1.01164,1.01191,1.01217,1.01242,1.01266,1.01289
0.255546,0.312544,0.455094,0.535802,0.588307,0.628284,0.660843,0.688366,0.712186,0.733142,0.751799,0.768565,0.783741,0.797561,0.81021,0.821834,0.832558,0.842481,0.851689,0.860256,0.868243,0.875705,0.88269,0.889238,0.895387,0.90117,0.906614,0.911747,0.916591,0.921168,0.925497,0.929595,0.933478,0.937161,0.940655,0.943974,0.947129,0.950129,0.952984,0.955703,0.958294,0.960764,0.96312,0.965368,0.967515,0.969566,0.971526,0.9734,0.975192,0.976907,0.978549,0.980121,0.981626,0.983069,0.984452,0.985778,0.98705,0.98827,0.989441,0.990565,0.991644,0.99268,0.993676,0.994632,0.995551,0.996434,0.997283,0.9981,0.998885,0.99964,1.00037,1.00107,1.00174,1.00239,1.00301,1.00361,1.00419,1.00474,1.00528,1.00579,1.00629,1.00677,1.00723,1.00767,1.0081,1.00851,1.0089,1.00929,1.00965,1.01001,1.01035,1.01068,1.011,1.0113,1.0116,1.01188,1.01215,1.01241,1.01267,1.01291,1.01314
0.25661,0.304978,0.434206,0.522354,0.578059,0.619867,0.653656,0.682082,0.706605,0.728129,0.747259,0.764426,0.779949,0.794072,0.806988,0.818851,0.829788,0.839905,0.849289,0.858016,0.866151,0.873748,0.880858,0.887522,0.893779,0.899661,0.905198,0.910418,0.915344,0.919998,0.924398,0.928564,0.93251,0.936252,0.939803,0.943176,0.946381,0.949429,0.952329,0.955091,0.957723,0.960231,0.962624,0.964908,0.967088,0.96917,0.971161,0.973063,0.974883,0.976624,0.978291,0.979887,0.981416,0.982881,0.984284,0.985631,0.986922,0.98816,0.989349,0.990489,0.991584,0.992636,0.993646,0.994617,0.99555,0.996446,0.997308,0.998136,0.998933,0.999699,1.00044,1.00115,1.00183,1.00249,1.00312,1.00373,1.00431,1.00488,1.00542,1.00594,1.00644,1.00693,1.0074,1.00785,1.00828,1.0087,1.0091,1.00949,1.00986,1.01022,1.01057,1.0109,1.01122,1.01153,1.01183,1.01212,1.01239,1.01266,1.01291,1.01316,1.0134
0.257892,0.300265,0.41343,0.508568,0.567654,0.61137,0.646426,0.675777,0.701015,0.723114,0.742722,0.760293,0.776164,0.790591,0.803776,0.815878,0.82703,0.83734,0.8469,0.855788,0.864069,0.871802,0.879036,0.885816,0.892179,0.898161,0.903792,0.909098,0.914105,0.918835,0.923307,0.92754,0.931549,0.935351,0.938958,0.942384,0.945639,0.948735,0.95168,0.954485,0.957157,0.959704,0.962134,0.964452,0.966665,0.968779,0.9708,0.972731,0.974578,0.976346,0.978037,0.979657,0.981209,0.982695,0.98412,0.985486,0.986796,0.988053,0.989259,0.990416,0.991528,0.992595,0.99362,0.994605,0.995551,0.99646,0.997335,0.998175,0.998983,0.999761,1.00051,1.00123,1.00192,1.00259,1.00323,1.00385,1.00444,1.00501,1.00556,1.00609,1.0066,1.00709,1.00757,1.00802,1.00846,1.00889,1.0093,1.00969,1.01007,1.01043,1.01078,1.01112,1.01145,1.01176,1.01206,1.01235,1.01263,1.0129,1.01316,1.01341,1.01366
0.25935,0.297284,0.394214,0.494509,0.557105,0.602801,0.63916,0.669453,0.695417,0.718099,0.738188,0.756167,0.772388,0.78712,0.800574,0.812915,0.824282,0.834786,0.844522,0.85357,0.861998,0.869866,0.877224,0.884119,0.89059,0.896671,0.902394,0.907787,0.912875,0.91768,0.922223,0.926523,0.930596,0.934457,0.93812,0.941598,0.944904,0.948047,0.951037,0.953884,0.956597,0.959182,0.961648,0.964001,0.966248,0.968393,0.970443,0.972403,0.974278,0.976071,0.977788,0.979431,0.981005,0.982514,0.983959,0.985345,0.986674,0.987949,0.989172,0.990347,0.991474,0.992556,0.993596,0.994595,0.995555,0.996477,0.997364,0.998216,0.999036,0.999825,1.00058,1.00131,1.00201,1.00269,1.00334,1.00397,1.00457,1.00515,1.00571,1.00625,1.00676,1.00726,1.00774,1.0082,1.00865,1.00908,1.00949,1.00989,1.01027,1.01064,1.011,1.01134,1.01167,1.01199,1.0123,1.01259,1.01288,1.01315,1.01341,1.01367,1.01391
0.26095,0.295446,0.377942,0.480299,0.546435,0.594168,0.63186,0.663115,0.689815,0.713086,0.73366,0.752048,0.768621,0.78366,0.797383,0.809964,0.821546,0.832243,0.842155,0.851363,0.859938,0.86794,0.875423,0.882433,0.88901,0.89519,0.901005,0.906484,0.911653,0.916534,0.921148,0.925514,0.929649,0.933569,0.937288,0.94082,0.944175,0.947365,0.9504,0.95329,0.956042,0.958666,0.961168,0.963556,0.965835,0.968012,0.970092,0.97208,0.973982,0.975801,0.977542,0.979209,0.980806,0.982336,0.983802,0.985207,0.986555,0.987848,0.989089,0.99028,0.991423,0.992521,0.993575,0.994588,0.995561,0.996496,0.997396,0.99826,0.999091,0.999891,1.00066,1.0014,1.00211,1.0028,1.00346,1.00409,1.0047,1.00529,1.00585,1.0064,1.00692,1.00743,1.00792,1.00839,1.00884,1.00927,1.00969,1.0101,1.01048,1.01086,1.01122,1.01157,1.0119,1.01222,1.01253,1.01283,1.01312,1.0134,1.01367,1.01392,1.01417
0.262668,0.294411,0.365133,0.466125,0.535676,0.585483,0.624535,0.656765,0.684211,0.708076,0.72914,0.747939,0.764865,0.780211,0.794204,0.807025,0.818821,0.829712,0.839799,0.849167,0.857888,0.866025,0.873632,0.880756,0.887439,0.893718,0.899626,0.905191,0.910439,0.915395,0.92008,0.924513,0.92871,0.932689,0.936464,0.940048,0.943452,0.946689,0.949769,0.952701,0.955493,0.958155,0.960693,0.963115,0.965427,0.967635,0.969745,0.971761,0.97369,0.975535,0.9773,0.978991,0.98061,0.982161,0.983648,0.985073,0.98644,0.987751,0.989009,0.990216,0.991375,0.992488,0.993557,0.994583,0.99557,0.996518,0.99743,0.998306,0.999148,0.999959,1.00074,1.00149,1.00221,1.0029,1.00357,1.00421,1.00483,1.00543,1.006,1.00656,1.00709,1.0076,1.00809,1.00857,1.00903,1.00947,1.00989,1.0103,1.01069,1.01107,1.01144,1.01179,1.01213,1.01246,1.01277,1.01307,1.01337,1.01365,1.01392,1.01418,1.01443
0.264484,0.293965,0.355454,0.452255,0.524872,0.576761,0.617191,0.65041,0.678608,0.703072,0.724627,0.743841,0.761121,0.776774,0.791037,0.804099,0.816109,0.827194,0.837456,0.846984,0.855851,0.864122,0.871852,0.87909,0.885879,0.892256,0.898255,0.903906,0.909235,0.914266,0.919021,0.923519,0.927779,0.931817,0.935647,0.939282,0.942736,0.94602,0.949144,0.952118,0.95495,0.95765,0.960224,0.96268,0.965024,0.967263,0.969402,0.971447,0.973402,0.975273,0.977063,0.978777,0.980418,0.981991,0.983498,0.984942,0.986328,0.987656,0.988932,0.990155,0.99133,0.992458,0.993541,0.994582,0.995582,0.996542,0.997466,0.998354,0.999208,1.00003,1.00082,1.00158,1.00231,1.00301,1.00369,1.00434,1.00497,1.00557,1.00615,1.00671,1.00725,1.00777,1.00827,1.00875,1.00922,1.00966,1.01009,1.01051,1.01091,1.01129,1.01166,1.01202,1.01236,1.01269,1.01301,1.01332,1.01361,1.0139,1.01417,1.01444,1.01469
0.266384,0.293968,0.348259,0.439015,0.514083,0.568021,0.609838,0.644053,0.67301,0.698077,0.720126,0.739754,0.757389,0.77335,0.787884,0.801185,0.81341,0.824688,0.835125,0.844812,0.853825,0.862229,0.870083,0.877435,0.884329,0.890804,0.896895,0.90263,0.908039,0.913144,0.917969,0.922534,0.926855,0.930951,0.934836,0.938524,0.942027,0.945357,0.948525,0.95154,0.954412,0.957149,0.959759,0.962249,0.964626,0.966896,0.969064,0.971137,0.973119,0.975015,0.976829,0.978566,0.98023,0.981823,0.983351,0.984815,0.986219,0.987565,0.988857,0.990097,0.991288,0.992431,0.993528,0.994583,0.995596,0.996569,0.997505,0.998405,0.99927,1.0001,1.0009,1.00167,1.00241,1.00312,1.00381,1.00447,1.00511,1.00572,1.00631,1.00687,1.00742,1.00794,1.00845,1.00894,1.00941,1.00986,1.0103,1.01072,1.01112,1.01151,1.01188,1.01224,1.01259,1.01293,1.01325,1.01356,1.01386,1.01415,1.01443,1.01469,1.01495
0.268355,0.294322,0.342939,0.426741,0.503384,0.559286,0.602486,0.637701,0.667421,0.693093,0.715638,0.735681,0.753671,0.769941,0.784745,0.798286,0.810725,0.822196,0.832807,0.842653,0.85181,0.860348,0.868324,0.87579,0.882789,0.889362,0.895543,0.901364,0.906852,0.912031,0.916926,0.921556,0.925939,0.930093,0.934033,0.937772,0.941324,0.9447,0.947912,0.950969,0.95388,0.956655,0.9593,0.961824,0.964233,0.966533,0.968731,0.970831,0.97284,0.974761,0.976599,0.97836,0.980045,0.98166,0.983207,0.984691,0.986113,0.987477,0.988786,0.990042,0.991248,0.992406,0.993518,0.994586,0.995612,0.996598,0.997546,0.998458,0.999334,1.00018,1.00099,1.00177,1.00252,1.00324,1.00393,1.0046,1.00524,1.00586,1.00646,1.00703,1.00759,1.00812,1.00863,1.00913,1.0096,1.01006,1.0105,1.01092,1.01133,1.01173,1.01211,1.01247,1.01283,1.01316,1.01349,1.01381,1.01411,1.0144,1.01468,1.01495,1.01521
0.270387,0.294956,0.339027,0.415708,0.492868,0.550585,0.595147,0.631362,0.661845,0.688123,0.711164,0.731624,0.749969,0.766546,0.781621,0.795401,0.808054,0.819717,0.830502,0.840506,0.849809,0.858479,0.866578,0.874156,0.88126,0.88793,0.894202,0.900107,0.905673,0.910927,0.915891,0.920586,0.925031,0.929242,0.933236,0.937027,0.940628,0.94405,0.947305,0.950404,0.953354,0.956166,0.958847,0.961404,0.963845,0.966175,0.968402,0.97053,0.972565,0.974511,0.976374,0.978157,0.979864,0.9815,0.983068,0.98457,0.986011,0.987393,0.988718,0.989991,0.991212,0.992384,0.99351,0.994592,0.995631,0.99663,0.99759,0.998513,0.9994,1.00025,1.00107,1.00186,1.00262,1.00335,1.00406,1.00473,1.00538,1.00601,1.00662,1.0072,1.00776,1.0083,1.00881,1.00931,1.0098,1.01026,1.01071,1.01114,1.01155,1.01195,1.01233,1.0127,1.01306,1.0134,1.01373,1.01405,1.01436,1.01465,1.01494,1.01521,1.01547
0.272472,0.295819,0.33618,0.406075,0.482642,0.541951,0.587836,0.625041,0.656286,0.68317,0.706707,0.727583,0.746283,0.763168,0.778512,0.792531,0.805397,0.817252,0.828211,0.838373,0.847819,0.856622,0.864842,0.872533,0.879742,0.886509,0.89287,0.898859,0.904504,0.909832,0.914865,0.919625,0.92413,0.928399,0.932447,0.936289,0.939938,0.943406,0.946705,0.949844,0.952834,0.955682,0.958398,0.960989,0.963461,0.965822,0.968078,0.970233,0.972294,0.974266,0.976152,0.977958,0.979687,0.981344,0.982931,0.984453,0.985912,0.987311,0.988653,0.989942,0.991178,0.992366,0.993506,0.994601,0.995653,0.996664,0.997636,0.99857,0.999469,1.00033,1.00116,1.00196,1.00273,1.00347,1.00418,1.00487,1.00553,1.00616,1.00677,1.00736,1.00793,1.00847,1.009,1.0095,1.00999,1.01046,1.01091,1.01135,1.01177,1.01217,1.01256,1.01293,1.01329,1.01364,1.01398,1.0143,1.01461,1.01491,1.01519,1.01547,1.01574
0.274603,0.296871,0.334155,0.397866,0.472819,0.533421,0.580568,0.618749,0.65075,0.678238,0.70227,0.723561,0.742615,0.759807,0.77542,0.789677,0.802756,0.814802,0.825934,0.836252,0.845843,0.854777,0.863119,0.870922,0.878234,0.885097,0.891549,0.897621,0.903345,0.908745,0.913847,0.918671,0.923237,0.927563,0.931665,0.935558,0.939255,0.942769,0.94611,0.94929,0.952319,0.955204,0.957955,0.960579,0.963083,0.965474,0.967758,0.969941,0.972028,0.974024,0.975935,0.977763,0.979514,0.981191,0.982798,0.984339,0.985816,0.987233,0.988592,0.989896,0.991148,0.99235,0.993504,0.994612,0.995677,0.996701,0.997685,0.99863,0.999539,1.00041,1.00125,1.00206,1.00284,1.00359,1.00431,1.005,1.00567,1.00631,1.00693,1.00753,1.0081,1.00865,1.00918,1.0097,1.01019,1.01066,1.01112,1.01156,1.01198,1.01239,1.01279,1.01317,1.01353,1.01388,1.01422,1.01455,1.01486,1.01516,1.01545,1.01573,1.016
0.276775,0.29808,0.332773,0.391002,0.463513,0.525039,0.573361,0.612493,0.645242,0.67333,0.697855,0.719559,0.738967,0.756464,0.772346,0.78684,0.800131,0.812367,0.823671,0.834146,0.84388,0.852945,0.861408,0.869322,0.876737,0.883696,0.890237,0.896393,0.902194,0.907667,0.912837,0.917726,0.922352,0.926735,0.930891,0.934834,0.938579,0.942138,0.945522,0.948743,0.95181,0.954732,0.957517,0.960174,0.96271,0.965131,0.967443,0.969653,0.971766,0.973787,0.975721,0.977572,0.979345,0.981042,0.982669,0.984228,0.985724,0.987157,0.988533,0.989853,0.99112,0.992336,0.993504,0.994626,0.995704,0.99674,0.997735,0.998692,0.999612,1.0005,1.00135,1.00217,1.00295,1.00371,1.00444,1.00514,1.00582,1.00647,1.00709,1.00769,1.00827,1.00883,1.00937,1.00989,1.01039,1.01087,1.01133,1.01178,1.0122,1.01262,1.01302,1.0134,1.01377,1.01412,1.01447,1.01479,1.01511,1.01542,1.01571,1.01599,1.01627
0.278982,0.299424,0.331905,0.385344,0.454825,0.516852,0.566236,0.606284,0.639768,0.66845,0.693465,0.71558,0.735339,0.753141,0.769289,0.78402,0.797522,0.809947,0.821423,0.832054,0.84193,0.851126,0.859708,0.867734,0.875252,0.882306,0.888936,0.895174,0.901053,0.906599,0.911836,0.916788,0.921475,0.925914,0.930123,0.934117,0.937909,0.941513,0.94494,0.948201,0.951306,0.954265,0.957085,0.959775,0.962341,0.964792,0.967133,0.96937,0.971509,0.973554,0.975512,0.977385,0.979179,0.980897,0.982543,0.984121,0.985634,0.987085,0.988477,0.989813,0.991095,0.992326,0.993508,0.994643,0.995734,0.996782,0.997789,0.998757,0.999688,1.00058,1.00144,1.00227,1.00307,1.00383,1.00457,1.00528,1.00596,1.00662,1.00725,1.00786,1.00845,1.00902,1.00956,1.01008,1.01059,1.01107,1.01154,1.01199,1.01243,1.01284,1.01325,1.01363,1.01401,1.01437,1.01471,1.01504,1.01537,1.01567,1.01597,1.01626,1.01653
0.28122,0.300882,0.331453,0.380736,0.446834,0.508908,0.559213,0.600132,0.634334,0.663602,0.689102,0.711626,0.731734,0.749839,0.766252,0.781218,0.79493,0.807544,0.81919,0.829976,0.839994,0.84932,0.858022,0.866157,0.873778,0.880927,0.887645,0.893965,0.899921,0.905539,0.910844,0.91586,0.920606,0.925102,0.929363,0.933407,0.937247,0.940895,0.944365,0.947666,0.950809,0.953803,0.956658,0.95938,0.961978,0.964458,0.966827,0.969091,0.971256,0.973326,0.975306,0.977202,0.979017,0.980755,0.982421,0.984018,0.985549,0.987017,0.988425,0.989776,0.991073,0.992318,0.993514,0.994662,0.995766,0.996826,0.997844,0.998824,0.999765,1.00067,1.00154,1.00238,1.00318,1.00396,1.00471,1.00542,1.00611,1.00678,1.00742,1.00803,1.00863,1.0092,1.00975,1.01028,1.01079,1.01128,1.01175,1.01221,1.01265,1.01307,1.01348,1.01387,1.01425,1.01461,1.01496,1.0153,1.01562,1.01593,1.01623,1.01652,1.0168
0.283485,0.302439,0.331344,0.377022,0.439589,0.501257,0.552316,0.594051,0.628948,0.65879,0.684769,0.707698,0.728153,0.746558,0.763236,0.778435,0.792355,0.805157,0.816973,0.827913,0.838072,0.847527,0.856348,0.864593,0.872315,0.879559,0.886364,0.892767,0.898799,0.904488,0.909861,0.914939,0.919745,0.924296,0.928611,0.932704,0.936591,0.940284,0.943795,0.947136,0.950317,0.953348,0.956236,0.958991,0.96162,0.964129,0.966526,0.968817,0.971007,0.973101,0.975105,0.977022,0.978859,0.980617,0.982302,0.983918,0.985466,0.986951,0.988375,0.989742,0.991054,0.992313,0.993523,0.994684,0.9958,0.996872,0.997903,0.998893,0.999845,1.00076,1.00164,1.00249,1.0033,1.00409,1.00484,1.00557,1.00626,1.00694,1.00758,1.00821,1.00881,1.00938,1.00994,1.01048,1.01099,1.01149,1.01197,1.01243,1.01287,1.0133,1.01371,1.0141,1.01449,1.01485,1.01521,1.01555,1.01588,1.01619,1.01649,1.01679,1.01707
0.285776,0.304081,0.331519,0.374064,0.433109,0.493947,0.545569,0.588051,0.623615,0.65402,0.68047,0.703799,0.724597,0.743301,0.76024,0.775672,0.789799,0.802787,0.814772,0.825866,0.836164,0.845748,0.854686,0.863041,0.870864,0.878201,0.885094,0.891578,0.897686,0.903447,0.908886,0.914027,0.918892,0.923499,0.927866,0.932008,0.935942,0.939679,0.943232,0.946613,0.949831,0.952898,0.95582,0.958607,0.961267,0.963805,0.96623,0.968547,0.970762,0.972881,0.974907,0.976847,0.978704,0.980483,0.982187,0.983821,0.985387,0.986888,0.988329,0.989711,0.991038,0.992311,0.993534,0.994709,0.995837,0.996921,0.997963,0.998964,0.999927,1.00085,1.00174,1.0026,1.00342,1.00422,1.00498,1.00571,1.00642,1.0071,1.00775,1.00838,1.00899,1.00957,1.01013,1.01067,1.0112,1.0117,1.01218,1.01265,1.01309,1.01353,1.01394,1.01434,1.01473,1.0151,1.01546,1.0158,1.01613,1.01645,1.01676,1.01705,1.01734
0.288088,0.305798,0.331934,0.371745,0.427383,0.487021,0.538998,0.582147,0.618345,0.649295,0.676208,0.69993,0.721068,0.740068,0.757267,0.772929,0.787262,0.800436,0.812588,0.823834,0.834271,0.843982,0.853038,0.861501,0.869425,0.876855,0.883835,0.8904,0.896583,0.902414,0.90792,0.913124,0.918047,0.922709,0.927128,0.93132,0.9353,0.939081,0.942675,0.946096,0.949352,0.952453,0.955409,0.958228,0.960918,0.963486,0.965939,0.968282,0.970522,0.972664,0.974714,0.976675,0.978554,0.980352,0.982076,0.983727,0.985311,0.986829,0.988286,0.989683,0.991025,0.992312,0.993549,0.994736,0.995877,0.996973,0.998026,0.999038,1.00001,1.00095,1.00185,1.00271,1.00355,1.00435,1.00512,1.00586,1.00657,1.00726,1.00792,1.00856,1.00917,1.00976,1.01033,1.01088,1.0114,1.01191,1.0124,1.01287,1.01332,1.01376,1.01418,1.01458,1.01497,1.01535,1.01571,1.01605,1.01639,1.01671,1.01702,1.01732,1.01761
0.29042,0.307581,0.332552,0.369965,0.42238,0.480515,0.532627,0.576352,0.613144,0.64462,0.671985,0.696095,0.717569,0.736861,0.754317,0.770207,0.784745,0.798102,0.81042,0.821817,0.832393,0.842231,0.851404,0.859974,0.867997,0.875521,0.882586,0.889231,0.89549,0.901392,0.906963,0.912229,0.91721,0.921927,0.926398,0.930638,0.934664,0.938489,0.942125,0.945584,0.948878,0.952014,0.955004,0.957855,0.960575,0.963172,0.965652,0.968021,0.970286,0.972452,0.974525,0.976508,0.978407,0.980225,0.981968,0.983637,0.985238,0.986773,0.988246,0.989658,0.991014,0.992316,0.993566,0.994766,0.995919,0.997027,0.998091,0.999114,1.0001,1.00104,1.00195,1.00283,1.00367,1.00448,1.00526,1.00601,1.00673,1.00742,1.00809,1.00873,1.00935,1.00995,1.01052,1.01108,1.01161,1.01212,1.01261,1.01309,1.01355,1.01399,1.01441,1.01482,1.01521,1.01559,1.01596,1.01631,1.01665,1.01697,1.01729,1.01759,1.01788
0.292769,0.309422,0.333344,0.368641,0.418053,0.474457,0.526481,0.570679,0.608021,0.640001,0.667806,0.692296,0.7141,0.73368,0.751391,0.767508,0.782248,0.795787,0.80827,0.819817,0.83053,0.840494,0.849783,0.85846,0.866582,0.874197,0.881349,0.888074,0.894407,0.900378,0.906015,0.911342,0.916382,0.921153,0.925675,0.929964,0.934036,0.937904,0.941581,0.945079,0.948409,0.951581,0.954604,0.957487,0.960237,0.962862,0.965369,0.967765,0.970055,0.972245,0.974339,0.976344,0.978264,0.980102,0.981863,0.983551,0.985169,0.98672,0.988208,0.989636,0.991007,0.992322,0.993585,0.994798,0.995963,0.997083,0.998159,0.999193,1.00019,1.00114,1.00206,1.00295,1.0038,1.00461,1.0054,1.00616,1.00689,1.00759,1.00826,1.00891,1.00954,1.01014,1.01072,1.01128,1.01182,1.01234,1.01283,1.01331,1.01378,1.01422,1.01465,1.01506,1.01546,1.01584,1.01621,1.01657,1.01691,1.01724,1.01755,1.01786,1.01815
0.295133,0.311314,0.334287,0.367707,0.414347,0.468863,0.520582,0.565144,0.602984,0.635443,0.663673,0.688535,0.710663,0.730528,0.748491,0.764831,0.779771,0.793491,0.806138,0.817834,0.828683,0.838771,0.848175,0.856959,0.865179,0.872886,0.880122,0.886927,0.893334,0.899375,0.905077,0.910465,0.915561,0.920387,0.92496,0.929297,0.933415,0.937326,0.941044,0.944581,0.947947,0.951154,0.95421,0.957124,0.959904,0.962558,0.965092,0.967513,0.969828,0.972041,0.974158,0.976185,0.978124,0.979982,0.981762,0.983468,0.985103,0.986671,0.988174,0.989617,0.991002,0.992331,0.993608,0.994833,0.996011,0.997142,0.998229,0.999274,1.00028,1.00124,1.00217,1.00307,1.00392,1.00475,1.00555,1.00631,1.00705,1.00776,1.00844,1.00909,1.00973,1.01033,1.01092,1.01148,1.01203,1.01255,1.01305,1.01354,1.01401,1.01445,1.01489,1.0153,1.01571,1.01609,1.01646,1.01682,1.01717,1.0175,1.01782,1.01813,1.01842
0.297512,0.313252,0.335362,0.367107,0.411204,0.463741,0.514951,0.559759,0.598042,0.630951,0.659591,0.684815,0.707261,0.727406,0.745617,0.762178,0.777317,0.791215,0.804024,0.815868,0.826852,0.837064,0.846582,0.855471,0.863789,0.871586,0.878907,0.88579,0.892271,0.898381,0.904147,0.909596,0.91475,0.919629,0.924253,0.928638,0.9328,0.936754,0.940513,0.944088,0.947491,0.950732,0.953821,0.956766,0.959576,0.962258,0.964819,0.967266,0.969605,0.971842,0.973981,0.976029,0.977989,0.979866,0.981665,0.983388,0.98504,0.986624,0.988144,0.989601,0.991,0.992343,0.993633,0.994871,0.99606,0.997203,0.998301,0.999357,1.00037,1.00135,1.00228,1.00319,1.00405,1.00489,1.00569,1.00646,1.00721,1.00792,1.00861,1.00928,1.00991,1.01053,1.01112,1.01169,1.01224,1.01277,1.01328,1.01376,1.01424,1.01469,1.01513,1.01555,1.01595,1.01634,1.01672,1.01708,1.01743,1.01776,1.01809,1.0184,1.01869
0.299903,0.315231,0.336551,0.366794,0.408567,0.459089,0.509606,0.554539,0.593204,0.626531,0.655563,0.681138,0.703895,0.724315,0.74277,0.75955,0.774884,0.78896,0.801929,0.813919,0.825036,0.835372,0.845003,0.853997,0.862411,0.870298,0.877703,0.884664,0.891218,0.897396,0.903227,0.908736,0.913946,0.918879,0.923553,0.927986,0.932193,0.936189,0.939988,0.943601,0.947041,0.950316,0.953437,0.956414,0.959253,0.961963,0.964551,0.967024,0.969387,0.971647,0.973808,0.975877,0.977857,0.979754,0.981571,0.983312,0.984981,0.986581,0.988116,0.989588,0.991002,0.992358,0.99366,0.994911,0.996113,0.997267,0.998376,0.999442,1.00047,1.00145,1.0024,1.00331,1.00419,1.00503,1.00584,1.00662,1.00737,1.00809,1.00879,1.00946,1.0101,1.01072,1.01132,1.0119,1.01245,1.01298,1.0135,1.01399,1.01447,1.01493,1.01537,1.01579,1.0162,1.0166,1.01697,1.01734,1.01769,1.01803,1.01835,1.01867,1.01897
0.302306,0.317247,0.337841,0.36673,0.406383,0.454897,0.504562,0.549497,0.588477,0.622189,0.651593,0.677507,0.700566,0.721256,0.739952,0.756947,0.772475,0.786725,0.799853,0.811988,0.823238,0.833695,0.843438,0.852536,0.861047,0.869023,0.87651,0.883549,0.890175,0.896421,0.902316,0.907885,0.913151,0.918137,0.922861,0.927341,0.931593,0.935631,0.93947,0.943121,0.946596,0.949906,0.95306,0.956067,0.958935,0.961673,0.964288,0.966786,0.969173,0.971456,0.973639,0.975729,0.977729,0.979645,0.98148,0.983239,0.984924,0.986541,0.988091,0.989578,0.991006,0.992376,0.993691,0.994954,0.996167,0.997333,0.998453,0.99953,1.00056,1.00156,1.00252,1.00344,1.00432,1.00517,1.00599,1.00678,1.00754,1.00827,1.00897,1.00965,1.0103,1.01092,1.01153,1.01211,1.01267,1.0132,1.01372,1.01422,1.0147,1.01516,1.01561,1.01604,1.01645,1.01685,1.01723,1.0176,1.01795,1.0183,1.01862,1.01894,1.01924
0.304718,0.319296,0.33922,0.366882,0.404601,0.451149,0.499828,0.544644,0.583871,0.617929,0.647684,0.673925,0.697278,0.718232,0.737163,0.75437,0.770089,0.784512,0.797797,0.810075,0.821456,0.832034,0.841888,0.851088,0.859695,0.867759,0.875329,0.882445,0.889143,0.895457,0.901414,0.907042,0.912365,0.917403,0.922177,0.926704,0.931,0.93508,0.938958,0.942647,0.946158,0.949501,0.952687,0.955725,0.958623,0.961388,0.964029,0.966552,0.968963,0.971269,0.973475,0.975585,0.977605,0.97954,0.981393,0.983169,0.984872,0.986504,0.988069,0.989571,0.991013,0.992396,0.993724,0.995,0.996225,0.997402,0.998533,0.99962,1.00066,1.00167,1.00263,1.00356,1.00446,1.00532,1.00614,1.00694,1.0077,1.00844,1.00915,1.00983,1.01049,1.01112,1.01173,1.01232,1.01288,1.01342,1.01395,1.01445,1.01494,1.0154,1.01585,1.01629,1.0167,1.0171,1.01749,1.01786,1.01822,1.01856,1.01889,1.01921,1.01952
0.30714,0.321374,0.340679,0.367224,0.403178,0.447824,0.495411,0.539992,0.579393,0.613758,0.643841,0.670393,0.694032,0.715243,0.734406,0.75182,0.767727,0.782321,0.795761,0.808181,0.819692,0.830389,0.840353,0.849655,0.858356,0.866508,0.87416,0.881352,0.888122,0.894502,0.900522,0.906209,0.911587,0.916678,0.9215,0.926074,0.930414,0.934536,0.938453,0.942179,0.945726,0.949103,0.952321,0.955388,0.958315,0.961108,0.963775,0.966323,0.968758,0.971087,0.973314,0.975445,0.977485,0.979439,0.98131,0.983103,0.984822,0.98647,0.988051,0.989567,0.991022,0.992419,0.99376,0.995048,0.996285,0.997473,0.998615,0.999712,1.00077,1.00178,1.00276,1.00369,1.0046,1.00546,1.0063,1.0071,1.00787,1.00862,1.00933,1.01002,1.01068,1.01132,1.01194,1.01253,1.0131,1.01365,1.01417,1.01468,1.01517,1.01564,1.0161,1.01653,1.01695,1.01736,1.01775,1.01812,1.01848,1.01883,1.01917,1.01949,1.0198
0.30957,0.32348,0.342208,0.367734,0.402074,0.444897,0.491313,0.535549,0.575051,0.60968,0.640067,0.666916,0.69083,0.71229,0.73168,0.749299,0.765391,0.780152,0.793746,0.806305,0.817945,0.82876,0.838833,0.848236,0.85703,0.86527,0.873002,0.88027,0.887111,0.893557,0.899639,0.905385,0.910818,0.91596,0.920832,0.925451,0.929835,0.933998,0.937955,0.941718,0.945299,0.94871,0.951959,0.955057,0.958013,0.960833,0.963526,0.966099,0.968558,0.970908,0.973157,0.975309,0.977369,0.979341,0.98123,0.983041,0.984776,0.98644,0.988035,0.989566,0.991035,0.992445,0.993799,0.995099,0.996347,0.997546,0.998699,0.999806,1.00087,1.00189,1.00288,1.00382,1.00474,1.00561,1.00645,1.00726,1.00804,1.00879,1.00952,1.01021,1.01088,1.01152,1.01214,1.01274,1.01332,1.01387,1.0144,1.01491,1.01541,1.01588,1.01634,1.01678,1.01721,1.01761,1.01801,1.01839,1.01875,1.0191,1.01944,1.01976,1.02008
0.312007,0.32561,0.343802,0.368391,0.401254,0.442342,0.487534,0.531324,0.570853,0.605702,0.636366,0.663495,0.687673,0.709377,0.728986,0.746806,0.76308,0.778007,0.791751,0.804449,0.816215,0.827147,0.837329,0.846831,0.855718,0.864044,0.871857,0.8792,0.88611,0.892622,0.898766,0.90457,0.910057,0.915251,0.920171,0.924836,0.929263,0.933467,0.937463,0.941263,0.944879,0.948323,0.951604,0.954732,0.957715,0.960563,0.963282,0.965879,0.968361,0.970735,0.973005,0.975177,0.977256,0.979247,0.981154,0.982981,0.984733,0.986412,0.988023,0.989568,0.991051,0.992474,0.99384,0.995152,0.996412,0.997622,0.998786,0.999903,1.00098,1.00201,1.003,1.00396,1.00488,1.00576,1.00661,1.00743,1.00822,1.00897,1.0097,1.0104,1.01108,1.01173,1.01235,1.01296,1.01354,1.01409,1.01463,1.01515,1.01565,1.01613,1.01659,1.01703,1.01746,1.01787,1.01827,1.01865,1.01902,1.01937,1.01971,1.02004,1.02035
0.314451,0.327762,0.345452,0.36918,0.400686,0.440132,0.484069,0.527322,0.566805,0.601829,0.632741,0.660133,0.684564,0.706502,0.726327,0.744343,0.760795,0.775885,0.789778,0.802613,0.814504,0.825552,0.83584,0.845441,0.85442,0.862831,0.870723,0.87814,0.88512,0.891698,0.897903,0.903764,0.909305,0.91455,0.919518,0.924229,0.928699,0.932944,0.936978,0.940814,0.944465,0.947941,0.951254,0.954411,0.957423,0.960298,0.963042,0.965664,0.968169,0.970565,0.972856,0.975048,0.977147,0.979156,0.981081,0.982926,0.984693,0.986388,0.988014,0.989573,0.991069,0.992505,0.993884,0.995208,0.996479,0.997701,0.998875,1,1.00109,1.00213,1.00313,1.00409,1.00502,1.00591,1.00677,1.0076,1.00839,1.00915,1.00989,1.0106,1.01128,1.01193,1.01256,1.01317,1.01376,1.01432,1.01486,1.01538,1.01589,1.01637,1.01684,1.01728,1.01772,1.01813,1.01853,1.01892,1.01929,1.01964,1.01999,1.02032,1.02063
0.3169,0.329934,0.347154,0.370085,0.400344,0.438242,0.480911,0.523547,0.562914,0.598064,0.629197,0.656833,0.681505,0.70367,0.723704,0.741911,0.758538,0.773788,0.787828,0.800796,0.812811,0.823973,0.834366,0.844066,0.853135,0.86163,0.869602,0.877092,0.884141,0.890783,0.897049,0.902967,0.908562,0.913857,0.918873,0.923629,0.928142,0.932427,0.936499,0.940372,0.944057,0.947566,0.950909,0.954096,0.957136,0.960037,0.962807,0.965453,0.967982,0.970399,0.972712,0.974924,0.977042,0.97907,0.981012,0.982873,0.984657,0.986367,0.988007,0.989581,0.991091,0.99254,0.993931,0.995266,0.996549,0.997782,0.998966,1.0001,1.0012,1.00225,1.00326,1.00423,1.00517,1.00607,1.00693,1.00776,1.00856,1.00934,1.01008,1.01079,1.01148,1.01214,1.01278,1.01339,1.01398,1.01455,1.01509,1.01562,1.01613,1.01661,1.01708,1.01754,1.01797,1.01839,1.01879,1.01918,1.01956,1.01992,1.02026,1.02059,1.02091
0.319355,0.332124,0.348902,0.371095,0.400204,0.436646,0.478049,0.520002,0.559183,0.594413,0.625736,0.653597,0.678497,0.700879,0.721116,0.73951,0.756308,0.771715,0.785899,0.799,0.811137,0.822411,0.832909,0.842705,0.851864,0.860443,0.868493,0.876056,0.883173,0.889879,0.896205,0.90218,0.907828,0.913173,0.918237,0.923037,0.927592,0.931917,0.936027,0.939935,0.943655,0.947196,0.95057,0.953787,0.956854,0.959782,0.962577,0.965247,0.967799,0.970238,0.972571,0.974804,0.976941,0.978987,0.980946,0.982824,0.984624,0.986349,0.988004,0.989592,0.991115,0.992577,0.99398,0.995328,0.996622,0.997865,0.99906,1.00021,1.00131,1.00237,1.00339,1.00437,1.00532,1.00622,1.00709,1.00793,1.00874,1.00952,1.01027,1.01099,1.01168,1.01235,1.01299,1.01361,1.0142,1.01478,1.01533,1.01586,1.01637,1.01686,1.01733,1.01779,1.01823,1.01865,1.01906,1.01945,1.01983,1.02019,1.02054,1.02087,1.0212
0.321815,0.334332,0.350693,0.3722,0.400245,0.43532,0.475472,0.516686,0.555618,0.590881,0.622362,0.650428,0.675542,0.698133,0.718566,0.737141,0.754107,0.769668,0.783993,0.797225,0.809482,0.820867,0.831468,0.841359,0.850607,0.859269,0.867396,0.875031,0.882216,0.888985,0.895371,0.901401,0.907102,0.912497,0.917608,0.922452,0.927049,0.931414,0.935562,0.939506,0.943259,0.946832,0.950237,0.953482,0.956578,0.959532,0.962352,0.965046,0.96762,0.970081,0.972435,0.974687,0.976843,0.978907,0.980884,0.982779,0.984594,0.986335,0.988004,0.989605,0.991142,0.992617,0.994032,0.995391,0.996697,0.997951,0.999156,1.00031,1.00143,1.0025,1.00352,1.00451,1.00547,1.00638,1.00726,1.00811,1.00892,1.00971,1.01046,1.01119,1.01188,1.01256,1.0132,1.01383,1.01443,1.015,1.01556,1.0161,1.01661,1.01711,1.01759,1.01804,1.01849,1.01891,1.01932,1.01972,1.0201,1.02046,1.02081,1.02115,1.02148
0.324279,0.336554,0.352523,0.373389,0.400449,0.434241,0.473169,0.5136,0.552222,0.58747,0.619079,0.647329,0.672643,0.695433,0.716054,0.734806,0.751935,0.767647,0.782111,0.79547,0.807846,0.819341,0.830043,0.840029,0.849365,0.858108,0.866311,0.874018,0.88127,0.888102,0.894547,0.900633,0.906386,0.91183,0.916987,0.921875,0.926514,0.930918,0.935103,0.939082,0.942869,0.946474,0.949909,0.953183,0.956306,0.959286,0.962131,0.964849,0.967446,0.969929,0.972303,0.974575,0.976749,0.978832,0.980826,0.982737,0.984568,0.986323,0.988007,0.989622,0.991172,0.992659,0.994087,0.995458,0.996774,0.998039,0.999254,1.00042,1.00154,1.00262,1.00366,1.00466,1.00562,1.00654,1.00743,1.00828,1.0091,1.00989,1.01065,1.01139,1.01209,1.01277,1.01342,1.01405,1.01465,1.01524,1.0158,1.01634,1.01686,1.01736,1.01784,1.0183,1.01875,1.01918,1.01959,1.01999,1.02037,1.02074,1.02109,1.02143,1.02176
0.326746,0.33879,0.354387,0.374655,0.4008,0.43339,0.471124,0.51074,0.548998,0.584185,0.615888,0.644301,0.669802,0.692779,0.713582,0.732504,0.749793,0.765652,0.780252,0.793738,0.80623,0.817833,0.828635,0.838714,0.848137,0.856961,0.86524,0.873017,0.880335,0.88723,0.893732,0.899873,0.905678,0.911171,0.916374,0.921306,0.925986,0.930429,0.934651,0.938665,0.942485,0.946122,0.949587,0.95289,0.95604,0.959046,0.961916,0.964657,0.967276,0.96978,0.972175,0.974467,0.97666,0.97876,0.980771,0.982698,0.984545,0.986315,0.988013,0.989642,0.991205,0.992705,0.994144,0.995527,0.996855,0.99813,0.999355,1.00053,1.00166,1.00275,1.0038,1.0048,1.00577,1.0067,1.0076,1.00846,1.00928,1.01008,1.01085,1.01159,1.0123,1.01298,1.01364,1.01427,1.01488,1.01547,1.01603,1.01658,1.0171,1.01761,1.01809,1.01856,1.01901,1.01944,1.01986,1.02026,1.02064,1.02101,1.02137,1.02171,1.02204
0.329217,0.34104,0.356284,0.375991,0.401284,0.432745,0.469324,0.508102,0.545946,0.581028,0.612794,0.641347,0.667018,0.690174,0.71115,0.730238,0.747681,0.763684,0.778418,0.792027,0.804634,0.816343,0.827244,0.837415,0.846923,0.855827,0.86418,0.872028,0.879412,0.886367,0.892928,0.899123,0.90498,0.910521,0.91577,0.920745,0.925465,0.929947,0.934206,0.938255,0.942108,0.945776,0.949271,0.952602,0.955779,0.95881,0.961705,0.964469,0.967111,0.969636,0.972051,0.974362,0.976574,0.978691,0.980719,0.982663,0.984525,0.98631,0.988022,0.989665,0.991241,0.992753,0.994205,0.995598,0.996937,0.998223,0.999458,1.00065,1.00179,1.00288,1.00394,1.00495,1.00593,1.00686,1.00777,1.00863,1.00947,1.01027,1.01105,1.01179,1.01251,1.01319,1.01386,1.0145,1.01511,1.0157,1.01627,1.01682,1.01735,1.01786,1.01835,1.01882,1.01927,1.0197,1.02012,1.02053,1.02092,1.02129,1.02165,1.022,1.02233
0.331691,0.3433,0.35821,0.37739,0.401888,0.432291,0.467755,0.505681,0.543068,0.578001,0.609798,0.63847,0.664296,0.687618,0.70876,0.728007,0.7456,0.761743,0.776607,0.790338,0.803058,0.814872,0.82587,0.836131,0.845724,0.854707,0.863134,0.871051,0.878499,0.885516,0.892134,0.898383,0.90429,0.909879,0.915173,0.920191,0.924952,0.929472,0.933767,0.937851,0.941736,0.945436,0.94896,0.952319,0.955523,0.95858,0.961499,0.964286,0.96695,0.969496,0.971931,0.974261,0.976491,0.978626,0.980671,0.982631,0.984508,0.986308,0.988035,0.98969,0.991279,0.992804,0.994267,0.995673,0.997022,0.998318,0.999564,1.00076,1.00191,1.00302,1.00408,1.0051,1.00608,1.00703,1.00794,1.00881,1.00965,1.01046,1.01124,1.01199,1.01272,1.01341,1.01408,1.01472,1.01534,1.01594,1.01651,1.01706,1.0176,1.01811,1.0186,1.01907,1.01953,1.01997,1.02039,1.0208,1.02119,1.02157,1.02193,1.02228,1.02262
0.334168,0.345572,0.360163,0.378846,0.402601,0.432011,0.466403,0.503471,0.540362,0.575107,0.606903,0.63567,0.661636,0.685113,0.706413,0.725812,0.743551,0.75983,0.774822,0.788672,0.801502,0.813419,0.824513,0.834864,0.84454,0.853601,0.862101,0.870086,0.877598,0.884675,0.89135,0.897652,0.90361,0.909246,0.914585,0.919645,0.924446,0.929004,0.933335,0.937453,0.941371,0.945101,0.948655,0.952042,0.955272,0.958355,0.961297,0.964108,0.966793,0.969361,0.971816,0.974165,0.976413,0.978565,0.980627,0.982602,0.984495,0.98631,0.98805,0.989719,0.991321,0.992858,0.994333,0.995749,0.99711,0.998416,0.999672,1.00088,1.00204,1.00315,1.00422,1.00525,1.00624,1.0072,1.00811,1.00899,1.00984,1.01066,1.01144,1.0122,1.01293,1.01363,1.0143,1.01495,1.01557,1.01617,1.01675,1.01731,1.01785,1.01836,1.01886,1.01934,1.0198,1.02024,1.02066,1.02107,1.02147,1.02185,1.02221,1.02256,1.0229
0.336646,0.347853,0.362141,0.380355,0.403414,0.43189,0.465254,0.501464,0.537829,0.572347,0.60411,0.63295,0.659039,0.68266,0.704109,0.723655,0.741534,0.757946,0.773063,0.787028,0.799967,0.811985,0.823174,0.833612,0.84337,0.852509,0.86108,0.869133,0.876709,0.883845,0.890576,0.896931,0.902938,0.908622,0.914005,0.919107,0.923948,0.928544,0.93291,0.937062,0.941012,0.944773,0.948355,0.95177,0.955027,0.958134,0.961101,0.963934,0.966641,0.969229,0.971704,0.974072,0.976338,0.978508,0.980586,0.982577,0.984485,0.986314,0.988068,0.989751,0.991365,0.992914,0.994401,0.995829,0.9972,0.998517,0.999782,1.001,1.00217,1.00329,1.00437,1.00541,1.00641,1.00737,1.00829,1.00918,1.01003,1.01085,1.01165,1.01241,1.01314,1.01385,1.01452,1.01518,1.01581,1.01641,1.01699,1.01756,1.0181,1.01862,1.01912,1.0196,1.02006,1.02051,1.02094,1.02135,1.02175,1.02213,1.0225,1.02285,1.02319
0.339127,0.350144,0.364141,0.381913,0.404318,0.431915,0.464296,0.499654,0.535465,0.569722,0.601422,0.630312,0.656507,0.68026,0.70185,0.721536,0.73955,0.756091,0.771329,0.785408,0.798453,0.81057,0.821852,0.832377,0.842216,0.85143,0.860073,0.868192,0.875831,0.883026,0.889812,0.89622,0.902276,0.908006,0.913433,0.918577,0.923457,0.92809,0.932492,0.936677,0.940659,0.94445,0.948062,0.951504,0.954787,0.957919,0.960909,0.963765,0.966494,0.969102,0.971597,0.973983,0.976268,0.978454,0.980549,0.982555,0.984478,0.986322,0.98809,0.989785,0.991412,0.992973,0.994472,0.995911,0.997292,0.998619,0.999894,1.00112,1.0023,1.00343,1.00452,1.00556,1.00657,1.00754,1.00847,1.00936,1.01022,1.01105,1.01185,1.01262,1.01335,1.01407,1.01475,1.01541,1.01604,1.01665,1.01724,1.0178,1.01835,1.01887,1.01937,1.01986,1.02033,1.02078,1.02121,1.02162,1.02202,1.02241,1.02278,1.02314,1.02348
0.341609,0.352442,0.366162,0.383515,0.405304,0.432075,0.463516,0.498032,0.533269,0.567232,0.59884,0.627757,0.654042,0.677915,0.699636,0.719456,0.7376,0.754266,0.769622,0.783812,0.796961,0.809175,0.820548,0.831158,0.841077,0.850366,0.859079,0.867264,0.874964,0.882218,0.889059,0.895518,0.901623,0.907399,0.91287,0.918055,0.922974,0.927644,0.932081,0.936299,0.940313,0.944134,0.947774,0.951243,0.954552,0.957708,0.960722,0.9636,0.96635,0.968979,0.971493,0.973899,0.976201,0.978404,0.980515,0.982537,0.984475,0.986333,0.988114,0.989823,0.991462,0.993035,0.994545,0.995995,0.997387,0.998725,1.00001,1.00124,1.00243,1.00357,1.00467,1.00572,1.00673,1.00771,1.00865,1.00955,1.01042,1.01125,1.01205,1.01283,1.01357,1.01429,1.01498,1.01564,1.01628,1.01689,1.01748,1.01805,1.0186,1.01913,1.01963,1.02012,1.02059,1.02105,1.02148,1.0219,1.0223,1.02269,1.02306,1.02342,1.02377
0.344092,0.354748,0.368203,0.385158,0.406367,0.432358,0.462901,0.496591,0.531237,0.564877,0.596365,0.625287,0.651645,0.675626,0.697469,0.717415,0.735684,0.75247,0.767941,0.782239,0.79549,0.8078,0.819262,0.829956,0.839954,0.849316,0.858098,0.866348,0.87411,0.881421,0.888316,0.894826,0.900979,0.906801,0.912314,0.91754,0.922498,0.927204,0.931676,0.935928,0.939972,0.943823,0.947491,0.950988,0.954322,0.957503,0.96054,0.96344,0.966212,0.968861,0.971394,0.973818,0.976137,0.978358,0.980485,0.982522,0.984475,0.986347,0.988142,0.989863,0.991515,0.9931,0.994622,0.996082,0.997485,0.998832,1.00013,1.00137,1.00257,1.00371,1.00482,1.00588,1.0069,1.00788,1.00883,1.00974,1.01061,1.01145,1.01226,1.01304,1.01379,1.01451,1.0152,1.01587,1.01651,1.01713,1.01773,1.0183,1.01885,1.01938,1.0199,1.02039,1.02086,1.02132,1.02176,1.02218,1.02258,1.02297,1.02335,1.02371,1.02406
0.346577,0.357062,0.370262,0.386838,0.407499,0.432755,0.462441,0.495321,0.529366,0.562657,0.593998,0.622902,0.649317,0.673393,0.695348,0.715414,0.733803,0.750705,0.766287,0.78069,0.794041,0.806444,0.817994,0.828771,0.838845,0.848281,0.857131,0.865445,0.873267,0.880634,0.887583,0.894144,0.900345,0.906212,0.911768,0.917034,0.922029,0.926772,0.931278,0.935562,0.939638,0.943519,0.947215,0.950738,0.954097,0.957303,0.960363,0.963285,0.966077,0.968746,0.971299,0.973741,0.976078,0.978315,0.980458,0.982511,0.984478,0.986364,0.988172,0.989907,0.991571,0.993168,0.9947,0.996172,0.997585,0.998942,1.00025,1.0015,1.0027,1.00386,1.00497,1.00604,1.00707,1.00806,1.00901,1.00993,1.01081,1.01165,1.01247,1.01325,1.01401,1.01473,1.01543,1.01611,1.01675,1.01738,1.01798,1.01855,1.01911,1.01964,1.02016,1.02065,1.02113,1.02159,1.02203,1.02246,1.02286,1.02326,1.02364,1.024,1.02435
0.349063,0.359381,0.372337,0.388553,0.408696,0.433257,0.462126,0.494215,0.52765,0.56057,0.591738,0.620604,0.647059,0.671217,0.693276,0.713454,0.731957,0.748971,0.76466,0.779166,0.792614,0.805108,0.816744,0.827602,0.837753,0.847259,0.856177,0.864554,0.872436,0.879859,0.886861,0.893471,0.899719,0.905631,0.911229,0.916535,0.921569,0.926347,0.930887,0.935204,0.93931,0.94322,0.946944,0.950493,0.953878,0.957107,0.96019,0.963134,0.965947,0.968636,0.971208,0.973668,0.976022,0.978276,0.980435,0.982503,0.984485,0.986384,0.988206,0.989953,0.991629,0.993238,0.994782,0.996264,0.997688,0.999055,1.00037,1.00163,1.00284,1.00401,1.00513,1.00621,1.00724,1.00824,1.0092,1.01012,1.011,1.01186,1.01268,1.01347,1.01423,1.01496,1.01566,1.01634,1.01699,1.01762,1.01822,1.01881,1.01937,1.0199,1.02042,1.02092,1.0214,1.02186,1.02231,1.02273,1.02315,1.02354,1.02392,1.02429,1.02464
0.351549,0.361706,0.374427,0.390299,0.409951,0.433855,0.461945,0.493264,0.526087,0.558615,0.589588,0.618393,0.644872,0.6691,0.691253,0.711536,0.730147,0.747268,0.763061,0.777667,0.791209,0.803793,0.815513,0.82645,0.836676,0.846253,0.855237,0.863676,0.871616,0.879095,0.886149,0.892809,0.899104,0.905059,0.910699,0.916044,0.921115,0.92593,0.930503,0.934852,0.938989,0.942927,0.946679,0.950254,0.953664,0.956917,0.960022,0.962988,0.965822,0.968531,0.971121,0.973599,0.975971,0.978241,0.980415,0.982498,0.984494,0.986408,0.988243,0.990003,0.991691,0.993311,0.994866,0.996359,0.997793,0.99917,1.00049,1.00176,1.00298,1.00416,1.00529,1.00637,1.00742,1.00842,1.00938,1.01031,1.0112,1.01206,1.01289,1.01369,1.01445,1.01519,1.0159,1.01658,1.01723,1.01787,1.01847,1.01906,1.01962,1.02016,1.02069,1.02119,1.02167,1.02214,1.02258,1.02301,1.02343,1.02383,1.02421,1.02458,1.02493
0.354036,0.364037,0.376532,0.392076,0.411262,0.434542,0.46189,0.492461,0.52467,0.55679,0.587545,0.616271,0.642756,0.667041,0.689279,0.709659,0.728373,0.745597,0.76149,0.776193,0.789827,0.802498,0.814301,0.825316,0.835615,0.845261,0.85431,0.862811,0.870809,0.878343,0.885448,0.892156,0.898497,0.904496,0.910177,0.915562,0.92067,0.925519,0.930126,0.934506,0.938673,0.94264,0.946419,0.95002,0.953455,0.956732,0.959859,0.962847,0.965701,0.968429,0.971038,0.973534,0.975923,0.978209,0.980399,0.982497,0.984508,0.986435,0.988283,0.990055,0.991755,0.993387,0.994953,0.996456,0.9979,0.999287,1.00062,1.0019,1.00313,1.00431,1.00545,1.00654,1.00759,1.0086,1.00957,1.01051,1.01141,1.01227,1.0131,1.0139,1.01467,1.01542,1.01613,1.01682,1.01748,1.01811,1.01873,1.01931,1.01988,1.02043,1.02095,1.02146,1.02194,1.02241,1.02286,1.0233,1.02371,1.02411,1.0245,1.02487,1.02523
0.356524,0.366373,0.37865,0.39388,0.412623,0.435312,0.461951,0.491797,0.523396,0.555093,0.58561,0.614237,0.640713,0.665043,0.687356,0.707826,0.726636,0.743958,0.759948,0.774744,0.788467,0.801224,0.813108,0.824199,0.83457,0.844284,0.853397,0.861959,0.870014,0.877601,0.884757,0.891514,0.8979,0.903942,0.909664,0.915087,0.920232,0.925116,0.929756,0.934167,0.938364,0.94236,0.946165,0.949792,0.953251,0.956551,0.959701,0.96271,0.965584,0.968332,0.970959,0.973473,0.975878,0.978181,0.980387,0.982499,0.984524,0.986465,0.988325,0.99011,0.991822,0.993465,0.995042,0.996556,0.99801,0.999406,1.00075,1.00204,1.00327,1.00447,1.00561,1.00671,1.00777,1.00878,1.00976,1.0107,1.01161,1.01248,1.01332,1.01412,1.0149,1.01565,1.01636,1.01706,1.01772,1.01836,1.01898,1.01957,1.02014,1.02069,1.02122,1.02173,1.02222,1.02269,1.02314,1.02358,1.024,1.0244,1.02479,1.02516,1.02552
0.359011,0.368713,0.38078,0.395709,0.414031,0.436159,0.462122,0.491266,0.522258,0.553521,0.583782,0.612291,0.638743,0.663105,0.685483,0.706035,0.724936,0.742351,0.758434,0.773321,0.787131,0.799971,0.811933,0.8231,0.833541,0.843322,0.852498,0.861119,0.86923,0.876871,0.884077,0.890881,0.897312,0.903397,0.909159,0.914621,0.919801,0.92472,0.929393,0.933835,0.938061,0.942085,0.945917,0.94957,0.953053,0.956376,0.959548,0.962578,0.965472,0.968239,0.970885,0.973416,0.975838,0.978157,0.980378,0.982505,0.984543,0.986498,0.988371,0.990168,0.991892,0.993547,0.995134,0.996659,0.998123,0.999528,1.00088,1.00218,1.00342,1.00462,1.00577,1.00688,1.00795,1.00897,1.00995,1.0109,1.01181,1.01269,1.01353,1.01434,1.01513,1.01588,1.0166,1.0173,1.01797,1.01861,1.01923,1.01983,1.0204,1.02096,1.02149,1.022,1.02249,1.02297,1.02342,1.02386,1.02428,1.02469,1.02508,1.02546,1.02582
0.361499,0.371057,0.382921,0.397562,0.415482,0.437077,0.462394,0.49086,0.521251,0.552072,0.582061,0.610435,0.636846,0.661228,0.683661,0.704288,0.723274,0.740778,0.75695,0.771923,0.785818,0.798739,0.810778,0.822018,0.832529,0.842375,0.851613,0.860293,0.868459,0.876152,0.883408,0.890259,0.896734,0.902861,0.908663,0.914162,0.919379,0.924331,0.929036,0.933509,0.937765,0.941816,0.945675,0.949353,0.95286,0.956206,0.9594,0.96245,0.965365,0.96815,0.970814,0.973363,0.975802,0.978136,0.980372,0.982514,0.984566,0.986534,0.98842,0.990229,0.991965,0.993631,0.995229,0.996764,0.998238,0.999653,1.00101,1.00232,1.00357,1.00478,1.00594,1.00705,1.00813,1.00916,1.01015,1.0111,1.01202,1.0129,1.01375,1.01457,1.01535,1.01611,1.01684,1.01754,1.01821,1.01886,1.01949,1.02009,1.02066,1.02122,1.02176,1.02227,1.02277,1.02324,1.0237,1.02415,1.02457,1.02498,1.02537,1.02575,1.02611
0.363987,0.373405,0.385073,0.399437,0.416973,0.43806,0.462761,0.490572,0.520371,0.550743,0.580444,0.608667,0.635023,0.659413,0.681891,0.702586,0.72165,0.739237,0.755494,0.770552,0.784529,0.797528,0.809643,0.820953,0.831532,0.841443,0.850742,0.859479,0.8677,0.875445,0.882749,0.889646,0.896166,0.902334,0.908175,0.913711,0.918963,0.923949,0.928687,0.93319,0.937475,0.941553,0.945438,0.949141,0.952672,0.956041,0.959256,0.962327,0.965261,0.968066,0.970748,0.973314,0.975769,0.978119,0.98037,0.982526,0.984592,0.986573,0.988472,0.990293,0.992041,0.993717,0.995327,0.996872,0.998355,0.99978,1.00115,1.00246,1.00373,1.00494,1.00611,1.00723,1.00831,1.00935,1.01034,1.0113,1.01223,1.01312,1.01397,1.01479,1.01558,1.01634,1.01708,1.01778,1.01846,1.01911,1.01974,1.02035,1.02093,1.02149,1.02203,1.02255,1.02304,1.02352,1.02399,1.02443,1.02486,1.02527,1.02566,1.02604,1.02641
0.366474,0.375756,0.387234,0.401333,0.418502,0.439105,0.463217,0.490395,0.519612,0.54953,0.578931,0.606987,0.633274,0.65766,0.680174,0.700928,0.720064,0.737731,0.754069,0.769207,0.783263,0.796339,0.808526,0.819907,0.830552,0.840526,0.849885,0.858679,0.866953,0.874749,0.882101,0.889044,0.895607,0.901816,0.907696,0.913269,0.918556,0.923575,0.928344,0.932878,0.937191,0.941297,0.945207,0.948935,0.952489,0.955881,0.959118,0.962209,0.965163,0.967986,0.970686,0.973268,0.97574,0.978106,0.980371,0.982542,0.984622,0.986616,0.988527,0.99036,0.992119,0.993807,0.995427,0.996982,0.998475,0.999909,1.00129,1.00261,1.00388,1.0051,1.00628,1.00741,1.00849,1.00954,1.01054,1.01151,1.01244,1.01333,1.01419,1.01502,1.01581,1.01658,1.01732,1.01803,1.01871,1.01937,1.02,1.02061,1.02119,1.02176,1.0223,1.02282,1.02332,1.0238,1.02427,1.02472,1.02515,1.02556,1.02596,1.02634,1.02671
0.368961,0.378111,0.389405,0.403248,0.420066,0.440207,0.463756,0.490323,0.518969,0.548431,0.57752,0.605395,0.631599,0.655969,0.678509,0.699314,0.718517,0.736258,0.752673,0.767889,0.782021,0.795171,0.80743,0.818879,0.829589,0.839625,0.849042,0.857892,0.866219,0.874064,0.881464,0.888452,0.895057,0.901307,0.907225,0.912835,0.918156,0.923208,0.928008,0.932572,0.936913,0.941046,0.944982,0.948734,0.952312,0.955725,0.958984,0.962095,0.965068,0.96791,0.970628,0.973227,0.975715,0.978096,0.980376,0.982561,0.984655,0.986661,0.988585,0.99043,0.992201,0.993899,0.995529,0.997094,0.998597,1.00004,1.00143,1.00276,1.00404,1.00527,1.00645,1.00759,1.00868,1.00973,1.01074,1.01171,1.01265,1.01355,1.01441,1.01525,1.01605,1.01682,1.01756,1.01827,1.01896,1.01962,1.02026,1.02087,1.02146,1.02203,1.02257,1.0231,1.0236,1.02409,1.02455,1.025,1.02544,1.02585,1.02625,1.02664,1.02701
0.371448,0.380468,0.391584,0.405181,0.421663,0.441362,0.464373,0.490351,0.518437,0.547442,0.57621,0.60389,0.629998,0.65434,0.676897,0.697747,0.71701,0.734819,0.751307,0.766598,0.780803,0.794025,0.806353,0.817868,0.828642,0.838738,0.848213,0.857118,0.865497,0.873391,0.880838,0.88787,0.894517,0.900806,0.906763,0.912408,0.917764,0.922849,0.92768,0.932272,0.936642,0.940801,0.944763,0.948539,0.95214,0.955575,0.958855,0.961986,0.964979,0.967839,0.970573,0.97319,0.975693,0.97809,0.980385,0.982584,0.98469,0.98671,0.988646,0.990503,0.992285,0.993994,0.995635,0.99721,0.998722,1.00017,1.00157,1.00291,1.0042,1.00544,1.00663,1.00777,1.00887,1.00993,1.01094,1.01192,1.01286,1.01377,1.01464,1.01548,1.01628,1.01706,1.0178,1.01852,1.01921,1.01988,1.02052,1.02113,1.02173,1.0223,1.02284,1.02337,1.02388,1.02437,1.02484,1.02529,1.02573,1.02614,1.02655,1.02693,1.0273
0.373934,0.382828,0.393771,0.40713,0.42329,0.442567,0.465063,0.490473,0.518011,0.54656,0.574998,0.602471,0.628471,0.652774,0.675338,0.696224,0.715541,0.733415,0.749972,0.765333,0.779609,0.7929,0.805296,0.816876,0.827712,0.837868,0.847399,0.856357,0.864787,0.87273,0.880223,0.887298,0.893987,0.900316,0.906309,0.91199,0.91738,0.922497,0.927358,0.93198,0.936377,0.940562,0.94455,0.94835,0.951973,0.95543,0.95873,0.961882,0.964893,0.967771,0.970523,0.973156,0.975676,0.978087,0.980397,0.98261,0.98473,0.986762,0.98871,0.990579,0.992372,0.994092,0.995743,0.997327,0.998849,1.00031,1.00171,1.00306,1.00436,1.0056,1.0068,1.00795,1.00906,1.01012,1.01115,1.01213,1.01308,1.01399,1.01486,1.01571,1.01652,1.0173,1.01805,1.01877,1.01947,1.02013,1.02078,1.0214,1.02199,1.02257,1.02312,1.02365,1.02416,1.02465,1.02513,1.02558,1.02602,1.02644,1.02684,1.02723,1.02761
0.376419,0.38519,0.395966,0.409095,0.424945,0.443819,0.46582,0.490683,0.517686,0.54578,0.573882,0.601137,0.627017,0.65127,0.673833,0.694748,0.714113,0.732045,0.748667,0.764096,0.77844,0.791798,0.804259,0.815902,0.826799,0.837012,0.846599,0.85561,0.86409,0.872081,0.879618,0.886737,0.893466,0.899834,0.905864,0.91158,0.917003,0.922152,0.927043,0.931694,0.936118,0.94033,0.944342,0.948165,0.951812,0.95529,0.958611,0.961782,0.964812,0.967708,0.970478,0.973127,0.975662,0.978089,0.980413,0.982639,0.984772,0.986817,0.988777,0.990658,0.992461,0.994192,0.995853,0.997448,0.998979,1.00045,1.00186,1.00322,1.00452,1.00578,1.00698,1.00814,1.00925,1.01032,1.01135,1.01234,1.01329,1.01421,1.01509,1.01594,1.01675,1.01754,1.01829,1.01902,1.01972,1.02039,1.02104,1.02166,1.02226,1.02284,1.02339,1.02393,1.02444,1.02494,1.02541,1.02587,1.02631,1.02673,1.02714,1.02753,1.02791
0.378904,0.387555,0.398167,0.411075,0.426627,0.445114,0.466641,0.490976,0.517458,0.545101,0.57286,0.599888,0.625636,0.649829,0.672381,0.693318,0.712724,0.730711,0.747394,0.762886,0.777295,0.790718,0.803242,0.814947,0.825903,0.836173,0.845813,0.854876,0.863405,0.871443,0.879025,0.886186,0.892955,0.899361,0.905428,0.911179,0.916634,0.921814,0.926735,0.931414,0.935866,0.940103,0.94414,0.947987,0.951655,0.955155,0.958496,0.961687,0.964736,0.967649,0.970436,0.973101,0.975652,0.978093,0.980432,0.982672,0.984818,0.986875,0.988848,0.990739,0.992554,0.994295,0.995966,0.997571,0.999111,1.00059,1.00201,1.00338,1.00469,1.00595,1.00716,1.00833,1.00945,1.01052,1.01156,1.01255,1.01351,1.01443,1.01532,1.01617,1.01699,1.01778,1.01854,1.01927,1.01998,1.02065,1.0213,1.02193,1.02253,1.02311,1.02367,1.02421,1.02473,1.02522,1.0257,1.02616,1.0266,1.02703,1.02744,1.02783,1.02821
0.381388,0.389921,0.400374,0.413068,0.428334,0.446449,0.467523,0.491349,0.517321,0.544517,0.571931,0.598722,0.624328,0.648451,0.670983,0.691934,0.711376,0.729411,0.746151,0.761704,0.776175,0.78966,0.802246,0.81401,0.825023,0.835349,0.845042,0.854155,0.862733,0.870816,0.878442,0.885645,0.892454,0.898897,0.905,0.910785,0.916273,0.921484,0.926435,0.931141,0.93562,0.939883,0.943943,0.947814,0.951504,0.955026,0.958387,0.961597,0.964664,0.967595,0.970398,0.973079,0.975645,0.978102,0.980454,0.982708,0.984867,0.986936,0.988921,0.990824,0.992649,0.994401,0.996082,0.997696,0.999246,1.00073,1.00216,1.00354,1.00486,1.00612,1.00734,1.00851,1.00964,1.01072,1.01177,1.01277,1.01373,1.01466,1.01555,1.01641,1.01723,1.01803,1.01879,1.01953,1.02023,1.02091,1.02157,1.0222,1.02281,1.02339,1.02395,1.02449,1.02501,1.02551,1.02599,1.02645,1.0269,1.02732,1.02774,1.02813,1.02851
0.383872,0.392288,0.402588,0.415074,0.430064,0.447823,0.46846,0.491795,0.517273,0.544026,0.571091,0.597637,0.623091,0.647134,0.669638,0.690596,0.710068,0.728147,0.744939,0.76055,0.77508,0.788625,0.80127,0.813092,0.824161,0.83454,0.844286,0.853448,0.862073,0.870202,0.877871,0.885114,0.891963,0.898443,0.904581,0.9104,0.91592,0.921161,0.926141,0.930875,0.93538,0.939668,0.943753,0.947646,0.951359,0.954901,0.958282,0.961511,0.964596,0.967545,0.970364,0.973062,0.975643,0.978114,0.98048,0.982747,0.984919,0.987001,0.988997,0.990911,0.992748,0.99451,0.996201,0.997824,0.999383,1.00088,1.00232,1.0037,1.00503,1.0063,1.00753,1.00871,1.00984,1.01093,1.01198,1.01298,1.01395,1.01488,1.01578,1.01664,1.01747,1.01827,1.01904,1.01978,1.02049,1.02118,1.02183,1.02247,1.02308,1.02366,1.02423,1.02477,1.02529,1.0258,1.02628,1.02675,1.02719,1.02762,1.02804,1.02843,1.02881
0.386354,0.394658,0.404807,0.417092,0.431816,0.449232,0.469451,0.492312,0.517308,0.543624,0.570338,0.596633,0.621926,0.64588,0.668347,0.689305,0.7088,0.726918,0.743759,0.759423,0.77401,0.787612,0.800314,0.812192,0.823316,0.833748,0.843544,0.852755,0.861426,0.869599,0.87731,0.884594,0.891481,0.897998,0.904171,0.910022,0.915574,0.920846,0.925854,0.930616,0.935147,0.93946,0.943568,0.947484,0.951218,0.954781,0.958182,0.96143,0.964533,0.967499,0.970335,0.973048,0.975644,0.97813,0.98051,0.98279,0.984974,0.987068,0.989076,0.991002,0.992849,0.994621,0.996322,0.997955,0.999522,1.00103,1.00247,1.00386,1.0052,1.00648,1.00771,1.0089,1.01004,1.01113,1.01219,1.0132,1.01418,1.01511,1.01601,1.01688,1.01772,1.01852,1.01929,1.02004,1.02075,1.02144,1.0221,1.02274,1.02335,1.02394,1.02451,1.02506,1.02558,1.02609,1.02657,1.02704,1.02749,1.02792,1.02834,1.02874,1.02912
0.388835,0.397028,0.407031,0.419122,0.433588,0.450675,0.470491,0.492896,0.517422,0.543308,0.56967,0.595708,0.620831,0.644688,0.66711,0.68806,0.707573,0.725725,0.74261,0.758325,0.772965,0.786622,0.799379,0.811311,0.822488,0.832971,0.842816,0.852075,0.860792,0.869008,0.876761,0.884084,0.891009,0.897562,0.903769,0.909653,0.915236,0.920537,0.925574,0.930363,0.93492,0.939257,0.943389,0.947327,0.951083,0.954666,0.958086,0.961353,0.964474,0.967457,0.970309,0.973038,0.975649,0.978149,0.980543,0.982836,0.985033,0.987139,0.989158,0.991095,0.992952,0.994735,0.996445,0.998088,0.999664,1.00118,1.00263,1.00403,1.00537,1.00666,1.0079,1.00909,1.01024,1.01134,1.0124,1.01342,1.0144,1.01534,1.01625,1.01712,1.01796,1.01877,1.01955,1.02029,1.02101,1.0217,1.02237,1.02301,1.02363,1.02422,1.02479,1.02534,1.02587,1.02638,1.02686,1.02733,1.02779,1.02822,1.02864,1.02904,1.02942
0.391315,0.3994,0.40926,0.421161,0.43538,0.45215,0.471578,0.493542,0.517612,0.543075,0.569085,0.59486,0.619806,0.643556,0.665926,0.686862,0.706387,0.724568,0.741493,0.757254,0.771946,0.785655,0.798465,0.810449,0.821677,0.83221,0.842104,0.851409,0.86017,0.868429,0.876223,0.883585,0.890546,0.897135,0.903376,0.909293,0.914906,0.920237,0.925301,0.930117,0.934699,0.939061,0.943216,0.947176,0.950953,0.954556,0.957996,0.961281,0.96442,0.967419,0.970288,0.973032,0.975658,0.978172,0.980579,0.982885,0.985095,0.987213,0.989244,0.991191,0.993059,0.994851,0.996572,0.998223,0.999809,1.00133,1.00279,1.0042,1.00555,1.00685,1.00809,1.00929,1.01044,1.01155,1.01262,1.01364,1.01463,1.01557,1.01649,1.01736,1.01821,1.01902,1.0198,1.02055,1.02127,1.02197,1.02264,1.02328,1.0239,1.0245,1.02507,1.02562,1.02616,1.02667,1.02716,1.02763,1.02808,1.02852,1.02894,1.02934,1.02973
0.393795,0.401773,0.411493,0.423211,0.43719,0.453654,0.472709,0.494248,0.517874,0.542921,0.56858,0.594087,0.61885,0.642486,0.664796,0.68571,0.705241,0.723446,0.740407,0.756212,0.770951,0.784711,0.797571,0.809606,0.820884,0.831465,0.841406,0.850756,0.859561,0.867862,0.875695,0.883096,0.890094,0.896717,0.902992,0.90894,0.914584,0.919943,0.925036,0.929878,0.934485,0.938871,0.943049,0.947031,0.950828,0.954452,0.95791,0.961214,0.96437,0.967386,0.970271,0.97303,0.975671,0.978199,0.980619,0.982938,0.98516,0.98729,0.989332,0.99129,0.993168,0.994971,0.996701,0.998361,0.999955,1.00149,1.00296,1.00437,1.00573,1.00703,1.00829,1.00949,1.01065,1.01176,1.01283,1.01386,1.01485,1.01581,1.01672,1.01761,1.01845,1.01927,1.02006,1.02081,1.02154,1.02224,1.02291,1.02356,1.02418,1.02478,1.02536,1.02591,1.02644,1.02696,1.02745,1.02793,1.02838,1.02882,1.02924,1.02965,1.03004
0.396273,0.404146,0.41373,0.42527,0.439018,0.455186,0.473882,0.49501,0.518205,0.542843,0.568152,0.593389,0.617961,0.641475,0.663718,0.684605,0.704136,0.722361,0.739353,0.755198,0.769982,0.783789,0.796698,0.808782,0.820108,0.830736,0.840723,0.850117,0.858965,0.867306,0.875179,0.882617,0.889651,0.896309,0.902616,0.908596,0.91427,0.919657,0.924777,0.929645,0.934277,0.938686,0.942887,0.946891,0.950709,0.954352,0.95783,0.961151,0.964324,0.967357,0.970258,0.973032,0.975687,0.978229,0.980663,0.982994,0.985228,0.98737,0.989423,0.991392,0.993281,0.995093,0.996832,0.998502,1.0001,1.00164,1.00312,1.00454,1.00591,1.00722,1.00848,1.00969,1.01086,1.01198,1.01305,1.01409,1.01508,1.01604,1.01696,1.01785,1.0187,1.01952,1.02031,1.02107,1.0218,1.02251,1.02318,1.02383,1.02446,1.02506,1.02564,1.0262,1.02673,1.02725,1.02775,1.02822,1.02868,1.02912,1.02955,1.02995,1.03035
0.398749,0.40652,0.415971,0.427338,0.440861,0.456745,0.475094,0.495825,0.518602,0.542838,0.5678,0.592763,0.617139,0.640525,0.662693,0.683546,0.703071,0.721311,0.738331,0.754213,0.769039,0.78289,0.795846,0.807977,0.819349,0.830023,0.840055,0.849492,0.858381,0.866763,0.874674,0.882149,0.889218,0.89591,0.902249,0.90826,0.913963,0.919379,0.924525,0.929419,0.934075,0.938508,0.942731,0.946756,0.950595,0.954257,0.957754,0.961093,0.964283,0.967332,0.970248,0.973038,0.975707,0.978263,0.98071,0.983054,0.9853,0.987453,0.989517,0.991497,0.993396,0.995218,0.996966,0.998645,1.00026,1.0018,1.00329,1.00472,1.00609,1.00741,1.00868,1.00989,1.01106,1.01219,1.01327,1.01431,1.01532,1.01628,1.01721,1.0181,1.01895,1.01978,1.02057,1.02133,1.02207,1.02278,1.02346,1.02411,1.02474,1.02534,1.02593,1.02649,1.02703,1.02754,1.02804,1.02852,1.02898,1.02943,1.02985,1.03026,1.03065
0.401225,0.408895,0.418216,0.429414,0.442719,0.458328,0.476343,0.49669,0.51906,0.542903,0.56752,0.592208,0.616382,0.639633,0.66172,0.682533,0.702048,0.720297,0.737341,0.753256,0.768121,0.782015,0.795015,0.807191,0.818608,0.829327,0.839401,0.848881,0.857811,0.866232,0.874181,0.881692,0.888795,0.89552,0.901891,0.907932,0.913664,0.919108,0.924281,0.929199,0.93388,0.938336,0.942581,0.946627,0.950486,0.954168,0.957683,0.961039,0.964246,0.967312,0.970243,0.973048,0.975731,0.9783,0.98076,0.983117,0.985375,0.987539,0.989614,0.991604,0.993513,0.995345,0.997103,0.99879,1.00041,1.00197,1.00346,1.0049,1.00628,1.0076,1.00887,1.0101,1.01128,1.01241,1.0135,1.01454,1.01555,1.01652,1.01745,1.01834,1.01921,1.02003,1.02083,1.0216,1.02234,1.02305,1.02373,1.02439,1.02502,1.02563,1.02621,1.02678,1.02732,1.02784,1.02834,1.02882,1.02928,1.02973,1.03016,1.03057,1.03096
0.403699,0.41127,0.420464,0.431498,0.444592,0.459935,0.477627,0.497603,0.519578,0.543036,0.567311,0.591722,0.615689,0.6388,0.6608,0.681566,0.701065,0.719319,0.736383,0.752327,0.767228,0.781163,0.794205,0.806424,0.817885,0.828646,0.838763,0.848283,0.857253,0.865712,0.873698,0.881245,0.888382,0.89514,0.901542,0.907612,0.913373,0.918844,0.924043,0.928987,0.933691,0.93817,0.942437,0.946504,0.950382,0.954083,0.957616,0.96099,0.964214,0.967296,0.970242,0.973061,0.975759,0.978341,0.980814,0.983183,0.985453,0.987629,0.989714,0.991715,0.993634,0.995475,0.997242,0.998938,1.00057,1.00213,1.00363,1.00508,1.00646,1.00779,1.00907,1.01031,1.01149,1.01263,1.01372,1.01477,1.01578,1.01676,1.01769,1.01859,1.01946,1.02029,1.02109,1.02186,1.02261,1.02332,1.02401,1.02467,1.0253,1.02591,1.0265,1.02707,1.02761,1.02813,1.02864,1.02912,1.02959,1.03003,1.03046,1.03088,1.03127
0.406172,0.413646,0.422715,0.433589,0.446479,0.461564,0.478944,0.498562,0.520153,0.543233,0.56717,0.591302,0.61506,0.638024,0.65993,0.680645,0.700122,0.718377,0.735457,0.751427,0.766361,0.780333,0.793415,0.805676,0.817179,0.827982,0.838139,0.8477,0.856708,0.865205,0.873227,0.880808,0.887979,0.894768,0.901201,0.907301,0.91309,0.918588,0.923812,0.928781,0.933508,0.93801,0.942298,0.946386,0.950284,0.954004,0.957555,0.960946,0.964186,0.967284,0.970245,0.973079,0.97579,0.978386,0.980872,0.983253,0.985534,0.987721,0.989818,0.991828,0.993757,0.995608,0.997384,0.999089,1.00073,1.0023,1.00381,1.00526,1.00665,1.00799,1.00928,1.01051,1.0117,1.01285,1.01395,1.015,1.01602,1.017,1.01794,1.01884,1.01971,1.02055,1.02136,1.02213,1.02288,1.02359,1.02428,1.02495,1.02558,1.0262,1.02679,1.02736,1.02791,1.02843,1.02894,1.02942,1.02989,1.03034,1.03077,1.03119,1.03158
0.408643,0.416021,0.424969,0.435687,0.448378,0.463214,0.480292,0.499563,0.520781,0.543493,0.567094,0.590949,0.614493,0.637305,0.659112,0.679769,0.69922,0.717471,0.734562,0.750556,0.76552,0.779527,0.792647,0.804948,0.81649,0.827334,0.83753,0.84713,0.856176,0.864709,0.872767,0.880382,0.887586,0.894406,0.900869,0.906998,0.912815,0.918339,0.923589,0.928581,0.933332,0.937856,0.942165,0.946273,0.950191,0.953929,0.957498,0.960906,0.964163,0.967276,0.970253,0.9731,0.975825,0.978434,0.980932,0.983325,0.985619,0.987816,0.989924,0.991945,0.993883,0.995743,0.997528,0.999242,1.00089,1.00247,1.00398,1.00544,1.00684,1.00819,1.00948,1.01072,1.01192,1.01307,1.01417,1.01524,1.01626,1.01724,1.01818,1.01909,1.01997,1.02081,1.02162,1.0224,1.02315,1.02387,1.02456,1.02523,1.02587,1.02649,1.02708,1.02765,1.0282,1.02873,1.02924,1.02972,1.03019,1.03065,1.03108,1.0315,1.0319
0.411113,0.418397,0.427226,0.437792,0.450289,0.464884,0.48167,0.500605,0.521461,0.543811,0.567082,0.590658,0.613986,0.636642,0.658345,0.678938,0.698358,0.7166,0.7337,0.749713,0.764705,0.778745,0.7919,0.804238,0.81582,0.826701,0.836937,0.846574,0.855657,0.864226,0.872318,0.879966,0.887202,0.894054,0.900546,0.906703,0.912547,0.918097,0.923372,0.928389,0.933162,0.937708,0.942038,0.946166,0.950103,0.95386,0.957446,0.960871,0.964144,0.967272,0.970264,0.973126,0.975864,0.978486,0.980997,0.983402,0.985706,0.987915,0.990033,0.992064,0.994012,0.995881,0.997675,0.999397,1.00105,1.00264,1.00416,1.00563,1.00704,1.00839,1.00969,1.01094,1.01214,1.01329,1.0144,1.01547,1.0165,1.01748,1.01843,1.01935,1.02023,1.02107,1.02188,1.02267,1.02342,1.02414,1.02484,1.02551,1.02615,1.02677,1.02737,1.02794,1.0285,1.02903,1.02954,1.03003,1.0305,1.03095,1.03139,1.03181,1.03221
0.413582,0.420773,0.429485,0.439902,0.452211,0.466573,0.483076,0.501685,0.522189,0.544186,0.567131,0.59043,0.613539,0.636034,0.657627,0.678152,0.697535,0.715765,0.732869,0.748899,0.763915,0.777985,0.791175,0.803548,0.815166,0.826086,0.836358,0.846032,0.85515,0.863754,0.87188,0.879561,0.886829,0.89371,0.900232,0.906417,0.912288,0.917863,0.923163,0.928203,0.932999,0.937566,0.941917,0.946065,0.950021,0.953795,0.957399,0.960841,0.964129,0.967273,0.970279,0.973155,0.975907,0.978541,0.981064,0.983481,0.985797,0.988017,0.990145,0.992186,0.994144,0.996022,0.997825,0.999555,1.00122,1.00281,1.00434,1.00582,1.00723,1.00859,1.0099,1.01115,1.01236,1.01352,1.01463,1.01571,1.01674,1.01773,1.01868,1.0196,1.02048,1.02133,1.02215,1.02294,1.02369,1.02442,1.02512,1.02579,1.02644,1.02706,1.02766,1.02824,1.02879,1.02933,1.02984,1.03033,1.03081,1.03126,1.0317,1.03212,1.03252
0.416049,0.423149,0.431746,0.442018,0.454145,0.468279,0.484508,0.502802,0.522964,0.544616,0.56724,0.590262,0.613149,0.63548,0.656959,0.677411,0.696753,0.714966,0.732071,0.748113,0.763151,0.777249,0.79047,0.802878,0.814531,0.825486,0.835795,0.845504,0.854657,0.863295,0.871454,0.879167,0.886465,0.893376,0.899926,0.906139,0.912036,0.917637,0.92296,0.928023,0.932842,0.93743,0.941802,0.945969,0.949943,0.953736,0.957357,0.960815,0.964119,0.967278,0.970298,0.973188,0.975953,0.9786,0.981136,0.983564,0.985891,0.988121,0.99026,0.992311,0.994278,0.996165,0.997977,0.999716,1.00139,1.00299,1.00453,1.00601,1.00743,1.00879,1.01011,1.01137,1.01258,1.01375,1.01487,1.01594,1.01698,1.01798,1.01894,1.01986,1.02075,1.0216,1.02242,1.02321,1.02397,1.0247,1.0254,1.02608,1.02673,1.02735,1.02796,1.02854,1.02909,1.02963,1.03014,1.03064,1.03111,1.03157,1.03201,1.03243,1.03284
0.418515,0.425525,0.434009,0.44414,0.456088,0.470002,0.485966,0.503954,0.523783,0.545098,0.567405,0.590152,0.612817,0.634979,0.656339,0.676714,0.69601,0.714202,0.731304,0.747356,0.762413,0.776536,0.789786,0.802226,0.813913,0.824903,0.835246,0.844989,0.854177,0.862848,0.871038,0.878783,0.886111,0.893051,0.899629,0.905869,0.911792,0.917418,0.922765,0.927851,0.932691,0.9373,0.941692,0.945878,0.949871,0.953682,0.957319,0.960794,0.964113,0.967287,0.970322,0.973225,0.976003,0.978663,0.98121,0.98365,0.985988,0.988229,0.990378,0.992438,0.994415,0.996312,0.998132,0.999879,1.00156,1.00317,1.00471,1.0062,1.00763,1.009,1.01032,1.01159,1.0128,1.01397,1.0151,1.01618,1.01722,1.01823,1.01919,1.02012,1.02101,1.02186,1.02269,1.02348,1.02424,1.02498,1.02569,1.02636,1.02702,1.02765,1.02825,1.02883,1.02939,1.02993,1.03045,1.03094,1.03142,1.03188,1.03232,1.03274,1.03315
0.420979,0.4279,0.436275,0.446267,0.458041,0.471741,0.487448,0.505139,0.524645,0.54563,0.567625,0.590098,0.61254,0.634531,0.655768,0.67606,0.695307,0.713473,0.730568,0.746627,0.7617,0.775846,0.789124,0.801594,0.813313,0.824336,0.834712,0.844489,0.853709,0.862412,0.870635,0.878409,0.885767,0.892736,0.899342,0.905607,0.911556,0.917206,0.922576,0.927685,0.932547,0.937177,0.941588,0.945793,0.949805,0.953632,0.957286,0.960777,0.964112,0.9673,0.970349,0.973266,0.976057,0.978729,0.981288,0.98374,0.986089,0.98834,0.990499,0.992569,0.994555,0.99646,0.998289,1.00004,1.00173,1.00335,1.0049,1.00639,1.00783,1.00921,1.01053,1.0118,1.01303,1.01421,1.01534,1.01642,1.01747,1.01848,1.01944,1.02037,1.02127,1.02213,1.02296,1.02376,1.02452,1.02526,1.02597,1.02665,1.02731,1.02794,1.02855,1.02913,1.02969,1.03023,1.03075,1.03125,1.03173,1.03219,1.03263,1.03306,1.03347
0.423442,0.430276,0.438542,0.448398,0.460004,0.473495,0.488952,0.506356,0.525547,0.54621,0.567899,0.5901,0.612317,0.634134,0.655244,0.67545,0.694643,0.71278,0.729864,0.745927,0.761014,0.77518,0.788483,0.800981,0.812731,0.823785,0.834194,0.844003,0.853255,0.861989,0.870242,0.878046,0.885433,0.89243,0.899062,0.905354,0.911327,0.917001,0.922395,0.927526,0.932409,0.937059,0.94149,0.945714,0.949743,0.953588,0.957259,0.960765,0.964115,0.967318,0.97038,0.97331,0.976115,0.978799,0.98137,0.983832,0.986192,0.988454,0.990623,0.992702,0.994697,0.996612,0.998449,1.00021,1.0019,1.00353,1.00509,1.00659,1.00803,1.00942,1.01075,1.01203,1.01326,1.01444,1.01557,1.01667,1.01772,1.01873,1.0197,1.02064,1.02153,1.0224,1.02323,1.02403,1.0248,1.02554,1.02625,1.02694,1.0276,1.02823,1.02884,1.02943,1.02999,1.03053,1.03106,1.03156,1.03204,1.0325,1.03295,1.03337,1.03378
0.425903,0.432651,0.44081,0.450534,0.461975,0.475264,0.490478,0.507602,0.526488,0.546836,0.568223,0.590155,0.612147,0.633787,0.654767,0.674882,0.694017,0.712121,0.729192,0.745255,0.760352,0.774536,0.787863,0.800388,0.812167,0.823251,0.833691,0.84353,0.852813,0.861578,0.869861,0.877694,0.885109,0.892133,0.898792,0.905109,0.911107,0.916804,0.922221,0.927373,0.932277,0.936947,0.941397,0.94564,0.949687,0.953548,0.957235,0.960757,0.964122,0.967339,0.970416,0.973359,0.976176,0.978872,0.981455,0.983929,0.986299,0.988571,0.99075,0.992839,0.994843,0.996766,0.998611,1.00038,1.00208,1.00372,1.00528,1.00679,1.00824,1.00963,1.01097,1.01225,1.01349,1.01467,1.01581,1.01691,1.01797,1.01898,1.01996,1.0209,1.0218,1.02267,1.0235,1.02431,1.02508,1.02583,1.02654,1.02723,1.02789,1.02853,1.02914,1.02973,1.03029,1.03084,1.03136,1.03187,1.03235,1.03281,1.03326,1.03369,1.0341
0.428362,0.435025,0.44308,0.452674,0.463954,0.477046,0.492025,0.508877,0.527465,0.547507,0.568597,0.590261,0.612028,0.63349,0.654337,0.674357,0.69343,0.711497,0.728551,0.744611,0.759717,0.773916,0.787264,0.799814,0.81162,0.822733,0.833202,0.843072,0.852385,0.861179,0.869491,0.877352,0.884795,0.891846,0.89853,0.904872,0.910894,0.916615,0.922053,0.927227,0.932152,0.936842,0.941311,0.945571,0.949635,0.953514,0.957217,0.960754,0.964134,0.967365,0.970455,0.973411,0.976241,0.978949,0.981543,0.984028,0.986409,0.988691,0.990879,0.992978,0.994991,0.996922,0.998776,1.00055,1.00226,1.0039,1.00548,1.00699,1.00845,1.00984,1.01119,1.01248,1.01372,1.01491,1.01606,1.01716,1.01822,1.01924,1.02022,1.02116,1.02207,1.02294,1.02378,1.02459,1.02536,1.02611,1.02683,1.02752,1.02818,1.02882,1.02944,1.03003,1.0306,1.03114,1.03167,1.03218,1.03266,1.03313,1.03358,1.03401,1.03442
0.43082,0.437399,0.445351,0.454818,0.465941,0.478841,0.493591,0.51018,0.528478,0.548219,0.569018,0.590418,0.61196,0.633242,0.653951,0.673874,0.69288,0.710908,0.727941,0.743996,0.759106,0.773319,0.786686,0.799259,0.811091,0.822232,0.832729,0.842628,0.851969,0.860792,0.869132,0.877021,0.884491,0.891567,0.898277,0.904644,0.910689,0.916433,0.921893,0.927088,0.932033,0.936742,0.94123,0.945508,0.94959,0.953484,0.957203,0.960756,0.96415,0.967395,0.970499,0.973468,0.976309,0.97903,0.981635,0.984131,0.986522,0.988814,0.991012,0.99312,0.995142,0.997081,0.998943,1.00073,1.00245,1.00409,1.00568,1.0072,1.00866,1.01006,1.01141,1.0127,1.01395,1.01515,1.0163,1.01741,1.01847,1.01949,1.02048,1.02143,1.02234,1.02321,1.02406,1.02487,1.02565,1.0264,1.02712,1.02781,1.02848,1.02912,1.02974,1.03033,1.0309,1.03145,1.03198,1.03249,1.03297,1.03344,1.03389,1.03432,1.03474
0.433276,0.439773,0.447623,0.456966,0.467935,0.480648,0.495176,0.511508,0.529524,0.548972,0.569485,0.590623,0.611941,0.63304,0.65361,0.673432,0.692369,0.710353,0.727362,0.743408,0.758522,0.772746,0.786129,0.798724,0.810579,0.821746,0.832271,0.842197,0.851567,0.860417,0.868784,0.876701,0.884196,0.891299,0.898033,0.904424,0.910492,0.916258,0.92174,0.926955,0.93192,0.936648,0.941154,0.945451,0.949549,0.95346,0.957194,0.960762,0.964171,0.967429,0.970546,0.973528,0.976382,0.979114,0.98173,0.984236,0.986638,0.98894,0.991148,0.993265,0.995295,0.997243,0.999113,1.00091,1.00263,1.00429,1.00587,1.0074,1.00887,1.01028,1.01163,1.01293,1.01418,1.01539,1.01654,1.01765,1.01872,1.01975,1.02074,1.02169,1.02261,1.02349,1.02433,1.02515,1.02593,1.02668,1.02741,1.0281,1.02877,1.02942,1.03004,1.03063,1.03121,1.03176,1.03229,1.0328,1.03329,1.03376,1.03421,1.03464,1.03506
0.435731,0.442146,0.449897,0.459117,0.469936,0.482467,0.496778,0.512861,0.530602,0.549764,0.569996,0.590875,0.611969,0.632885,0.653314,0.67303,0.691895,0.709832,0.726814,0.742849,0.757962,0.772195,0.785594,0.798207,0.810086,0.821277,0.831827,0.84178,0.851177,0.860054,0.868448,0.876391,0.883912,0.891039,0.897798,0.904212,0.910303,0.916091,0.921594,0.926829,0.931813,0.936561,0.941085,0.945398,0.949513,0.953441,0.95719,0.960772,0.964195,0.967468,0.970598,0.973592,0.976458,0.979201,0.981829,0.984346,0.986758,0.98907,0.991286,0.993412,0.995451,0.997408,0.999286,1.00109,1.00282,1.00448,1.00608,1.00761,1.00908,1.0105,1.01186,1.01316,1.01442,1.01563,1.01679,1.01791,1.01898,1.02001,1.021,1.02196,1.02288,1.02376,1.02461,1.02543,1.02621,1.02697,1.0277,1.0284,1.02907,1.02972,1.03034,1.03094,1.03151,1.03207,1.0326,1.03311,1.0336,1.03407,1.03453,1.03496,1.03538
0.438184,0.444518,0.452171,0.461271,0.471944,0.484297,0.498397,0.514237,0.531711,0.550593,0.570549,0.591173,0.612043,0.632776,0.65306,0.672669,0.691457,0.709344,0.726297,0.742317,0.757428,0.771667,0.785079,0.79771,0.80961,0.820824,0.831399,0.841378,0.8508,0.859704,0.868123,0.876091,0.883637,0.890789,0.897571,0.904008,0.910121,0.915931,0.921454,0.92671,0.931713,0.936479,0.941021,0.945352,0.949483,0.953426,0.957191,0.960788,0.964225,0.96751,0.970653,0.97366,0.976537,0.979292,0.981931,0.984458,0.98688,0.989202,0.991428,0.993562,0.99561,0.997575,0.999461,1.00127,1.00301,1.00468,1.00628,1.00782,1.0093,1.01072,1.01208,1.0134,1.01466,1.01587,1.01704,1.01816,1.01924,1.02027,1.02127,1.02223,1.02315,1.02404,1.02489,1.02571,1.0265,1.02726,1.02799,1.02869,1.02937,1.03002,1.03064,1.03124,1.03182,1.03238,1.03291,1.03342,1.03392,1.03439,1.03484,1.03528,1.0357
0.440635,0.44689,0.454446,0.463429,0.473958,0.486138,0.500032,0.515636,0.532849,0.551458,0.571143,0.591514,0.612163,0.632711,0.652849,0.672347,0.691057,0.70889,0.72581,0.741813,0.756919,0.771163,0.784585,0.797233,0.809151,0.820388,0.830986,0.840989,0.850436,0.859365,0.86781,0.875802,0.883373,0.890548,0.897353,0.903813,0.909948,0.915778,0.921322,0.926597,0.93162,0.936404,0.940963,0.94531,0.949458,0.953417,0.957196,0.960807,0.964258,0.967557,0.970713,0.973731,0.976621,0.979387,0.982036,0.984574,0.987006,0.989337,0.991572,0.993716,0.995772,0.997745,0.999638,1.00146,1.0032,1.00488,1.00648,1.00803,1.00952,1.01094,1.01231,1.01363,1.0149,1.01612,1.01729,1.01841,1.0195,1.02054,1.02154,1.0225,1.02343,1.02432,1.02517,1.026,1.02679,1.02755,1.02828,1.02899,1.02967,1.03032,1.03095,1.03155,1.03213,1.03269,1.03322,1.03374,1.03423,1.03471,1.03516,1.0356,1.03602
0.443085,0.449261,0.456722,0.465589,0.475978,0.487989,0.501683,0.517057,0.534016,0.552357,0.571776,0.591899,0.612326,0.632689,0.652679,0.672065,0.690692,0.708469,0.725353,0.741336,0.756435,0.770681,0.784113,0.796774,0.808711,0.819967,0.830588,0.840614,0.850086,0.859038,0.867507,0.875524,0.883118,0.890316,0.897144,0.903626,0.909782,0.915633,0.921197,0.926491,0.931532,0.936334,0.940911,0.945275,0.949438,0.953412,0.957207,0.960832,0.964296,0.967608,0.970776,0.973807,0.976708,0.979485,0.982145,0.984693,0.987135,0.989475,0.991719,0.993872,0.995936,0.997917,0.999818,1.00164,1.00339,1.00508,1.00669,1.00824,1.00974,1.01117,1.01255,1.01387,1.01514,1.01636,1.01754,1.01867,1.01976,1.0208,1.02181,1.02277,1.0237,1.0246,1.02546,1.02628,1.02708,1.02784,1.02858,1.02929,1.02997,1.03062,1.03125,1.03186,1.03244,1.033,1.03353,1.03405,1.03455,1.03503,1.03548,1.03592,1.03635
0.445533,0.451631,0.458999,0.467752,0.478004,0.489849,0.503348,0.518498,0.535209,0.553289,0.572448,0.592324,0.612533,0.63271,0.65255,0.671821,0.690363,0.708081,0.724926,0.740887,0.755976,0.770222,0.783661,0.796335,0.808287,0.819563,0.830205,0.840254,0.849748,0.858724,0.867216,0.875256,0.882873,0.890094,0.896944,0.903447,0.909624,0.915495,0.921079,0.926392,0.931451,0.93627,0.940864,0.945244,0.949423,0.953412,0.957221,0.96086,0.964338,0.967663,0.970843,0.973886,0.976798,0.979587,0.982257,0.984815,0.987267,0.989617,0.99187,0.99403,0.996103,0.998092,1,1.00183,1.00359,1.00528,1.0069,1.00846,1.00996,1.0114,1.01278,1.01411,1.01538,1.01661,1.01779,1.01893,1.02002,1.02107,1.02208,1.02305,1.02398,1.02488,1.02574,1.02657,1.02737,1.02814,1.02887,1.02959,1.03027,1.03093,1.03156,1.03216,1.03275,1.03331,1.03385,1.03437,1.03487,1.03534,1.0358,1.03625,1.03667
0.447979,0.454,0.461276,0.469918,0.480035,0.491718,0.505027,0.519958,0.536428,0.554253,0.573156,0.59279,0.61278,0.632772,0.652461,0.671615,0.690069,0.707725,0.724529,0.740465,0.755542,0.769786,0.78323,0.795914,0.807882,0.819175,0.829837,0.839907,0.849423,0.858421,0.866936,0.874999,0.882638,0.889881,0.896752,0.903276,0.909474,0.915365,0.920967,0.926299,0.931376,0.936213,0.940823,0.945219,0.949414,0.953418,0.957241,0.960894,0.964385,0.967722,0.970915,0.973969,0.976893,0.979692,0.982372,0.984941,0.987402,0.989761,0.992023,0.994192,0.996273,0.998269,1.00019,1.00202,1.00379,1.00549,1.00711,1.00868,1.01018,1.01163,1.01301,1.01435,1.01563,1.01686,1.01805,1.01919,1.02028,1.02133,1.02235,1.02332,1.02426,1.02516,1.02602,1.02686,1.02766,1.02843,1.02917,1.02988,1.03057,1.03123,1.03186,1.03247,1.03306,1.03362,1.03416,1.03468,1.03518,1.03566,1.03613,1.03657,1.037
0.450424,0.456369,0.463554,0.472086,0.482071,0.493597,0.506719,0.521437,0.537671,0.555247,0.573899,0.593294,0.613068,0.632874,0.652412,0.671446,0.68981,0.707401,0.724161,0.74007,0.755133,0.769372,0.782819,0.795513,0.807494,0.818804,0.829484,0.839573,0.849111,0.858131,0.866668,0.874752,0.882413,0.889677,0.89657,0.903114,0.909331,0.915241,0.920863,0.926213,0.931308,0.936161,0.940788,0.9452,0.94941,0.953428,0.957265,0.960932,0.964436,0.967786,0.97099,0.974056,0.976991,0.9798,0.982491,0.985069,0.98754,0.989908,0.992179,0.994356,0.996445,0.99845,1.00037,1.00222,1.00399,1.00569,1.00733,1.0089,1.01041,1.01186,1.01325,1.01459,1.01588,1.01711,1.0183,1.01945,1.02055,1.0216,1.02262,1.0236,1.02454,1.02544,1.02631,1.02715,1.02795,1.02873,1.02947,1.03019,1.03087,1.03154,1.03217,1.03278,1.03337,1.03394,1.03448,1.035,1.0355,1.03599,1.03645,1.03689,1.03732
0.452867,0.458736,0.465832,0.474257,0.484112,0.495483,0.508424,0.522934,0.538938,0.55627,0.574676,0.593835,0.613396,0.633016,0.6524,0.671313,0.689586,0.707109,0.723823,0.739702,0.754748,0.768981,0.782429,0.79513,0.807123,0.818448,0.829145,0.839254,0.848811,0.857852,0.86641,0.874516,0.882197,0.889482,0.896396,0.90296,0.909197,0.915126,0.920766,0.926134,0.931245,0.936115,0.940758,0.945186,0.94941,0.953443,0.957294,0.960974,0.964491,0.967853,0.97107,0.974147,0.977092,0.979913,0.982614,0.985201,0.987681,0.990058,0.992338,0.994523,0.99662,0.998632,1.00056,1.00242,1.0042,1.0059,1.00755,1.00912,1.01064,1.01209,1.01349,1.01483,1.01613,1.01737,1.01856,1.01971,1.02081,1.02187,1.02289,1.02387,1.02482,1.02573,1.0266,1.02744,1.02825,1.02902,1.02977,1.03049,1.03118,1.03184,1.03248,1.03309,1.03368,1.03425,1.0348,1.03532,1.03582,1.03631,1.03677,1.03722,1.03765
0.455308,0.461103,0.46811,0.476429,0.486157,0.497377,0.510141,0.524449,0.540228,0.557321,0.575486,0.594413,0.613761,0.633197,0.652427,0.671217,0.689395,0.706849,0.723513,0.73936,0.754388,0.768612,0.78206,0.794767,0.80677,0.818109,0.828822,0.838949,0.848525,0.857586,0.866164,0.87429,0.881992,0.889297,0.89623,0.902814,0.90907,0.915017,0.920675,0.926061,0.931189,0.936076,0.940734,0.945177,0.949416,0.953463,0.957328,0.961021,0.96455,0.967925,0.971153,0.974241,0.977198,0.980028,0.982739,0.985337,0.987826,0.990212,0.992499,0.994693,0.996798,0.998818,1.00076,1.00262,1.0044,1.00612,1.00776,1.00935,1.01087,1.01233,1.01373,1.01508,1.01638,1.01762,1.01882,1.01997,1.02108,1.02214,1.02317,1.02415,1.0251,1.02601,1.02689,1.02773,1.02854,1.02932,1.03007,1.03079,1.03148,1.03215,1.03279,1.03341,1.034,1.03457,1.03511,1.03564,1.03615,1.03663,1.0371,1.03754,1.03797
0.457747,0.463469,0.470389,0.478603,0.488207,0.499279,0.51187,0.525979,0.541539,0.558399,0.576327,0.595025,0.614163,0.633415,0.652491,0.671156,0.689238,0.70662,0.723233,0.739045,0.754052,0.768266,0.781712,0.794422,0.806434,0.817785,0.828514,0.838657,0.848252,0.857331,0.865929,0.874074,0.881796,0.889121,0.896073,0.902676,0.90895,0.914916,0.920592,0.925994,0.931139,0.936042,0.940716,0.945174,0.949427,0.953488,0.957367,0.961072,0.964614,0.968001,0.97124,0.97434,0.977307,0.980147,0.982868,0.985475,0.987973,0.990368,0.992664,0.994866,0.996979,0.999005,1.00095,1.00282,1.00461,1.00633,1.00799,1.00957,1.0111,1.01256,1.01397,1.01533,1.01663,1.01788,1.01908,1.02024,1.02135,1.02242,1.02345,1.02443,1.02539,1.0263,1.02718,1.02802,1.02884,1.02962,1.03037,1.03109,1.03179,1.03246,1.0331,1.03372,1.03431,1.03488,1.03543,1.03596,1.03647,1.03695,1.03742,1.03787,1.0383
0.460185,0.465834,0.472667,0.480779,0.490261,0.501188,0.513609,0.527525,0.542871,0.559503,0.577199,0.595671,0.614601,0.633669,0.65259,0.67113,0.689113,0.706421,0.722981,0.738756,0.75374,0.767941,0.781383,0.794096,0.806116,0.817478,0.82822,0.838379,0.847991,0.857089,0.865705,0.873869,0.88161,0.888954,0.895925,0.902546,0.908839,0.914822,0.920515,0.925934,0.931096,0.936014,0.940703,0.945176,0.949444,0.953518,0.95741,0.961128,0.964682,0.96808,0.971331,0.974442,0.977419,0.98027,0.983001,0.985617,0.988124,0.990527,0.992831,0.995042,0.997162,0.999196,1.00115,1.00302,1.00482,1.00655,1.00821,1.0098,1.01133,1.0128,1.01422,1.01558,1.01688,1.01814,1.01934,1.02051,1.02162,1.02269,1.02372,1.02472,1.02567,1.02659,1.02747,1.02832,1.02913,1.02992,1.03067,1.0314,1.0321,1.03277,1.03341,1.03403,1.03463,1.0352,1.03575,1.03628,1.03679,1.03728,1.03775,1.0382,1.03863
0.462621,0.468198,0.474946,0.482957,0.492319,0.503104,0.51536,0.529087,0.544223,0.560632,0.5781,0.596351,0.615074,0.63396,0.652725,0.671138,0.689021,0.706253,0.722757,0.738494,0.753452,0.767639,0.781075,0.793789,0.805814,0.817186,0.827941,0.838115,0.847743,0.856858,0.865492,0.873675,0.881434,0.888797,0.895786,0.902425,0.908735,0.914736,0.920446,0.925881,0.931059,0.935992,0.940696,0.945183,0.949465,0.953553,0.957458,0.961188,0.964754,0.968164,0.971426,0.974548,0.977535,0.980396,0.983136,0.985762,0.988278,0.990689,0.993002,0.99522,0.997347,0.999389,1.00135,1.00323,1.00503,1.00677,1.00843,1.01003,1.01157,1.01305,1.01446,1.01583,1.01714,1.0184,1.01961,1.02077,1.02189,1.02297,1.024,1.025,1.02596,1.02688,1.02776,1.02861,1.02943,1.03022,1.03098,1.03171,1.03241,1.03308,1.03373,1.03435,1.03495,1.03552,1.03607,1.0366,1.03711,1.0376,1.03807,1.03853,1.03896
0.465055,0.47056,0.477225,0.485137,0.49438,0.505026,0.51712,0.530662,0.545594,0.561785,0.579029,0.597061,0.615581,0.634285,0.652895,0.671179,0.688961,0.706114,0.72256,0.738256,0.753188,0.767359,0.780787,0.793501,0.80553,0.816911,0.827677,0.837865,0.847508,0.856639,0.86529,0.873491,0.881268,0.888648,0.895655,0.902312,0.908639,0.914657,0.920383,0.925835,0.931027,0.935976,0.940695,0.945196,0.949492,0.953593,0.95751,0.961253,0.964831,0.968252,0.971525,0.974657,0.977655,0.980526,0.983275,0.98591,0.988434,0.990854,0.993175,0.995401,0.997536,0.999584,1.00155,1.00344,1.00525,1.00699,1.00866,1.01027,1.01181,1.01329,1.01471,1.01608,1.0174,1.01866,1.01988,1.02104,1.02217,1.02325,1.02429,1.02529,1.02625,1.02717,1.02806,1.02891,1.02973,1.03052,1.03128,1.03201,1.03272,1.03339,1.03404,1.03466,1.03526,1.03584,1.03639,1.03693,1.03744,1.03793,1.0384,1.03885,1.03929
0.467488,0.472922,0.479504,0.487318,0.496445,0.506955,0.51889,0.532252,0.546983,0.56296,0.579985,0.597802,0.616121,0.634644,0.653098,0.671254,0.688932,0.706006,0.722392,0.738045,0.752947,0.7671,0.780519,0.793231,0.805263,0.816651,0.827427,0.837628,0.847285,0.856432,0.8651,0.873317,0.881112,0.888509,0.895533,0.902207,0.908551,0.914585,0.920327,0.925794,0.931003,0.935966,0.940699,0.945214,0.949523,0.953637,0.957567,0.961322,0.964912,0.968345,0.971628,0.974771,0.977779,0.980659,0.983418,0.986061,0.988594,0.991023,0.993351,0.995584,0.997727,0.999783,1.00176,1.00365,1.00547,1.00721,1.00889,1.0105,1.01205,1.01353,1.01496,1.01634,1.01766,1.01892,1.02014,1.02132,1.02244,1.02353,1.02457,1.02557,1.02654,1.02746,1.02835,1.02921,1.03003,1.03083,1.03159,1.03232,1.03303,1.0337,1.03436,1.03498,1.03558,1.03616,1.03672,1.03725,1.03776,1.03826,1.03873,1.03918,1.03962
0.469919,0.475283,0.481782,0.4895,0.498514,0.50889,0.520669,0.533854,0.54839,0.564158,0.580968,0.598573,0.616692,0.635036,0.653335,0.671361,0.688934,0.705926,0.72225,0.737859,0.75273,0.766863,0.780272,0.792979,0.805013,0.816407,0.827193,0.837405,0.847075,0.856237,0.86492,0.873154,0.880965,0.888379,0.89542,0.90211,0.90847,0.91452,0.920278,0.925761,0.930984,0.935962,0.940709,0.945238,0.94956,0.953687,0.957629,0.961396,0.964997,0.968441,0.971735,0.974888,0.977906,0.980795,0.983563,0.986215,0.988757,0.991194,0.99353,0.995771,0.997921,0.999983,1.00196,1.00386,1.00569,1.00744,1.00912,1.01074,1.01229,1.01378,1.01522,1.01659,1.01792,1.01919,1.02041,1.02159,1.02272,1.02381,1.02485,1.02586,1.02683,1.02776,1.02865,1.02951,1.03034,1.03113,1.0319,1.03263,1.03334,1.03402,1.03467,1.0353,1.0359,1.03648,1.03704,1.03758,1.03809,1.03858,1.03906,1.03951,1.03995
0.472348,0.477642,0.484061,0.491683,0.500585,0.51083,0.522457,0.535469,0.549814,0.565377,0.581976,0.599373,0.617295,0.63546,0.653604,0.671499,0.688967,0.705875,0.722136,0.737698,0.752536,0.766647,0.780044,0.792746,0.80478,0.816179,0.826972,0.837195,0.846878,0.856054,0.864752,0.873001,0.880828,0.888258,0.895315,0.902021,0.908397,0.914463,0.920236,0.925734,0.930972,0.935964,0.940725,0.945267,0.949602,0.953741,0.957695,0.961474,0.965086,0.968541,0.971846,0.975009,0.978036,0.980935,0.983712,0.986373,0.988923,0.991368,0.993712,0.99596,0.998117,1.00019,1.00217,1.00408,1.00591,1.00767,1.00936,1.01098,1.01253,1.01403,1.01547,1.01685,1.01818,1.01946,1.02068,1.02186,1.023,1.02409,1.02514,1.02615,1.02712,1.02805,1.02895,1.02981,1.03064,1.03144,1.0322,1.03294,1.03365,1.03433,1.03499,1.03562,1.03622,1.03681,1.03736,1.0379,1.03842,1.03891,1.03939,1.03985,1.04028
