CH4 Specific Heat [J kg^-1 K^-1] CoolProp
7.96566e+06,9047.71,6104.06,4973.45,4356.71,3962.28,3685.97,3480.76,3322.1,3195.82,3093.1,3008.13,2936.92,2876.64,2825.18,2780.98,2742.83,2709.79,2681.12,2656.2,2634.55,2615.77,2599.52,2585.52,2573.53,2563.35,2554.81,2547.75,2542.05,2537.59,2534.26,2531.99,2530.69,2530.29,2530.72,2531.93,2533.87,2536.49,2539.74,2543.59,2548,2552.93,2558.36,2564.25,2570.58,2577.33,2584.47,2591.97,2599.83,2608.01,2616.51,2625.3,2634.37,2643.7,2653.29,2663.1,2673.15,2683.4,2693.85,2704.5,2715.32,2726.31,2737.46,2748.76,2760.2,2771.78,2783.48,2795.31,2807.25,2819.29,2831.43,2843.67,2856,2868.41,2880.89,2893.45,2906.08,2918.77,2931.52,2944.33,2957.19,2970.09,2983.04,2996.03,3009.06,3022.12,3035.22,3048.34,3061.49,3074.66,3087.85,3101.06,3114.28,3127.52,3140.77,3154.04,3167.31,3180.58,3193.86,3207.14,3220.43
26390.5,10587,6558.88,5205.03,4502.27,4064.57,3762.97,3541.46,3371.57,3237.15,3128.31,3038.59,2963.63,2900.29,2846.33,2800.04,2760.12,2725.57,2695.59,2669.54,2646.9,2627.25,2610.22,2595.53,2582.92,2572.18,2563.13,2555.62,2549.5,2544.65,2540.98,2538.38,2536.78,2536.11,2536.29,2537.26,2538.98,2541.39,2544.45,2548.11,2552.35,2557.12,2562.4,2568.15,2574.35,2580.97,2587.99,2595.38,2603.13,2611.21,2619.61,2628.31,2637.29,2646.54,2656.04,2665.78,2675.75,2685.93,2696.32,2706.9,2717.66,2728.59,2739.68,2750.92,2762.31,2773.84,2785.5,2797.28,2809.17,2821.17,2833.27,2845.47,2857.75,2870.12,2882.57,2895.1,2907.69,2920.35,2933.07,2945.84,2958.67,2971.55,2984.47,2997.43,3010.43,3023.47,3036.53,3049.63,3062.76,3075.9,3089.07,3102.26,3115.46,3128.68,3141.91,3155.16,3168.41,3181.66,3194.92,3208.19,3221.45
17890.8,12889.2,7103.18,5464.5,4660.26,4173.56,3844,3604.8,3422.86,3279.8,3164.49,3069.81,2990.91,2924.41,2867.85,2819.4,2777.66,2741.56,2710.24,2683.03,2659.38,2638.83,2621.01,2605.62,2592.38,2581.07,2571.51,2563.53,2556.99,2551.76,2547.73,2544.81,2542.9,2541.95,2541.87,2542.6,2544.1,2546.3,2549.16,2552.65,2556.71,2561.33,2566.45,2572.06,2578.12,2584.62,2591.51,2598.79,2606.43,2614.41,2622.71,2631.32,2640.21,2649.37,2658.79,2668.46,2678.35,2688.47,2698.78,2709.3,2719.99,2730.87,2741.9,2753.09,2764.43,2775.9,2787.51,2799.24,2811.09,2823.04,2835.1,2847.26,2859.51,2871.84,2884.25,2896.74,2909.3,2921.92,2934.61,2947.35,2960.15,2973,2985.89,2998.83,3011.8,3024.81,3037.85,3050.92,3064.02,3077.15,3090.3,3103.46,3116.64,3129.84,3143.05,3156.28,3169.51,3182.74,3195.99,3209.23,3222.48
14479.4,16658.1,7764.33,5756.74,4832.16,4289.81,3929.35,3670.92,3476.05,3323.8,3201.69,3101.79,3018.79,2949,2889.75,2839.06,2795.45,2757.75,2725.07,2696.67,2671.98,2650.52,2631.9,2615.79,2601.91,2590.03,2579.94,2571.49,2564.52,2558.89,2554.51,2551.25,2549.05,2547.81,2547.47,2547.96,2549.23,2551.22,2553.89,2557.19,2561.09,2565.54,2570.51,2575.98,2581.9,2588.27,2595.04,2602.21,2609.74,2617.61,2625.82,2634.33,2643.13,2652.21,2661.55,2671.14,2680.96,2691,2701.25,2711.7,2722.33,2733.14,2744.12,2755.26,2766.54,2777.97,2789.52,2801.21,2813.01,2824.92,2836.94,2849.05,2861.26,2873.55,2885.93,2898.38,2910.91,2923.5,2936.15,2948.87,2961.63,2974.45,2987.31,3000.22,3013.17,3026.15,3039.17,3052.22,3065.29,3078.39,3091.52,3104.66,3117.82,3131,3144.19,3157.39,3170.6,3183.82,3197.05,3210.28,3223.51
12558.5,23617.8,8580.76,6087.71,5019.65,4413.98,4019.3,3739.96,3531.22,3369.21,3239.91,3134.55,3047.28,2974.07,2912.03,2859.04,2813.49,2774.16,2740.07,2710.46,2684.71,2662.32,2642.88,2626.04,2611.5,2599.04,2588.43,2579.5,2572.09,2566.07,2561.32,2557.73,2555.22,2553.69,2553.09,2553.34,2554.38,2556.16,2558.63,2561.75,2565.47,2569.75,2574.57,2579.9,2585.69,2591.92,2598.58,2605.63,2613.05,2620.82,2628.92,2637.34,2646.05,2655.05,2664.31,2673.82,2683.56,2693.53,2703.72,2714.1,2724.67,2735.42,2746.34,2757.42,2768.65,2780.03,2791.54,2803.17,2814.93,2826.8,2838.77,2850.84,2863.01,2875.27,2887.61,2900.02,2912.51,2925.07,2937.69,2950.37,2963.11,2975.9,2988.73,3001.61,3014.53,3027.49,3040.48,3053.51,3066.56,3079.64,3092.74,3105.86,3119,3132.16,3145.33,3158.51,3171.7,3184.9,3198.11,3211.32,3224.53
11298.4,37450.6,9607.22,6464.63,5224.64,4546.75,4114.16,3812.08,3588.46,3416.07,3279.2,3168.11,3076.38,2999.62,2934.7,2879.33,2831.8,2790.78,2755.25,2724.4,2697.57,2674.23,2653.95,2636.37,2621.17,2608.11,2596.96,2587.55,2579.7,2573.27,2568.16,2564.23,2561.41,2559.6,2558.73,2558.73,2559.54,2561.11,2563.38,2566.31,2569.86,2573.98,2578.65,2583.82,2589.48,2595.58,2602.12,2609.05,2616.36,2624.03,2632.03,2640.35,2648.98,2657.89,2667.07,2676.5,2686.17,2696.07,2706.18,2716.5,2727.01,2737.7,2748.56,2759.59,2770.77,2782.09,2793.55,2805.14,2816.85,2828.67,2840.6,2852.63,2864.76,2876.98,2889.28,2901.66,2914.12,2926.64,2939.23,2951.88,2964.59,2977.35,2990.15,3003.01,3015.9,3028.83,3041.8,3054.8,3067.82,3080.88,3093.96,3107.06,3120.18,3133.31,3146.46,3159.62,3172.8,3185.98,3199.17,3212.36,3225.56
10395.3,49637.1,10921.7,6896.29,5449.27,4688.87,4214.24,3887.43,3647.84,3464.43,3319.58,3202.48,3106.11,3025.66,2957.76,2899.94,2850.35,2807.61,2770.6,2738.48,2710.55,2686.25,2665.11,2646.77,2630.9,2617.24,2605.55,2595.64,2587.35,2580.52,2575.03,2570.76,2567.62,2565.52,2564.39,2564.14,2564.72,2566.07,2568.14,2570.89,2574.26,2578.21,2582.72,2587.75,2593.27,2599.25,2605.66,2612.47,2619.67,2627.24,2635.14,2643.37,2651.91,2660.73,2669.82,2679.18,2688.77,2698.6,2708.65,2718.9,2729.35,2739.98,2750.78,2761.75,2772.88,2784.15,2795.56,2807.1,2818.76,2830.54,2842.43,2854.42,2866.51,2878.69,2890.96,2903.3,2915.72,2928.21,2940.77,2953.39,2966.07,2978.79,2991.57,3004.4,3017.26,3030.17,3043.11,3056.08,3069.09,3082.12,3095.17,3108.25,3121.35,3134.46,3147.59,3160.74,3173.89,3187.05,3200.22,3213.4,3226.58
9709.67,35609.4,12632.2,7393.2,5695.96,4841.17,4319.88,3966.18,3709.44,3514.33,3361.07,3237.69,3136.47,3052.2,2981.21,2920.86,2869.17,2824.65,2786.14,2752.72,2723.66,2698.37,2676.37,2657.26,2640.71,2626.43,2614.19,2603.78,2595.03,2587.79,2581.93,2577.32,2573.86,2571.47,2570.06,2569.57,2569.91,2571.05,2572.92,2575.47,2578.66,2582.46,2586.81,2591.69,2597.07,2602.92,2609.2,2615.9,2622.99,2630.45,2638.25,2646.39,2654.83,2663.57,2672.58,2681.86,2691.38,2701.14,2711.11,2721.3,2731.69,2742.26,2753,2763.92,2774.99,2786.21,2797.57,2809.06,2820.68,2832.41,2844.26,2856.21,2868.26,2880.4,2892.63,2904.94,2917.33,2929.78,2942.31,2954.9,2967.54,2980.24,2992.99,3005.78,3018.62,3031.5,3044.42,3057.37,3070.35,3083.36,3096.39,3109.45,3122.52,3135.62,3148.73,3161.85,3174.98,3188.13,3201.28,3214.44,3227.6
9167.44,24155.4,14873.7,7967.77,5967.36,5004.49,4431.44,4048.48,3773.36,3565.83,3403.71,3273.74,3167.48,3079.23,3005.06,2942.1,2888.25,2841.91,2801.85,2767.1,2736.89,2710.6,2687.71,2667.82,2650.57,2635.68,2622.88,2611.97,2602.76,2595.1,2588.85,2583.9,2580.12,2577.44,2575.76,2575.01,2575.12,2576.04,2577.7,2580.06,2583.08,2586.7,2590.9,2595.64,2600.88,2606.59,2612.75,2619.33,2626.31,2633.66,2641.37,2649.41,2657.76,2666.41,2675.34,2684.54,2693.99,2703.67,2713.58,2723.7,2734.02,2744.53,2755.22,2766.08,2777.1,2788.27,2799.58,2811.02,2822.59,2834.29,2846.09,2858,2870.01,2882.11,2894.3,2906.58,2918.93,2931.35,2943.84,2956.4,2969.01,2981.68,2994.4,3007.17,3019.99,3032.84,3045.73,3058.65,3071.61,3084.59,3097.61,3110.64,3123.69,3136.77,3149.86,3162.96,3176.08,3189.2,3202.33,3215.47,3228.62
8725.44,18595.6,17746.2,8634.07,6266.38,5179.74,4549.27,4134.5,3839.68,3618.96,3447.51,3310.66,3199.14,3106.78,3029.31,2963.66,2907.59,2859.38,2817.74,2781.63,2750.25,2722.93,2699.15,2678.47,2660.51,2644.98,2631.61,2620.19,2610.52,2602.44,2595.81,2590.5,2586.4,2583.42,2581.47,2580.46,2580.34,2581.04,2582.49,2584.67,2587.5,2590.96,2595,2599.58,2604.68,2610.27,2616.3,2622.77,2629.63,2636.88,2644.49,2652.43,2660.69,2669.25,2678.1,2687.22,2696.59,2706.21,2716.05,2726.1,2736.36,2746.81,2757.44,2768.24,2779.21,2790.32,2801.58,2812.98,2824.51,2836.15,2847.92,2859.78,2871.75,2883.82,2895.97,2908.21,2920.53,2932.92,2945.38,2957.9,2970.49,2983.13,2995.82,3008.56,3021.34,3034.17,3047.04,3059.94,3072.87,3085.83,3098.82,3111.83,3124.86,3137.92,3150.99,3164.07,3177.17,3190.27,3203.39,3216.51,3229.64
8356.61,15500.2,21026.9,9406.89,6596.06,5367.88,4673.74,4224.42,3908.48,3673.77,3492.51,3348.45,3231.46,3134.84,3053.96,2985.55,2927.19,2877.07,2833.81,2796.31,2763.73,2735.37,2710.68,2689.18,2670.51,2654.34,2640.4,2628.46,2618.32,2609.82,2602.8,2597.13,2592.71,2589.42,2587.19,2585.93,2585.57,2586.05,2587.3,2589.28,2591.93,2595.22,2599.1,2603.54,2608.5,2613.95,2619.86,2626.2,2632.96,2640.1,2647.6,2655.45,2663.62,2672.1,2680.86,2689.9,2699.2,2708.74,2718.51,2728.5,2738.69,2749.08,2759.66,2770.4,2781.31,2792.38,2803.59,2814.94,2826.42,2838.02,2849.74,2861.57,2873.5,2885.53,2897.64,2909.84,2922.13,2934.48,2946.91,2959.4,2971.96,2984.57,2997.23,3009.94,3022.7,3035.5,3048.34,3061.22,3074.13,3087.07,3100.03,3113.02,3126.03,3139.06,3152.11,3165.18,3178.25,3191.34,3204.44,3217.55,3230.66
8043.07,13537.4,23534.7,10299.4,6959.49,5569.82,4805.21,4318.38,3979.84,3730.31,3538.72,3387.13,3264.46,3163.41,3079.02,3007.76,2947.05,2894.97,2850.05,2811.14,2777.34,2747.92,2722.29,2699.98,2680.58,2663.76,2649.24,2636.77,2626.16,2617.23,2609.81,2603.79,2599.03,2595.45,2592.94,2591.42,2590.81,2591.07,2592.11,2593.9,2596.37,2599.49,2603.21,2607.5,2612.31,2617.63,2623.42,2629.64,2636.29,2643.32,2650.72,2658.47,2666.55,2674.94,2683.63,2692.58,2701.81,2711.27,2720.98,2730.9,2741.03,2751.36,2761.87,2772.56,2783.42,2794.43,2805.6,2816.9,2828.33,2839.89,2851.57,2863.35,2875.24,2887.23,2899.31,2911.48,2923.72,2936.05,2948.44,2960.9,2973.43,2986.01,2998.64,3011.33,3024.06,3036.83,3049.65,3062.5,3075.38,3088.3,3101.24,3114.21,3127.2,3140.21,3153.24,3166.28,3179.34,3192.41,3205.49,3218.58,3231.67
7772.45,12176.9,23859.9,11317.8,7359.54,5786.51,4944.04,4416.55,4053.83,3788.61,3586.16,3426.72,3298.13,3192.5,3104.48,3030.29,2967.17,2913.09,2866.47,2826.11,2791.06,2760.56,2733.99,2710.85,2690.71,2673.23,2658.12,2645.13,2634.04,2624.66,2616.86,2610.47,2605.38,2601.49,2598.69,2596.91,2596.07,2596.1,2596.94,2598.52,2600.81,2603.76,2607.32,2611.46,2616.14,2621.32,2626.98,2633.09,2639.61,2646.54,2653.84,2661.5,2669.48,2677.79,2686.39,2695.27,2704.41,2713.81,2723.44,2733.3,2743.36,2753.63,2764.09,2774.72,2785.53,2796.49,2807.6,2818.85,2830.24,2841.76,2853.39,2865.13,2876.98,2888.93,2900.98,2913.11,2925.32,2937.61,2949.97,2962.4,2974.89,2987.44,3000.05,3012.71,3025.41,3038.16,3050.95,3063.78,3076.64,3089.53,3102.45,3115.4,3128.37,3141.36,3154.37,3167.39,3180.43,3193.48,3206.54,3219.61,3232.69
7535.92,11173.6,22419.8,12450.8,7798.43,6018.75,5090.55,4519.07,4130.53,3848.71,3634.87,3467.21,3332.48,3222.12,3130.36,3053.15,2987.56,2931.41,2883.06,2841.23,2804.92,2773.31,2745.78,2721.79,2700.91,2682.76,2667.05,2653.52,2641.95,2632.13,2623.92,2617.17,2611.75,2607.55,2604.47,2602.43,2601.34,2601.14,2601.77,2603.16,2605.27,2608.04,2611.44,2615.43,2619.96,2625.01,2630.54,2636.53,2642.95,2649.76,2656.96,2664.52,2672.42,2680.63,2689.15,2697.95,2707.02,2716.34,2725.9,2735.69,2745.7,2755.91,2766.3,2776.88,2787.63,2798.54,2809.6,2820.81,2832.15,2843.62,2855.21,2866.91,2878.72,2890.64,2902.64,2914.74,2926.91,2939.17,2951.5,2963.9,2976.36,2988.88,3001.46,3014.09,3026.77,3039.49,3052.25,3065.06,3077.89,3090.76,3103.66,3116.58,3129.53,3142.5,3155.49,3168.49,3181.51,3194.55,3207.59,3220.64,3233.7
7326.98,10399.9,20130.3,13650,8277.15,6267.24,5245.04,4626.07,4210,3910.64,3684.85,3508.63,3367.51,3252.25,3156.64,3076.33,3008.2,2949.95,2899.83,2856.5,2818.89,2786.17,2757.66,2732.81,2711.16,2692.34,2676.03,2661.96,2649.89,2639.63,2631.02,2623.9,2618.14,2613.63,2610.26,2607.95,2606.62,2606.2,2606.61,2607.8,2609.73,2612.33,2615.57,2619.4,2623.79,2628.7,2634.11,2639.98,2646.28,2652.99,2660.09,2667.55,2675.35,2683.48,2691.91,2700.63,2709.62,2718.87,2728.37,2738.09,2748.03,2758.18,2768.52,2779.04,2789.73,2800.59,2811.61,2822.76,2834.06,2845.48,2857.03,2868.69,2880.46,2892.34,2904.3,2916.36,2928.51,2940.73,2953.03,2965.39,2977.82,2990.32,3002.87,3015.47,3028.12,3040.82,3053.55,3066.33,3079.14,3091.99,3104.86,3117.77,3130.69,3143.64,3156.61,3169.6,3182.6,3195.61,3208.64,3221.67,3234.71
7140.73,9782.78,17732.7,14800.7,8794.53,6532.38,5407.72,4737.66,4292.29,3974.42,3736.11,3550.97,3403.24,3282.92,3183.33,3099.83,3029.1,2968.7,2916.77,2871.9,2832.98,2799.12,2769.62,2743.9,2721.48,2701.98,2685.05,2670.43,2657.87,2647.16,2638.14,2630.65,2624.55,2619.72,2616.07,2613.49,2611.91,2611.26,2611.46,2612.46,2614.19,2616.62,2619.7,2623.38,2627.62,2632.4,2637.68,2643.42,2649.61,2656.22,2663.21,2670.57,2678.28,2686.32,2694.67,2703.31,2712.23,2721.41,2730.83,2740.49,2750.36,2760.45,2770.73,2781.2,2791.84,2802.64,2813.61,2824.72,2835.97,2847.35,2858.85,2870.47,2882.2,2894.04,2905.97,2917.99,2930.1,2942.29,2954.55,2966.89,2979.29,2991.75,3004.27,3016.85,3029.47,3042.14,3054.85,3067.61,3080.39,3093.22,3106.07,3118.95,3131.86,3144.78,3157.73,3170.7,3183.68,3196.67,3209.68,3222.7,3235.72
6973.4,9277.49,15690.5,15712,9345.94,6814.2,5578.75,4853.93,4377.44,4040.09,3788.67,3594.24,3439.65,3314.11,3210.42,3123.65,3050.27,2987.66,2933.89,2887.45,2847.19,2812.17,2781.67,2755.06,2731.87,2711.67,2694.12,2678.94,2665.88,2654.72,2645.29,2637.42,2630.97,2625.83,2621.89,2619.04,2617.22,2616.33,2616.32,2617.11,2618.66,2620.92,2623.83,2627.36,2631.46,2636.1,2641.25,2646.88,2652.95,2659.44,2666.33,2673.6,2681.22,2689.17,2697.43,2705.99,2714.83,2723.94,2733.29,2742.88,2752.7,2762.72,2772.94,2783.35,2793.94,2804.69,2815.6,2826.67,2837.87,2849.21,2860.67,2872.25,2883.94,2895.73,2907.63,2919.61,2931.69,2943.84,2956.07,2968.38,2980.75,2993.18,3005.67,3018.22,3030.82,3043.46,3056.15,3068.88,3081.64,3094.44,3107.27,3120.13,3133.02,3145.92,3158.85,3171.8,3184.76,3197.74,3210.72,3223.72,3236.73
6822.05,8855.03,14082.3,16191.1,9921.7,7112.15,5758.14,4974.9,4465.49,4107.64,3842.53,3638.45,3476.76,3345.82,3237.92,3147.8,3071.68,3006.83,2951.17,2903.14,2861.52,2825.33,2793.79,2766.29,2742.31,2721.41,2703.24,2687.5,2673.93,2662.31,2652.46,2644.21,2637.42,2631.96,2627.72,2624.61,2622.53,2621.41,2621.18,2621.78,2623.14,2625.22,2627.97,2631.34,2635.3,2639.8,2644.82,2650.33,2656.29,2662.67,2669.46,2676.63,2684.15,2692.01,2700.19,2708.67,2717.44,2726.47,2735.75,2745.28,2755.03,2764.99,2775.15,2785.5,2796.04,2806.74,2817.6,2828.62,2839.77,2851.06,2862.48,2874.02,2885.67,2897.43,2909.29,2921.24,2933.27,2945.4,2957.6,2969.87,2982.21,2994.61,3007.08,3019.6,3032.17,3044.78,3057.45,3070.15,3082.89,3095.67,3108.47,3121.31,3134.17,3147.06,3159.97,3172.9,3185.84,3198.8,3211.77,3224.75,3237.74
6684.31,8495.75,12829.9,16183.4,10505.1,7424.91,5945.75,5100.59,4556.42,4177.09,3897.7,3683.58,3514.55,3378.05,3265.83,3172.26,3093.35,3026.2,2968.62,2918.97,2875.96,2838.57,2806.01,2777.6,2752.81,2731.2,2712.39,2696.08,2682,2669.93,2659.66,2651.02,2643.88,2638.1,2633.57,2630.18,2627.86,2626.5,2626.06,2626.45,2627.63,2629.53,2632.11,2635.33,2639.14,2643.51,2648.4,2653.78,2659.62,2665.9,2672.58,2679.65,2687.09,2694.86,2702.95,2711.35,2720.04,2729,2738.21,2747.67,2757.35,2767.26,2777.36,2787.66,2798.14,2808.79,2819.6,2830.56,2841.68,2852.92,2864.3,2875.79,2887.4,2899.12,2910.94,2922.86,2934.86,2946.95,2959.12,2971.36,2983.67,2996.04,3008.48,3020.97,3033.51,3046.1,3058.74,3071.42,3084.14,3096.89,3109.68,3122.49,3135.33,3148.2,3161.09,3173.99,3186.92,3199.86,3212.81,3225.77,3238.74
6558.29,8185.84,11841.4,15788.6,11070.8,7750.13,6141.25,5230.91,4650.24,4248.43,3954.16,3729.65,3553.03,3410.8,3294.14,3197.04,3115.28,3045.77,2986.24,2934.94,2890.52,2851.92,2818.3,2788.97,2763.37,2741.04,2721.59,2704.71,2690.11,2677.57,2666.88,2657.86,2650.36,2644.26,2639.43,2635.77,2633.19,2631.6,2630.94,2631.13,2632.12,2633.84,2636.26,2639.32,2642.98,2647.22,2651.98,2657.24,2662.96,2669.13,2675.71,2682.68,2690.02,2697.7,2705.71,2714.03,2722.64,2731.53,2740.67,2750.06,2759.68,2769.52,2779.57,2789.81,2800.23,2810.83,2821.59,2832.51,2843.58,2854.78,2866.11,2877.57,2889.14,2900.82,2912.6,2924.48,2936.45,2948.5,2960.64,2972.84,2985.12,2997.47,3009.88,3022.34,3034.86,3047.42,3060.03,3072.69,3085.38,3098.11,3110.87,3123.67,3136.49,3149.33,3162.2,3175.09,3187.99,3200.91,3213.85,3226.79,3239.75
6442.44,7915.31,11045.9,15145.8,11584.3,8084.21,6344.04,5365.74,4746.89,4321.63,4011.92,3776.64,3592.19,3444.07,3322.84,3222.13,3137.45,3065.55,3004.02,2951.04,2905.19,2865.36,2830.67,2800.4,2773.98,2750.93,2730.83,2713.37,2698.26,2685.24,2674.12,2664.71,2656.86,2650.44,2645.31,2641.37,2638.54,2636.71,2635.83,2635.82,2636.61,2638.16,2640.41,2643.31,2646.83,2650.93,2655.56,2660.69,2666.3,2672.36,2678.84,2685.71,2692.95,2700.55,2708.47,2716.71,2725.25,2734.06,2743.13,2752.45,2762.01,2771.79,2781.77,2791.96,2802.33,2812.87,2823.59,2834.46,2845.47,2856.63,2867.92,2879.33,2890.87,2902.51,2914.25,2926.09,2938.03,2950.05,2962.15,2974.33,2986.58,2998.89,3011.27,3023.71,3036.2,3048.74,3061.32,3073.95,3086.62,3099.33,3112.07,3124.84,3137.64,3150.47,3163.31,3176.18,3189.07,3201.97,3214.89,3227.81,3240.75
6335.48,7676.74,10393,14369.4,12005.6,8422.05,6553.22,5504.85,4846.29,4396.68,4070.94,3824.54,3632.02,3477.84,3351.93,3247.52,3159.86,3085.52,3021.96,2967.27,2919.96,2878.89,2843.11,2811.9,2784.65,2760.86,2740.12,2722.07,2706.43,2692.94,2681.38,2671.59,2663.38,2656.62,2651.19,2646.98,2643.89,2641.83,2640.73,2640.51,2641.11,2642.48,2644.56,2647.31,2650.68,2654.64,2659.14,2664.15,2669.64,2675.59,2681.96,2688.74,2695.89,2703.39,2711.23,2719.39,2727.85,2736.59,2745.59,2754.84,2764.34,2774.05,2783.98,2794.11,2804.42,2814.92,2825.58,2836.4,2847.37,2858.48,2869.73,2881.1,2892.59,2904.2,2915.9,2927.71,2939.61,2951.6,2963.67,2975.81,2988.03,3000.32,3012.67,3025.08,3037.54,3050.05,3062.61,3075.22,3087.87,3100.55,3113.27,3126.02,3138.79,3151.6,3164.43,3177.27,3190.14,3203.03,3215.92,3228.83,3241.75
6236.35,7464.5,9847.84,13550.5,12297.9,8756.84,6767.51,5647.9,4948.35,4473.51,4131.21,3873.33,3672.51,3512.11,3381.41,3273.22,3182.52,3105.69,3040.06,2983.63,2934.85,2892.51,2855.64,2823.47,2795.38,2770.84,2749.44,2730.8,2714.63,2700.66,2688.67,2678.48,2669.91,2662.83,2657.09,2652.6,2649.25,2646.95,2645.63,2645.2,2645.62,2646.8,2648.72,2651.31,2654.53,2658.35,2662.72,2667.61,2672.99,2678.82,2685.09,2691.76,2698.82,2706.24,2713.99,2722.07,2730.45,2739.11,2748.05,2757.23,2766.66,2776.31,2786.18,2796.25,2806.51,2816.96,2827.57,2838.34,2849.27,2860.33,2871.54,2882.87,2894.32,2905.88,2917.55,2929.33,2941.19,2953.14,2965.18,2977.3,2989.48,3001.74,3014.06,3026.44,3038.88,3051.37,3063.9,3076.48,3089.11,3101.77,3114.46,3127.19,3139.95,3152.73,3165.54,3178.37,3191.21,3204.08,3216.96,3229.85,3242.76
6144.16,7274.22,9385.71,12755.7,12439.7,9080.1,6985.24,5794.46,5052.89,4552.06,4192.69,3923,3713.65,3546.87,3411.27,3299.22,3205.41,3126.04,3058.32,3000.12,2949.84,2906.21,2868.23,2835.1,2806.16,2780.87,2758.8,2739.56,2722.85,2708.4,2695.98,2685.39,2676.46,2669.04,2663.01,2658.23,2654.62,2652.09,2650.54,2649.91,2650.12,2651.13,2652.88,2655.31,2658.39,2662.06,2666.3,2671.07,2676.33,2682.05,2688.22,2694.79,2701.75,2709.08,2716.75,2724.75,2733.05,2741.64,2750.5,2759.62,2768.98,2778.58,2788.38,2798.4,2808.61,2819,2829.56,2840.28,2851.16,2862.18,2873.34,2884.63,2896.04,2907.57,2919.2,2930.94,2942.77,2954.69,2966.69,2978.78,2990.93,3003.16,3015.45,3027.81,3040.22,3052.68,3065.19,3077.75,3090.34,3102.98,3115.65,3128.36,3141.09,3153.86,3166.65,3179.45,3192.28,3205.13,3217.99,3230.87,3243.76
6058.13,7102.49,8988.8,12022.7,12431.7,9381.85,7204.24,5943.93,5159.72,4632.25,4255.33,3973.51,3755.42,3582.11,3441.49,3325.5,3228.53,3146.59,3076.73,3016.74,2964.94,2920.01,2880.9,2846.79,2816.99,2790.94,2768.2,2748.36,2731.11,2716.17,2703.31,2692.32,2683.02,2675.27,2668.93,2663.87,2660,2657.22,2655.45,2654.61,2654.64,2655.47,2657.04,2659.32,2662.24,2665.78,2669.89,2674.53,2679.67,2685.29,2691.34,2697.82,2704.69,2711.92,2719.51,2727.42,2735.65,2744.16,2752.95,2762.01,2771.3,2780.83,2790.58,2800.54,2810.69,2821.03,2831.54,2842.22,2853.05,2864.03,2875.15,2886.4,2897.77,2909.25,2920.85,2932.55,2944.34,2956.23,2968.2,2980.26,2992.38,3004.58,3016.84,3029.17,3041.55,3053.99,3066.47,3079.01,3091.58,3104.19,3116.84,3129.53,3142.24,3154.99,3167.75,3180.54,3193.35,3206.18,3219.03,3231.88,3244.75
5977.62,6946.56,8644.04,11365.8,12294.1,9651.2,7421.91,6095.58,5268.59,4713.96,4319.09,4024.84,3797.79,3617.81,3472.08,3352.07,3251.88,3167.31,3095.28,3033.48,2980.14,2933.89,2893.64,2858.54,2827.87,2801.06,2777.63,2757.19,2739.39,2723.96,2710.66,2699.26,2689.6,2681.51,2674.86,2669.52,2665.39,2662.37,2660.37,2659.32,2659.15,2659.8,2661.21,2663.32,2666.1,2669.5,2673.47,2677.99,2683.01,2688.52,2694.47,2700.84,2707.62,2714.76,2722.26,2730.1,2738.24,2746.68,2755.41,2764.39,2773.62,2783.09,2792.78,2802.68,2812.78,2823.07,2833.53,2844.16,2854.94,2865.88,2876.95,2888.16,2899.49,2910.94,2922.5,2934.16,2945.92,2957.77,2969.71,2981.73,2993.83,3006,3018.23,3030.53,3042.89,3055.3,3067.76,3080.26,3092.82,3105.41,3118.03,3130.7,3143.39,3156.11,3168.86,3181.63,3194.42,3207.23,3220.06,3232.9,3245.75
5902.08,6804.22,8341.6,10784.9,12056.4,9877.41,7635.16,6248.52,5379.17,4797.06,4383.89,4076.95,3840.76,3653.96,3503.02,3378.91,3275.45,3188.21,3113.98,3050.33,2995.43,2947.85,2906.45,2870.35,2838.8,2811.21,2787.1,2766.04,2747.7,2731.78,2718.02,2706.22,2696.19,2687.77,2680.8,2675.18,2670.79,2667.52,2665.3,2664.04,2663.68,2664.14,2665.38,2667.33,2669.96,2673.22,2677.06,2681.45,2686.36,2691.75,2697.6,2703.87,2710.55,2717.6,2725.02,2732.77,2740.84,2749.21,2757.86,2766.77,2775.94,2785.35,2794.98,2804.82,2814.87,2825.1,2835.51,2846.09,2856.83,2867.72,2878.75,2889.92,2901.21,2912.62,2924.14,2935.77,2947.49,2959.31,2971.22,2983.21,2995.27,3007.41,3019.62,3031.89,3044.22,3056.6,3069.04,3081.52,3094.05,3106.62,3119.22,3131.86,3144.53,3157.24,3169.96,3182.71,3195.49,3208.28,3221.09,3233.91,3246.74
5831.02,6673.67,8073.99,10273.3,11749.5,10051.3,7840.48,6401.69,5491.08,4881.39,4449.66,4129.8,3884.29,3690.55,3534.29,3406.02,3299.23,3209.29,3132.82,3067.3,3010.82,2961.89,2919.33,2882.21,2849.77,2821.41,2796.6,2774.93,2756.03,2739.61,2725.41,2713.2,2702.8,2694.03,2686.76,2680.85,2676.19,2672.68,2670.23,2668.76,2668.2,2668.48,2669.55,2671.34,2673.82,2676.93,2680.64,2684.91,2689.7,2694.98,2700.72,2706.9,2713.48,2720.44,2727.77,2735.44,2743.43,2751.73,2760.31,2769.16,2778.26,2787.6,2797.18,2806.96,2816.95,2827.13,2837.49,2848.03,2858.72,2869.56,2880.55,2891.67,2902.92,2914.3,2925.78,2937.37,2949.06,2960.85,2972.72,2984.68,2996.72,3008.83,3021,3033.25,3045.55,3057.91,3070.32,3082.78,3095.28,3107.83,3120.41,3133.03,3145.68,3158.36,3171.07,3183.8,3196.55,3209.32,3222.11,3234.92,3247.74
5764.02,6553.4,7835.38,9822.47,11400.3,10166.5,8034.09,6553.86,5603.89,4966.76,4516.31,4183.33,3928.34,3727.55,3565.88,3433.38,3323.21,3230.52,3151.79,3084.38,3026.3,2976,2932.26,2894.12,2860.8,2831.64,2806.14,2783.84,2764.39,2747.47,2732.81,2720.19,2709.42,2700.31,2692.72,2686.52,2681.6,2677.84,2675.17,2673.48,2672.73,2672.83,2673.72,2675.36,2677.68,2680.65,2684.23,2688.37,2693.04,2698.21,2703.85,2709.92,2716.41,2723.28,2730.53,2738.11,2746.03,2754.24,2762.75,2771.54,2780.57,2789.86,2799.37,2809.1,2819.03,2829.16,2839.47,2849.96,2860.6,2871.4,2882.35,2893.43,2904.64,2915.97,2927.42,2938.97,2950.63,2962.38,2974.23,2986.15,2998.16,3010.24,3022.39,3034.6,3046.88,3059.21,3071.6,3084.03,3096.51,3109.03,3121.59,3134.19,3146.82,3159.48,3172.17,3184.88,3197.61,3210.37,3223.14,3235.93,3248.73
5700.72,6442.19,7621.17,9423.9,11031.1,10221.1,8212.03,6703.64,5717.08,5052.96,4583.72,4237.49,3972.9,3764.93,3597.78,3460.99,3347.39,3251.92,3170.89,3101.57,3041.87,2990.19,2945.26,2906.09,2871.86,2841.91,2815.71,2792.78,2772.77,2755.34,2740.23,2727.2,2716.05,2706.59,2698.69,2692.2,2687.01,2683.01,2680.1,2678.21,2677.26,2677.17,2677.89,2679.37,2681.54,2684.37,2687.82,2691.83,2696.38,2701.44,2706.97,2712.94,2719.33,2726.12,2733.28,2740.78,2748.62,2756.76,2765.2,2773.91,2782.89,2792.11,2801.56,2811.23,2821.11,2831.19,2841.45,2851.89,2862.49,2873.24,2884.14,2895.18,2906.35,2917.65,2929.06,2940.58,2952.2,2963.92,2975.73,2987.62,2999.6,3011.65,3023.77,3035.96,3048.21,3060.51,3072.87,3085.28,3097.74,3110.24,3122.78,3135.35,3147.96,3160.6,3173.27,3185.96,3198.68,3211.41,3224.17,3236.94,3249.72
5640.78,6338.97,7427.71,9069.93,10658.6,10217.2,8370.47,6849.51,5830.07,5139.74,4651.78,4292.22,4017.91,3802.68,3629.97,3488.83,3371.76,3273.47,3190.12,3118.86,3057.52,3004.45,2958.32,2918.11,2882.97,2852.22,2825.3,2801.75,2781.17,2763.24,2747.67,2734.22,2722.69,2712.89,2704.67,2697.89,2692.43,2688.18,2685.05,2682.94,2681.79,2681.52,2682.07,2683.38,2685.41,2688.09,2691.4,2695.29,2699.72,2704.67,2710.09,2715.96,2722.26,2728.96,2736.03,2743.45,2751.21,2759.28,2767.64,2776.29,2785.2,2794.36,2803.75,2813.37,2823.19,2833.22,2843.43,2853.81,2864.37,2875.08,2885.94,2896.93,2908.06,2919.32,2930.69,2942.18,2953.76,2965.45,2977.23,2989.09,3001.04,3013.06,3025.15,3037.31,3049.53,3061.81,3074.15,3086.53,3098.96,3111.44,3123.96,3136.51,3149.1,3161.72,3174.36,3187.04,3199.74,3212.45,3225.19,3237.94,3250.71
5583.93,6242.86,7252.02,8754.01,10294.4,10160.5,8505.92,6989.82,5942.2,5226.8,4720.35,4347.43,4063.33,3840.77,3662.44,3516.89,3396.3,3295.16,3209.46,3136.24,3073.26,3018.77,2971.44,2930.17,2894.12,2862.56,2834.93,2810.74,2789.59,2771.15,2755.12,2741.25,2729.34,2719.19,2710.66,2703.59,2697.86,2693.36,2690,2687.68,2686.33,2685.87,2686.25,2687.4,2689.27,2691.81,2694.99,2698.75,2703.07,2707.9,2713.21,2718.99,2725.19,2731.79,2738.77,2746.12,2753.79,2761.79,2770.09,2778.66,2787.51,2796.61,2805.94,2815.5,2825.27,2835.24,2845.4,2855.74,2866.25,2876.91,2887.73,2898.68,2909.77,2920.99,2932.33,2943.77,2955.33,2966.98,2978.72,2990.56,3002.47,3014.46,3026.53,3038.66,3050.85,3063.11,3075.42,3087.78,3100.19,3112.64,3125.14,3137.67,3150.24,3162.83,3175.46,3188.12,3200.79,3213.49,3226.21,3238.95,3251.7
5529.92,6153.1,7091.69,8470.65,9945.96,10059.2,8615.53,7122.89,6052.77,5313.84,4789.28,4403.05,4109.12,3879.17,3695.16,3545.16,3421.02,3316.99,3228.92,3153.72,3089.07,3033.17,2984.61,2942.29,2905.3,2872.93,2844.58,2819.76,2798.04,2779.08,2762.58,2748.3,2736,2725.51,2716.65,2709.29,2703.29,2698.54,2694.95,2692.41,2690.86,2690.22,2690.42,2691.41,2693.13,2695.53,2698.57,2702.21,2706.41,2711.12,2716.33,2722.01,2728.11,2734.62,2741.52,2748.78,2756.38,2764.3,2772.53,2781.04,2789.82,2798.85,2808.13,2817.63,2827.34,2837.26,2847.37,2857.66,2868.12,2878.74,2889.52,2900.43,2911.48,2922.66,2933.96,2945.37,2956.89,2968.51,2980.22,2992.02,3003.9,3015.87,3027.9,3040.01,3052.18,3064.41,3076.69,3089.03,3101.41,3113.84,3126.31,3138.82,3151.37,3163.95,3176.56,3189.19,3201.85,3214.53,3227.23,3239.95,3252.69
5478.51,6069.05,6944.71,8215.26,9617.25,9922.42,8697.37,7247.01,6161,5400.52,4858.4,4458.99,4155.23,3917.84,3728.1,3573.61,3445.89,3338.95,3248.49,3171.29,3104.96,3047.62,2997.83,2954.44,2916.53,2883.34,2854.26,2828.79,2806.5,2787.02,2770.06,2755.35,2742.67,2731.83,2722.65,2714.99,2708.72,2703.73,2699.9,2697.15,2695.4,2694.57,2694.6,2695.43,2696.99,2699.25,2702.16,2705.67,2709.74,2714.35,2719.45,2725.02,2731.03,2737.46,2744.27,2751.44,2758.96,2766.81,2774.96,2783.41,2792.12,2801.09,2810.31,2819.75,2829.42,2839.28,2849.34,2859.58,2870,2880.57,2891.3,2902.18,2913.19,2924.33,2935.59,2946.96,2958.45,2970.03,2981.71,2993.48,3005.34,3017.27,3029.28,3041.35,3053.5,3065.7,3077.96,3090.27,3102.63,3115.04,3127.49,3139.98,3152.5,3165.06,3177.65,3190.27,3202.91,3215.57,3228.25,3240.95,3253.67
5429.51,5990.13,6809.43,7984.01,9309.95,9759.13,8750.56,7360.53,6266.09,5486.46,4927.53,4515.15,4201.59,3956.75,3761.26,3602.24,3470.9,3361.03,3268.15,3188.94,3120.91,3062.13,3011.1,2966.63,2927.78,2893.77,2863.97,2837.85,2814.98,2794.98,2777.55,2762.42,2749.35,2738.16,2728.66,2720.71,2714.16,2708.91,2704.85,2701.89,2699.94,2698.93,2698.78,2699.44,2700.86,2702.97,2705.74,2709.13,2713.08,2717.57,2722.57,2728.04,2733.95,2740.28,2747.01,2754.1,2761.55,2769.32,2777.4,2785.78,2794.43,2803.34,2812.49,2821.88,2831.49,2841.3,2851.31,2861.5,2871.87,2882.4,2893.09,2903.92,2914.89,2925.99,2937.22,2948.56,2960,2971.56,2983.2,2994.94,3006.77,3018.67,3030.65,3042.7,3054.82,3066.99,3079.23,3091.52,3103.85,3116.24,3128.67,3141.13,3153.64,3166.17,3178.74,3191.34,3203.96,3216.6,3229.27,3241.95,3254.65
5382.74,5915.86,6684.44,7773.72,9024.25,9577.58,8775.37,7461.95,6367.2,5571.26,4996.46,4571.41,4248.14,3995.86,3794.6,3631.03,3496.05,3383.22,3287.91,3206.67,3136.93,3076.69,3024.41,2978.87,2939.07,2904.23,2873.69,2846.92,2823.47,2802.95,2785.05,2769.49,2756.04,2744.49,2734.67,2726.42,2719.61,2714.11,2709.81,2706.63,2704.48,2703.28,2702.96,2703.46,2704.72,2706.69,2709.33,2712.58,2716.42,2720.8,2725.69,2731.06,2736.87,2743.11,2749.75,2756.76,2764.13,2771.82,2779.84,2788.14,2796.73,2805.57,2814.67,2824,2833.55,2843.32,2853.27,2863.42,2873.74,2884.23,2894.87,2905.66,2916.59,2927.65,2938.84,2950.15,2961.56,2973.08,2984.69,2996.4,3008.19,3020.07,3032.02,3044.04,3056.13,3068.28,3080.49,3092.76,3105.07,3117.43,3129.84,3142.28,3154.77,3167.28,3179.83,3192.41,3205.01,3217.64,3230.29,3242.95,3255.64
5338.04,5845.81,6568.57,7581.69,8759.4,9384.78,8773.16,7549.98,6463.5,5654.49,5064.98,4627.67,4294.83,4035.14,3828.09,3659.96,3521.31,3405.51,3307.75,3224.47,3153.01,3091.31,3037.77,2991.13,2950.39,2914.72,2883.44,2856.02,2831.98,2810.94,2792.56,2776.58,2762.74,2750.83,2740.69,2732.14,2725.05,2719.3,2714.77,2711.38,2709.02,2707.63,2707.14,2707.47,2708.58,2710.41,2712.91,2716.04,2719.75,2724.02,2728.8,2734.07,2739.79,2745.94,2752.49,2759.42,2766.71,2774.33,2782.27,2790.51,2799.03,2807.81,2816.85,2826.12,2835.62,2845.33,2855.24,2865.33,2875.61,2886.05,2896.65,2907.4,2918.29,2929.32,2940.47,2951.73,2963.11,2974.6,2986.18,2997.86,3009.62,3021.47,3033.39,3045.38,3057.45,3069.57,3081.76,3094,3106.29,3118.63,3131.01,3143.43,3155.9,3168.39,3180.92,3193.48,3206.06,3218.67,3231.3,3243.95,3256.62
5295.26,5779.6,6460.82,7405.69,8514.21,9186.44,8746.13,7623.6,6554.15,5735.72,5132.87,4683.81,4341.57,4074.52,3861.7,3689,3546.69,3427.9,3327.67,3242.34,3169.14,3105.97,3051.17,3003.43,2961.73,2925.22,2893.21,2865.13,2840.5,2818.93,2800.08,2783.67,2769.44,2757.18,2746.71,2737.86,2730.5,2724.49,2719.73,2716.12,2713.56,2711.99,2711.32,2711.49,2712.44,2714.13,2716.49,2719.49,2723.09,2727.24,2731.91,2737.08,2742.7,2748.76,2755.23,2762.07,2769.28,2776.83,2784.7,2792.87,2801.32,2810.05,2819.02,2828.24,2837.68,2847.34,2857.2,2867.25,2877.47,2887.87,2898.43,2909.14,2919.99,2930.97,2942.09,2953.32,2964.66,2976.12,2987.67,2999.31,3011.04,3022.86,3034.76,3046.72,3058.76,3070.86,3083.02,3095.23,3107.5,3119.82,3132.18,3144.58,3157.02,3169.5,3182.01,3194.55,3207.11,3219.7,3232.31,3244.95,3257.6
5254.27,5716.92,6360.31,7243.79,8287.25,8986.97,8697.15,7682.14,6638.36,5814.5,5199.87,4739.68,4388.28,4113.98,3895.42,3718.14,3572.15,3450.36,3347.66,3260.26,3185.33,3120.67,3064.6,3015.77,2973.11,2935.75,2903,2874.25,2849.04,2826.94,2807.62,2790.77,2776.15,2763.53,2752.73,2743.59,2735.95,2729.69,2724.69,2720.86,2718.11,2716.34,2715.49,2715.5,2716.3,2717.84,2720.07,2722.94,2726.42,2730.46,2735.02,2740.09,2745.62,2751.58,2757.96,2764.73,2771.86,2779.33,2787.13,2795.23,2803.62,2812.28,2821.2,2830.36,2839.74,2849.35,2859.16,2869.16,2879.34,2889.69,2900.2,2910.87,2921.68,2932.63,2943.71,2954.9,2966.21,2977.63,2989.15,3000.76,3012.47,3024.25,3036.12,3048.06,3060.07,3072.14,3084.28,3096.47,3108.71,3121.01,3133.35,3145.73,3158.15,3170.6,3183.09,3195.61,3208.16,3220.73,3233.33,3245.94,3258.57
5214.95,5657.45,6266.32,7094.37,8077.05,8789.69,8629.43,7725.28,6715.4,5890.36,5265.75,4795.15,4434.9,4153.45,3929.19,3747.36,3597.68,3472.89,3367.7,3278.24,3201.55,3135.41,3078.06,3028.12,2984.5,2946.3,2912.8,2883.39,2857.59,2834.96,2815.15,2797.87,2782.86,2769.89,2758.76,2749.32,2741.4,2734.89,2729.66,2725.61,2722.65,2720.69,2719.67,2719.51,2720.16,2721.56,2723.65,2726.39,2729.75,2733.67,2738.13,2743.09,2748.53,2754.4,2760.69,2767.38,2774.43,2781.82,2789.55,2797.58,2805.91,2814.51,2823.37,2832.47,2841.8,2851.35,2861.11,2871.06,2881.2,2891.51,2901.98,2912.6,2923.38,2934.28,2945.32,2956.48,2967.76,2979.14,2990.63,3002.21,3013.89,3025.64,3037.48,3049.4,3061.38,3073.43,3085.54,3097.7,3109.92,3122.2,3134.51,3146.87,3159.27,3171.71,3184.18,3196.68,3209.2,3221.76,3234.34,3246.93,3259.55
5177.19,5600.95,6178.2,6956.04,7882.15,8596.93,8546.28,7753.1,6784.65,5962.86,5330.24,4850.07,4481.32,4192.88,3963,3776.63,3623.28,3495.48,3387.8,3296.26,3217.82,3150.19,3091.55,3040.51,2995.92,2956.87,2922.62,2892.54,2866.14,2842.98,2822.7,2804.99,2789.58,2776.25,2764.79,2755.05,2746.86,2740.09,2734.62,2730.35,2727.19,2725.04,2723.85,2723.52,2724.02,2725.27,2727.22,2729.84,2733.08,2736.89,2741.24,2746.1,2751.44,2757.22,2763.42,2770.02,2777,2784.32,2791.97,2799.94,2808.2,2816.74,2825.53,2834.58,2843.86,2853.36,2863.07,2872.97,2883.06,2893.32,2903.75,2914.33,2925.07,2935.94,2946.94,2958.06,2969.3,2980.66,2992.11,3003.66,3015.3,3027.03,3038.84,3050.73,3062.69,3074.71,3086.79,3098.94,3111.13,3123.38,3135.68,3148.01,3160.39,3172.81,3185.26,3197.74,3210.25,3222.78,3235.34,3247.92,3260.52
5140.89,5547.18,6095.38,6827.6,7701.2,8410.27,8450.91,7766.03,6845.56,6031.55,5393.08,4904.29,4527.47,4232.23,3996.79,3805.93,3648.92,3518.11,3407.95,3314.32,3234.13,3164.99,3105.07,3052.91,3007.35,2967.45,2932.45,2901.71,2874.71,2851.01,2830.25,2812.1,2796.3,2782.61,2770.83,2760.78,2752.31,2745.28,2739.58,2735.1,2731.73,2729.4,2728.02,2727.53,2727.87,2728.98,2730.8,2733.29,2736.4,2740.1,2744.34,2749.1,2754.34,2760.03,2766.15,2772.67,2779.56,2786.81,2794.39,2802.29,2810.49,2818.96,2827.7,2836.69,2845.91,2855.36,2865.02,2874.87,2884.91,2895.13,2905.52,2916.06,2926.75,2937.59,2948.55,2959.64,2970.85,2982.16,2993.59,3005.11,3016.72,3028.42,3040.2,3052.06,3063.99,3075.99,3088.05,3100.17,3112.34,3124.57,3136.84,3149.16,3161.51,3173.91,3186.34,3198.8,3211.29,3223.81,3236.35,3248.91,3261.5
5105.96,5495.93,6017.39,6708.02,7532.93,8230.71,8346.29,7764.84,6897.74,6096.03,5454,4957.66,4573.24,4271.42,4030.54,3835.23,3674.58,3540.77,3428.12,3332.41,3250.46,3179.82,3118.61,3065.34,3018.8,2978.05,2942.29,2910.88,2883.28,2859.05,2837.81,2819.22,2803.02,2788.97,2776.86,2766.51,2757.76,2750.48,2744.54,2739.84,2736.27,2733.74,2732.19,2731.54,2731.72,2732.68,2734.37,2736.73,2739.72,2743.31,2747.44,2752.1,2757.24,2762.84,2768.87,2775.31,2782.12,2789.3,2796.81,2804.64,2812.77,2821.18,2829.86,2838.79,2847.96,2857.36,2866.96,2876.77,2886.77,2896.94,2907.29,2917.79,2928.44,2939.23,2950.16,2961.21,2972.39,2983.67,2995.06,3006.55,3018.13,3029.81,3041.56,3053.39,3065.29,3077.27,3089.3,3101.4,3113.55,3125.75,3138,3150.29,3162.63,3175.01,3187.42,3199.86,3212.33,3224.83,3237.36,3249.9,3262.47
5072.32,5447.02,5943.78,6596.41,7376.19,8058.78,8235.06,7750.56,6940.93,6155.91,5512.75,5010,4618.54,4310.41,4064.21,3864.51,3700.24,3563.45,3448.32,3350.53,3266.81,3194.67,3132.17,3077.78,3030.26,2988.65,2952.14,2920.06,2891.86,2867.1,2845.37,2826.34,2809.75,2795.34,2782.9,2772.24,2763.22,2755.68,2749.5,2744.58,2740.8,2738.09,2736.36,2735.55,2735.57,2736.39,2737.94,2740.17,2743.04,2746.51,2750.54,2755.1,2760.14,2765.65,2771.6,2777.95,2784.69,2791.78,2799.22,2806.99,2815.05,2823.4,2832.02,2840.9,2850.01,2859.35,2868.91,2878.67,2888.62,2898.75,2909.05,2919.51,2930.12,2940.88,2951.77,2962.79,2973.93,2985.18,2996.53,3007.99,3019.55,3031.19,3042.91,3054.72,3066.59,3078.54,3090.55,3102.62,3114.75,3126.93,3139.16,3151.43,3163.75,3176.1,3188.49,3200.92,3213.37,3225.85,3238.36,3250.89,3263.44
5039.89,5400.27,5874.18,6491.99,7229.95,7894.73,8119.46,7724.38,6975.04,6210.85,5569.06,5061.17,4663.27,4349.12,4097.75,3893.73,3725.89,3586.14,3468.53,3368.66,3283.18,3209.54,3145.74,3090.23,3041.74,2999.27,2962,2929.24,2900.45,2875.14,2852.93,2833.47,2816.48,2801.7,2788.93,2777.97,2768.67,2760.88,2754.46,2749.32,2745.34,2742.44,2740.53,2739.55,2739.42,2740.09,2741.51,2743.61,2746.36,2749.72,2753.64,2758.09,2763.04,2768.46,2774.32,2780.59,2787.24,2794.27,2801.64,2809.33,2817.33,2825.62,2834.18,2843,2852.06,2861.35,2870.85,2880.56,2890.47,2900.55,2910.81,2921.23,2931.8,2942.52,2953.37,2964.36,2975.46,2986.68,2998.01,3009.43,3020.96,3032.57,3044.27,3056.04,3067.89,3079.81,3091.8,3103.85,3115.95,3128.11,3140.31,3152.57,3164.86,3177.2,3189.57,3201.97,3214.41,3226.87,3239.36,3251.87,3264.41
5008.6,5355.54,5808.26,6394.07,7093.25,7738.55,8001.41,7687.67,7000.1,6260.57,5622.69,5111,4707.33,4387.49,4131.13,3922.88,3751.51,3608.81,3488.74,3386.8,3299.56,3224.41,3159.32,3102.69,3053.22,3009.89,2971.86,2938.43,2909.04,2883.19,2860.49,2840.6,2823.2,2808.07,2794.96,2783.71,2774.12,2766.07,2759.42,2754.06,2749.87,2746.78,2744.7,2743.55,2743.27,2743.79,2745.07,2747.05,2749.68,2752.92,2756.73,2761.08,2765.94,2771.26,2777.03,2783.22,2789.8,2796.75,2804.05,2811.67,2819.61,2827.83,2836.33,2845.1,2854.1,2863.34,2872.8,2882.46,2892.31,2902.36,2912.57,2922.95,2933.48,2944.16,2954.98,2965.93,2976.99,2988.18,2999.47,3010.87,3022.36,3033.95,3045.62,3057.37,3069.19,3081.09,3093.05,3105.07,3117.15,3129.28,3141.47,3153.7,3165.98,3178.29,3190.64,3203.03,3215.44,3227.89,3240.36,3252.86,3265.37
4978.39,5312.69,5745.71,6302.05,6965.26,7590.11,7882.43,7641.81,7016.3,6304.83,5673.4,5159.33,4750.61,4425.46,4164.29,3951.91,3777.07,3631.46,3508.95,3404.93,3315.94,3239.3,3172.91,3115.15,3064.71,3020.52,2981.73,2947.62,2917.63,2891.24,2868.06,2847.72,2829.93,2814.43,2801,2789.44,2779.57,2771.27,2764.38,2758.79,2754.4,2751.12,2748.86,2747.55,2747.11,2747.49,2748.63,2750.48,2752.99,2756.11,2759.82,2764.07,2768.83,2774.06,2779.74,2785.85,2792.35,2799.23,2806.45,2814.01,2821.88,2830.04,2838.49,2847.19,2856.14,2865.33,2874.73,2884.35,2894.16,2904.16,2914.33,2924.66,2935.16,2945.8,2956.58,2967.49,2978.53,2989.68,3000.94,3012.31,3023.77,3035.32,3046.96,3058.69,3070.49,3082.36,3094.29,3106.29,3118.35,3130.46,3142.62,3154.83,3167.09,3179.38,3191.71,3204.08,3216.48,3228.91,3241.36,3253.84,3266.34
4949.19,5271.59,5686.26,6215.4,6845.21,7449.14,7763.76,7588.19,7023.97,6343.47,5720.99,5205.99,4793.02,4462.96,4197.19,3980.81,3802.56,3654.07,3529.13,3423.06,3332.32,3254.18,3186.5,3127.62,3076.19,3031.14,2991.59,2956.82,2926.22,2899.29,2875.62,2854.85,2836.66,2820.8,2807.03,2795.16,2785.02,2776.46,2769.33,2763.52,2758.93,2755.46,2753.02,2751.54,2750.95,2751.18,2752.19,2753.91,2756.3,2759.31,2762.91,2767.05,2771.72,2776.86,2782.45,2788.48,2794.9,2801.7,2808.85,2816.34,2824.15,2832.25,2840.63,2849.28,2858.18,2867.31,2876.67,2886.24,2896,2905.95,2916.08,2926.38,2936.83,2947.43,2958.18,2969.05,2980.05,2991.17,3002.4,3013.74,3025.17,3036.7,3048.31,3060.01,3071.78,3083.62,3095.53,3107.51,3119.54,3131.63,3143.77,3155.96,3168.2,3180.47,3192.78,3205.13,3217.51,3229.92,3242.36,3254.82,3267.3
4920.96,5232.13,5629.68,6133.65,6732.43,7315.36,7646.36,7528.14,7023.54,6376.39,5765.26,5250.85,4834.44,4499.91,4229.8,4009.54,3827.95,3676.63,3549.28,3441.17,3348.69,3269.05,3200.09,3140.09,3087.68,3041.77,3001.46,2966.01,2934.81,2907.34,2883.19,2861.97,2843.38,2827.16,2813.06,2800.89,2790.47,2781.64,2774.28,2768.25,2763.46,2759.79,2757.18,2755.53,2754.79,2754.87,2755.74,2757.33,2759.6,2762.5,2765.99,2770.04,2774.6,2779.65,2785.16,2791.1,2797.45,2804.17,2811.25,2818.68,2826.42,2834.46,2842.78,2851.37,2860.21,2869.3,2878.6,2888.12,2897.84,2907.75,2917.83,2928.09,2938.5,2949.07,2959.77,2970.61,2981.58,2992.67,3003.87,3015.17,3026.57,3038.07,3049.66,3061.32,3073.07,3084.89,3096.78,3108.73,3120.74,3132.8,3144.92,3157.09,3169.3,3181.56,3193.85,3206.18,3218.54,3230.93,3243.35,3255.8,3268.26
4893.64,5194.2,5575.75,6056.4,6626.3,7188.41,7530.94,7462.9,7015.55,6403.56,5806.05,5293.74,4874.77,4536.26,4262.05,4038.06,3853.21,3699.11,3569.39,3459.26,3365.05,3283.92,3213.67,3152.55,3099.17,3052.4,3011.33,2975.2,2943.4,2915.39,2890.75,2869.09,2850.1,2833.51,2819.08,2806.61,2795.91,2786.83,2779.22,2772.98,2767.98,2764.12,2761.33,2759.52,2758.62,2758.56,2759.29,2760.75,2762.9,2765.69,2769.07,2773.01,2777.48,2782.44,2787.86,2793.72,2799.99,2806.64,2813.65,2821,2828.68,2836.66,2844.92,2853.46,2862.25,2871.28,2880.53,2890,2899.67,2909.54,2919.58,2929.8,2940.17,2950.7,2961.37,2972.17,2983.11,2994.16,3005.32,3016.6,3027.97,3039.44,3051,3062.64,3074.36,3086.15,3098.01,3109.94,3121.93,3133.97,3146.07,3158.22,3170.41,3182.64,3194.92,3207.23,3219.57,3231.94,3244.35,3256.77,3269.22
4867.18,5157.72,5524.28,5983.26,6526.28,7067.94,7418.04,7393.61,7000.57,6425.01,5843.22,5334.54,4913.91,4571.93,4293.91,4066.35,3878.34,3721.5,3589.44,3477.31,3381.38,3298.77,3227.24,3165,3110.65,3063.02,3021.19,2984.39,2951.98,2923.43,2898.3,2876.21,2856.82,2839.87,2825.11,2812.33,2801.35,2792.01,2784.17,2777.7,2772.49,2768.45,2765.48,2763.5,2762.45,2762.24,2762.84,2764.17,2766.2,2768.87,2772.15,2775.99,2780.36,2785.23,2790.56,2796.34,2802.53,2809.1,2816.04,2823.33,2830.94,2838.86,2847.06,2855.54,2864.27,2873.25,2882.46,2891.88,2901.51,2911.33,2921.33,2931.5,2941.84,2952.33,2962.96,2973.73,2984.63,2995.65,3006.78,3018.02,3029.37,3040.81,3052.34,3063.95,3075.64,3087.41,3099.25,3111.15,3123.12,3135.14,3147.22,3159.34,3171.51,3183.73,3195.98,3208.27,3220.6,3232.95,3245.34,3257.75,3270.18
4841.55,5122.59,5475.1,5913.92,6431.86,6953.58,7308.05,7321.27,6979.25,6440.84,5876.67,5373.12,4951.77,4606.85,4325.33,4094.37,3903.3,3743.79,3609.42,3495.31,3397.67,3313.6,3240.79,3177.45,3122.12,3073.63,3031.04,2993.57,2960.56,2931.47,2905.86,2883.32,2863.54,2846.22,2831.12,2818.04,2806.78,2797.18,2789.1,2782.42,2777.01,2772.77,2769.62,2767.48,2766.27,2765.92,2766.38,2767.59,2769.49,2772.05,2775.22,2778.96,2783.23,2788.01,2793.26,2798.95,2805.06,2811.56,2818.43,2825.65,2833.2,2841.05,2849.2,2857.62,2866.3,2875.23,2884.38,2893.76,2903.34,2913.11,2923.07,2933.2,2943.5,2953.95,2964.55,2975.28,2986.15,2997.13,3008.24,3019.45,3030.76,3042.17,3053.67,3065.26,3076.93,3088.67,3100.49,3112.37,3124.31,3136.31,3148.36,3160.47,3172.62,3184.81,3197.05,3209.32,3221.62,3233.96,3246.33,3258.72,3271.14
4816.69,5088.74,5428.04,5848.06,6342.61,6844.99,7201.22,7246.78,6952.27,6451.21,5906.32,5409.36,4988.24,4640.95,4356.25,4122.08,3928.07,3765.95,3629.33,3513.26,3413.94,3328.4,3254.32,3189.87,3133.57,3084.23,3040.89,3002.74,2969.13,2939.51,2913.4,2890.43,2870.24,2852.56,2837.14,2823.75,2812.21,2802.35,2794.04,2787.13,2781.51,2777.09,2773.77,2771.46,2770.09,2769.6,2769.92,2771,2772.78,2775.23,2778.29,2781.92,2786.1,2790.79,2795.95,2801.56,2807.59,2814.02,2820.82,2827.97,2835.45,2843.25,2851.33,2859.7,2868.32,2877.2,2886.3,2895.63,2905.17,2914.9,2924.81,2934.9,2945.16,2955.57,2966.13,2976.83,2987.66,2998.62,3009.69,3020.87,3032.15,3043.54,3055.01,3066.57,3078.21,3089.93,3101.72,3113.57,3125.49,3137.47,3149.5,3161.59,3173.72,3185.89,3198.11,3210.36,3222.65,3234.97,3247.32,3259.69,3272.1
4792.57,5056.08,5382.97,5785.44,6258.11,6741.82,7097.72,7170.89,6920.27,6456.34,5932.13,5443.18,5023.24,4674.16,4386.64,4149.46,3952.63,3787.98,3649.14,3531.14,3430.15,3343.17,3267.83,3202.28,3145.01,3094.82,3050.72,3011.9,2977.69,2947.53,2920.94,2897.53,2876.94,2858.9,2843.14,2829.45,2817.63,2807.52,2798.97,2791.84,2786.02,2781.4,2777.9,2775.43,2773.91,2773.27,2773.45,2774.4,2776.07,2778.4,2781.35,2784.89,2788.97,2793.57,2798.64,2804.17,2810.12,2816.48,2823.2,2830.29,2837.7,2845.44,2853.46,2861.77,2870.34,2879.16,2888.22,2897.5,2906.99,2916.68,2926.55,2936.6,2946.82,2957.19,2967.72,2978.38,2989.18,3000.1,3011.14,3022.29,3033.54,3044.9,3056.34,3067.88,3079.49,3091.18,3102.95,3114.78,3126.68,3138.63,3150.64,3162.71,3174.82,3186.97,3199.17,3211.4,3223.67,3235.97,3248.31,3260.66,3273.05
4769.16,5024.56,5339.74,5725.8,6178.01,6643.74,6997.63,7094.24,6883.93,6456.48,5954.11,5474.47,5056.69,4706.43,4416.44,4176.48,3976.94,3809.85,3668.84,3548.95,3446.31,3357.89,3281.31,3214.66,3156.44,3105.4,3060.55,3021.06,2986.25,2955.55,2928.47,2904.62,2883.64,2865.23,2849.14,2835.15,2823.05,2812.68,2803.89,2796.54,2790.52,2785.71,2782.03,2779.39,2777.72,2776.93,2776.98,2777.8,2779.35,2781.56,2784.41,2787.85,2791.83,2796.34,2801.33,2806.77,2812.65,2818.93,2825.58,2832.6,2839.95,2847.62,2855.59,2863.84,2872.36,2881.13,2890.14,2899.37,2908.81,2918.45,2928.29,2938.3,2948.47,2958.81,2969.3,2979.93,2990.69,3001.58,3012.59,3023.71,3034.93,3046.26,3057.67,3069.18,3080.77,3092.44,3104.18,3115.99,3127.86,3139.79,3151.78,3163.82,3175.91,3188.05,3200.22,3212.44,3224.69,3236.98,3249.29,3261.63,3274
4746.42,4994.11,5298.25,5668.92,6101.98,6550.43,6900.98,7017.39,6843.85,6451.93,5972.28,5503.19,5088.51,4737.68,4445.6,4203.09,4001,3831.54,3688.42,3566.67,3462.41,3372.58,3294.75,3227.02,3167.84,3115.95,3070.35,3030.2,2994.79,2963.55,2935.99,2911.7,2890.33,2871.56,2855.14,2840.84,2828.46,2817.83,2808.8,2801.24,2795.01,2790.01,2786.16,2783.35,2781.52,2780.59,2780.51,2781.2,2782.62,2784.73,2787.47,2790.8,2794.69,2799.1,2804.01,2809.37,2815.17,2821.37,2827.96,2834.91,2842.2,2849.8,2857.71,2865.91,2874.37,2883.09,2892.05,2901.23,2910.63,2920.23,2930.02,2939.99,2950.13,2960.43,2970.88,2981.47,2992.2,3003.06,3014.03,3025.12,3036.32,3047.61,3059,3070.48,3082.05,3093.69,3105.4,3117.19,3129.04,3140.95,3152.92,3164.94,3177.01,3189.12,3201.28,3213.48,3225.71,3237.98,3250.27,3262.6,3274.95
4724.32,4964.66,5258.38,5614.63,6029.71,6461.6,6807.75,6940.77,6800.63,6443,5986.7,5529.28,5118.63,4767.86,4474.09,4229.26,4024.77,3853.04,3707.87,3584.3,3478.44,3387.21,3308.16,3239.35,3179.21,3126.49,3080.14,3039.32,3003.32,2971.55,2943.51,2918.78,2897,2877.87,2861.12,2846.52,2833.87,2822.98,2813.71,2805.93,2799.49,2794.31,2790.28,2787.31,2785.32,2784.25,2784.03,2784.59,2785.9,2787.89,2790.52,2793.75,2797.54,2801.87,2806.68,2811.97,2817.69,2823.82,2830.33,2837.21,2844.44,2851.98,2859.83,2867.97,2876.38,2885.05,2893.96,2903.09,2912.45,2922,2931.75,2941.68,2951.78,2962.04,2972.45,2983.01,2993.71,3004.53,3015.47,3026.53,3037.7,3048.97,3060.33,3071.78,3083.32,3094.94,3106.63,3118.39,3130.22,3142.11,3154.05,3166.05,3178.1,3190.2,3202.33,3214.51,3226.73,3238.98,3251.26,3263.57,3275.9
4702.83,4936.18,5220.04,5562.72,5960.94,6376.98,6717.91,6864.76,6754.81,6430.03,5997.46,5552.7,5146.98,4796.91,4501.85,4254.96,4048.22,3874.33,3727.17,3601.83,3494.4,3401.78,3321.52,3251.64,3190.56,3137,3089.91,3048.43,3011.83,2979.53,2951.01,2925.84,2903.67,2884.18,2867.1,2852.19,2839.26,2828.12,2818.62,2810.61,2803.97,2798.6,2794.39,2791.26,2789.12,2787.9,2787.54,2787.98,2789.16,2791.04,2793.56,2796.69,2800.39,2804.63,2809.36,2814.56,2820.2,2826.25,2832.7,2839.51,2846.67,2854.16,2861.95,2870.03,2878.39,2887.01,2895.86,2904.95,2914.26,2923.77,2933.47,2943.36,2953.42,2963.65,2974.03,2984.55,2995.21,3006,3016.91,3027.94,3039.08,3050.32,3061.65,3073.08,3084.59,3096.18,3107.85,3119.59,3131.39,3143.26,3155.18,3167.16,3179.19,3191.27,3203.39,3215.55,3227.74,3239.97,3252.24,3264.53,3276.85
4681.93,4908.61,5183.13,5513.06,5895.42,6296.3,6631.37,6789.64,6706.9,6413.38,6004.68,5573.46,5173.52,4824.77,4528.85,4280.16,4071.35,3895.39,3746.31,3619.24,3510.27,3416.29,3334.83,3263.89,3201.88,3147.49,3099.66,3057.52,3020.33,2987.49,2958.49,2932.89,2910.33,2890.48,2873.07,2857.86,2844.65,2833.25,2823.51,2815.29,2808.45,2802.89,2798.5,2795.2,2792.91,2791.55,2791.05,2791.36,2792.42,2794.19,2796.61,2799.64,2803.24,2807.38,2812.03,2817.14,2822.71,2828.69,2835.06,2841.81,2848.91,2856.33,2864.06,2872.09,2880.39,2888.96,2897.77,2906.81,2916.07,2925.54,2935.2,2945.05,2955.07,2965.25,2975.6,2986.09,2996.71,3007.47,3018.35,3029.35,3040.46,3051.67,3062.98,3074.38,3085.86,3097.43,3109.07,3120.79,3132.57,3144.41,3156.31,3168.27,3180.28,3192.34,3204.44,3216.58,3228.76,3240.97,3253.22,3265.49,3277.79
4661.58,4881.89,5147.56,5465.48,5832.92,6219.32,6548.06,6715.65,6657.34,6393.39,6008.48,5591.54,5198.21,4851.41,4555.03,4304.83,4094.11,3916.2,3765.28,3636.52,3526.05,3430.73,3348.09,3276.1,3213.16,3157.95,3109.39,3066.59,3028.81,2995.44,2965.97,2939.93,2916.97,2896.76,2879.02,2863.52,2850.03,2838.38,2828.4,2819.96,2812.91,2807.16,2802.6,2799.14,2796.69,2795.18,2794.55,2794.74,2795.68,2797.33,2799.64,2802.57,2806.08,2810.13,2814.69,2819.73,2825.21,2831.12,2837.43,2844.1,2851.14,2858.5,2866.17,2874.14,2882.39,2890.91,2899.67,2908.66,2917.87,2927.3,2936.92,2946.73,2956.71,2966.86,2977.16,2987.62,2998.21,3008.94,3019.79,3030.75,3041.83,3053.02,3064.3,3075.67,3087.13,3098.67,3110.29,3121.98,3133.74,3145.56,3157.44,3169.38,3181.37,3193.4,3205.48,3217.61,3229.77,3241.96,3254.19,3266.45,3278.74
4641.77,4856,5113.27,5419.85,5773.24,6145.82,6467.86,6642.97,6606.53,6370.4,6009.04,5606.97,5221,4876.77,4580.37,4328.93,4116.49,3936.75,3784.06,3653.67,3541.72,3445.1,3361.28,3288.26,3224.4,3168.37,3119.08,3075.63,3037.27,3003.38,2973.42,2946.96,2923.61,2903.04,2884.97,2869.16,2855.4,2843.49,2833.28,2824.62,2817.37,2811.43,2806.7,2803.07,2800.47,2798.82,2798.05,2798.11,2798.93,2800.47,2802.67,2805.5,2808.92,2812.88,2817.35,2822.3,2827.71,2833.55,2839.78,2846.39,2853.36,2860.66,2868.28,2876.19,2884.39,2892.85,2901.56,2910.51,2919.68,2929.06,2938.64,2948.4,2958.35,2968.46,2978.73,2989.15,2999.71,3010.4,3021.22,3032.16,3043.21,3054.36,3065.61,3076.96,3088.39,3099.91,3111.51,3123.17,3134.91,3146.71,3158.57,3170.48,3182.45,3194.47,3206.53,3218.64,3230.78,3242.96,3255.17,3267.41,3279.68
4622.48,4830.88,5080.17,5376.04,5716.19,6075.58,6390.69,6571.73,6554.83,6344.76,6006.52,5619.8,5241.89,4900.81,4604.83,4352.43,4138.46,3957.01,3802.63,3670.67,3557.29,3459.38,3374.42,3300.38,3235.61,3178.77,3128.75,3084.65,3045.71,3011.29,2980.86,2953.97,2930.23,2909.3,2890.91,2874.8,2860.76,2848.6,2838.15,2829.27,2821.82,2815.7,2810.78,2806.99,2804.24,2802.44,2801.54,2801.47,2802.18,2803.6,2805.7,2808.43,2811.75,2815.62,2820,2824.88,2830.21,2835.97,2842.13,2848.68,2855.58,2862.82,2870.38,2878.24,2886.38,2894.79,2903.45,2912.35,2921.48,2930.81,2940.35,2950.08,2959.98,2970.06,2980.29,2990.68,3001.2,3011.86,3022.65,3033.56,3044.58,3055.7,3066.93,3078.25,3089.66,3101.15,3112.72,3124.36,3136.08,3147.85,3159.69,3171.59,3183.54,3195.53,3207.58,3219.66,3231.79,3243.95,3256.14,3268.37,3280.62
4603.67,4806.51,5048.21,5333.96,5661.6,6008.4,6316.42,6502.05,6502.54,6316.79,6001.1,5630.08,5260.84,4923.5,4628.36,4375.31,4160,3976.97,3821,3687.52,3572.74,3473.57,3387.48,3312.43,3246.77,3189.12,3138.39,3093.65,3054.13,3019.19,2988.29,2960.97,2936.83,2915.55,2896.83,2880.43,2866.11,2853.7,2843.02,2833.92,2826.27,2819.95,2814.86,2810.91,2808,2806.06,2805.03,2804.83,2805.42,2806.73,2808.72,2811.35,2814.57,2818.35,2822.65,2827.45,2832.7,2838.39,2844.48,2850.96,2857.8,2864.98,2872.48,2880.28,2888.37,2896.73,2905.34,2914.2,2923.28,2932.57,2942.06,2951.75,2961.62,2971.65,2981.85,2992.2,3002.69,3013.32,3024.08,3034.95,3045.94,3057.04,3068.24,3079.53,3090.92,3102.38,3113.93,3125.55,3137.24,3149,3160.82,3172.69,3184.62,3196.6,3208.62,3220.69,3232.79,3244.94,3257.11,3269.32,3281.56
4585.33,4782.84,5017.32,5293.49,5609.31,5944.11,6244.94,6433.98,6449.93,6286.8,5992.99,5637.86,5277.88,4944.82,4650.94,4397.53,4181.09,3996.62,3839.13,3704.2,3588.07,3487.67,3400.47,3324.43,3257.88,3199.44,3148,3102.62,3062.52,3027.06,2995.69,2967.94,2943.42,2921.79,2902.74,2886.04,2871.45,2858.78,2847.87,2838.55,2830.7,2824.2,2818.94,2814.82,2811.76,2809.68,2808.51,2808.19,2808.65,2809.85,2811.74,2814.27,2817.39,2821.08,2825.3,2830.01,2835.19,2840.8,2846.83,2853.24,2860.01,2867.13,2874.58,2882.32,2890.36,2898.67,2907.23,2916.03,2925.07,2934.32,2943.77,2953.42,2963.25,2973.25,2983.41,2993.72,3004.18,3014.78,3025.5,3036.35,3047.31,3058.38,3069.55,3080.82,3092.18,3103.62,3115.14,3126.74,3138.41,3150.14,3161.94,3173.79,3185.7,3197.66,3209.66,3221.71,3233.8,3245.92,3258.08,3270.28,3282.5
4567.44,4759.84,4987.44,5254.53,5559.18,5882.52,6176.15,6367.59,6397.23,6255.08,5982.37,5643.24,5292.99,4964.74,4672.55,4419.08,4201.7,4015.93,3857.03,3720.7,3603.27,3501.66,3413.38,3336.37,3268.94,3209.72,3157.57,3111.56,3070.89,3034.92,3003.08,2974.91,2950,2928.01,2908.64,2891.64,2876.78,2863.86,2852.71,2843.18,2835.13,2828.44,2823,2818.72,2815.51,2813.29,2811.98,2811.53,2811.88,2812.97,2814.75,2817.18,2820.21,2823.81,2827.94,2832.57,2837.67,2843.21,2849.17,2855.51,2862.22,2869.28,2876.67,2884.36,2892.34,2900.6,2909.11,2917.87,2926.86,2936.07,2945.48,2955.08,2964.87,2974.83,2984.96,2995.24,3005.67,3016.23,3026.92,3037.74,3048.67,3059.71,3070.86,3082.1,3093.43,3104.85,3116.35,3127.92,3139.57,3151.28,3163.05,3174.89,3186.77,3198.71,3210.7,3222.73,3234.8,3246.91,3259.05,3271.23,3283.43
4549.99,4737.49,4958.53,5217,5511.07,5823.49,6109.91,6302.89,6344.65,6221.88,5969.45,5646.31,5306.2,4983.25,4693.15,4439.92,4221.82,4034.89,3874.67,3737.02,3618.32,3515.55,3426.21,3348.23,3279.94,3219.95,3167.1,3120.46,3079.23,3042.74,3010.44,2981.85,2956.56,2934.22,2914.53,2897.23,2882.1,2868.93,2857.54,2847.8,2839.55,2832.67,2827.06,2822.61,2819.25,2816.89,2815.45,2814.87,2815.1,2816.08,2817.75,2820.08,2823.02,2826.53,2830.58,2835.13,2840.15,2845.62,2851.5,2857.78,2864.43,2871.43,2878.75,2886.39,2894.32,2902.53,2910.99,2919.7,2928.65,2937.81,2947.18,2956.75,2966.5,2976.42,2986.51,2996.76,3007.15,3017.68,3028.34,3039.13,3050.03,3061.05,3072.16,3083.38,3094.69,3106.08,3117.55,3129.1,3140.73,3152.42,3164.17,3175.98,3187.85,3199.77,3211.74,3223.75,3235.8,3247.89,3260.02,3272.18,3284.37
4532.95,4715.75,4930.53,5180.82,5464.87,5766.86,6046.14,6239.9,6292.34,6187.46,5954.43,5647.16,5317.53,5000.33,4712.72,4460.03,4241.43,4053.48,3892.04,3753.13,3633.23,3529.33,3438.95,3360.03,3290.89,3230.13,3176.6,3129.33,3087.54,3050.55,3017.78,2988.77,2963.1,2940.41,2920.4,2902.81,2887.4,2873.98,2862.37,2852.4,2843.95,2836.89,2831.11,2826.5,2822.99,2820.48,2818.91,2818.21,2818.32,2819.18,2820.75,2822.98,2825.82,2829.25,2833.21,2837.68,2842.62,2848.02,2853.83,2860.05,2866.63,2873.57,2880.84,2888.42,2896.3,2904.45,2912.87,2921.53,2930.43,2939.55,2948.88,2958.4,2968.12,2978.01,2988.06,2998.27,3008.63,3019.13,3029.76,3040.52,3051.39,3062.38,3073.47,3084.66,3095.94,3107.31,3118.76,3130.28,3141.88,3153.55,3165.28,3177.08,3188.92,3200.82,3212.77,3224.77,3236.8,3248.88,3260.99,3273.13,3285.3
4516.32,4694.6,4903.39,5145.91,5420.45,5712.5,5984.71,6178.62,6240.45,6152.04,5937.49,5645.9,5327.02,5015.99,4731.24,4479.4,4260.5,4071.69,3909.14,3769.04,3647.97,3542.98,3451.59,3371.75,3301.78,3240.26,3186.05,3138.17,3095.82,3058.32,3025.1,2995.67,2969.62,2946.58,2926.25,2908.37,2892.69,2879.02,2867.18,2857,2848.35,2841.1,2835.15,2830.38,2826.71,2824.06,2822.36,2821.53,2821.53,2822.28,2823.74,2825.87,2828.62,2831.96,2835.83,2840.22,2845.09,2850.41,2856.16,2862.31,2868.83,2875.71,2882.92,2890.44,2898.27,2906.37,2914.74,2923.36,2932.21,2941.29,2950.57,2960.06,2969.73,2979.59,2989.6,2999.78,3010.11,3020.58,3031.18,3041.9,3052.75,3063.71,3074.77,3085.93,3097.19,3108.53,3119.96,3131.46,3143.04,3154.69,3166.4,3178.17,3190,3201.88,3213.81,3225.78,3237.8,3249.86,3261.95,3274.08,3286.23
4500.07,4674.01,4877.08,5112.2,5377.72,5660.27,5925.53,6119.04,6189.09,6115.82,5918.83,5642.64,5334.72,5030.21,4748.71,4497.99,4279.02,4089.49,3925.94,3784.74,3662.56,3556.51,3464.13,3383.39,3312.6,3250.34,3195.45,3146.97,3104.07,3066.07,3032.39,3002.55,2976.12,2952.73,2932.09,2913.91,2897.97,2884.05,2871.98,2861.59,2852.74,2845.31,2839.18,2834.25,2830.43,2827.64,2825.81,2824.85,2824.73,2825.37,2826.73,2828.76,2831.42,2834.66,2838.45,2842.76,2847.56,2852.81,2858.48,2864.56,2871.02,2877.84,2884.99,2892.46,2900.23,2908.29,2916.61,2925.18,2933.99,2943.02,2952.27,2961.71,2971.35,2981.16,2991.15,3001.29,3011.58,3022.02,3032.59,3043.28,3054.1,3065.03,3076.07,3087.2,3098.43,3109.75,3121.15,3132.64,3144.19,3155.82,3167.51,3179.26,3191.07,3202.93,3214.84,3226.79,3238.79,3250.83,3262.91,3275.02,3287.16
4484.19,4653.96,4851.56,5079.63,5336.58,5610.07,5868.49,6061.13,6138.37,6078.99,5898.62,5637.51,5340.66,5043.02,4765.1,4515.8,4296.97,4106.89,3942.44,3800.2,3676.97,3569.9,3476.57,3394.95,3323.35,3260.36,3204.81,3155.73,3112.28,3073.79,3039.66,3009.41,2982.6,2958.87,2937.91,2919.44,2903.23,2889.07,2876.76,2866.16,2857.12,2849.5,2843.2,2838.11,2834.14,2831.21,2829.24,2828.17,2827.92,2828.46,2829.71,2831.64,2834.2,2837.36,2841.07,2845.3,2850.01,2855.19,2860.8,2866.81,2873.21,2879.97,2887.06,2894.48,2902.2,2910.2,2918.47,2927,2935.76,2944.75,2953.96,2963.36,2972.96,2982.74,2992.69,3002.79,3013.05,3023.46,3034,3044.66,3055.45,3066.35,3077.36,3088.47,3099.68,3110.97,3122.35,3133.81,3145.34,3156.95,3168.62,3180.35,3192.13,3203.98,3215.87,3227.81,3239.79,3251.81,3263.87,3275.96,3288.09
4468.66,4634.42,4826.78,5048.13,5296.94,5561.77,5813.49,6004.86,6088.35,6041.71,5877.05,5630.61,5344.91,5054.42,4780.41,4532.82,4314.34,4123.85,3958.62,3815.43,3691.2,3583.15,3488.9,3406.42,3334.03,3270.33,3214.12,3164.44,3120.46,3081.47,3046.9,3016.24,2989.06,2964.99,2943.72,2924.96,2908.48,2894.07,2881.54,2870.72,2861.48,2853.68,2847.21,2841.96,2837.84,2834.77,2832.67,2831.47,2831.11,2831.53,2832.69,2834.52,2836.99,2840.05,2843.68,2847.83,2852.47,2857.57,2863.11,2869.06,2875.39,2882.09,2889.13,2896.49,2904.16,2912.11,2920.33,2928.81,2937.53,2946.48,2955.64,2965.01,2974.57,2984.31,2994.22,3004.3,3014.52,3024.9,3035.4,3046.04,3056.8,3067.67,3078.66,3089.74,3100.92,3112.19,3123.54,3134.98,3146.49,3158.07,3169.72,3181.43,3193.2,3205.02,3216.89,3228.82,3240.78,3252.78,3264.83,3276.91,3289.01
4453.48,4615.37,4802.72,5017.66,5258.71,5515.27,5760.45,5950.22,6039.11,6004.12,5854.27,5622.08,5347.53,5064.44,4794.64,4549.02,4331.11,4140.38,3974.47,3830.42,3705.25,3596.26,3501.11,3417.8,3344.64,3280.23,3223.38,3173.12,3128.6,3089.13,3054.11,3023.05,2995.5,2971.09,2949.5,2930.46,2913.72,2899.06,2886.3,2875.28,2865.84,2857.86,2851.21,2845.81,2841.54,2838.33,2836.09,2834.77,2834.29,2834.61,2835.65,2837.39,2839.76,2842.74,2846.28,2850.35,2854.92,2859.95,2865.42,2871.3,2877.57,2884.21,2891.19,2898.5,2906.11,2914.01,2922.19,2930.62,2939.3,2948.2,2957.33,2966.65,2976.17,2985.88,2995.75,3005.79,3015.99,3026.33,3036.81,3047.41,3058.15,3068.99,3079.95,3091,3102.16,3113.4,3124.74,3136.15,3147.64,3159.2,3170.82,3182.51,3194.26,3206.07,3217.92,3229.82,3241.77,3253.76,3265.78,3277.84,3289.94
4438.64,4596.8,4779.33,4988.16,5221.82,5470.48,5709.28,5897.16,5990.7,5966.35,5830.43,5612.02,5348.58,5073.09,4807.78,4564.39,4347.26,4156.45,3989.99,3845.15,3719.1,3609.22,3513.21,3429.08,3355.17,3290.07,3232.59,3181.75,3136.7,3096.75,3061.3,3029.83,3001.91,2977.16,2955.27,2935.94,2918.93,2904.03,2891.05,2879.81,2870.18,2862.02,2855.21,2849.64,2845.22,2841.87,2839.51,2838.06,2837.47,2837.67,2838.61,2840.25,2842.53,2845.42,2848.88,2852.87,2857.36,2862.32,2867.72,2873.54,2879.75,2886.33,2893.25,2900.5,2908.06,2915.92,2924.04,2932.43,2941.06,2949.92,2959,2968.29,2977.78,2987.44,2997.28,3007.29,3017.45,3027.76,3038.21,3048.79,3059.49,3070.31,3081.23,3092.27,3103.4,3114.62,3125.93,3137.32,3148.78,3160.32,3171.93,3183.6,3195.32,3207.11,3218.94,3230.83,3242.76,3254.73,3266.74,3278.78,3290.86
4424.11,4578.69,4756.59,4959.58,5186.2,5427.3,5659.88,5845.64,5943.14,5928.52,5805.69,5600.56,5348.13,5080.4,4819.84,4578.94,4362.79,4172.06,4005.16,3859.61,3732.74,3622.02,3525.18,3440.27,3365.62,3299.84,3241.74,3190.33,3144.76,3104.34,3068.45,3036.58,3008.3,2983.22,2961.02,2941.41,2924.14,2908.99,2895.78,2884.34,2874.51,2866.17,2859.19,2853.46,2848.9,2845.41,2842.91,2841.34,2840.64,2840.73,2841.57,2843.11,2845.3,2848.1,2851.47,2855.38,2859.8,2864.69,2870.02,2875.77,2881.92,2888.44,2895.31,2902.5,2910.01,2917.81,2925.89,2934.23,2942.82,2951.64,2960.68,2969.93,2979.37,2989.01,2998.81,3008.78,3018.91,3029.19,3039.61,3050.15,3060.83,3071.62,3082.52,3093.53,3104.63,3115.83,3127.11,3138.48,3149.92,3161.44,3173.03,3184.68,3196.38,3208.15,3219.97,3231.83,3243.74,3255.7,3267.69,3279.72,3291.78
4409.89,4561.01,4734.48,4931.88,5151.78,5385.65,5612.18,5795.62,5896.48,5890.73,5780.16,5587.81,5346.26,5086.41,4830.83,4592.65,4377.69,4187.19,4019.97,3873.8,3746.18,3634.66,3537.02,3451.35,3375.99,3309.54,3250.83,3198.86,3152.78,3111.89,3075.57,3043.31,3014.66,2989.25,2966.74,2946.85,2929.32,2913.94,2900.51,2888.85,2878.83,2870.31,2863.16,2857.28,2852.56,2848.94,2846.31,2844.62,2843.79,2843.78,2844.52,2845.96,2848.05,2850.77,2854.06,2857.89,2862.23,2867.05,2872.31,2878,2884.09,2890.54,2897.36,2904.5,2911.95,2919.71,2927.74,2936.03,2944.58,2953.35,2962.35,2971.56,2980.97,2990.56,3000.34,3010.27,3020.37,3030.62,3041,3051.52,3062.17,3072.93,3083.8,3094.78,3105.86,3117.04,3128.3,3139.64,3151.06,3162.56,3174.12,3185.75,3197.44,3209.19,3220.99,3232.83,3244.73,3256.67,3268.64,3280.65,3292.7
4395.97,4543.75,4712.96,4905.01,5118.5,5345.45,5566.1,5747.07,5850.74,5853.05,5753.98,5573.88,5343.03,5091.15,4840.76,4605.53,4391.95,4201.83,4034.41,3887.72,3759.4,3647.13,3548.73,3462.32,3386.27,3319.17,3259.86,3207.34,3160.76,3119.4,3082.65,3050.01,3021,2995.26,2972.45,2952.28,2934.49,2918.87,2905.21,2893.35,2883.14,2874.44,2867.12,2861.08,2856.22,2852.45,2849.7,2847.89,2846.95,2846.82,2847.46,2848.8,2850.8,2853.43,2856.64,2860.39,2864.66,2869.4,2874.6,2880.22,2886.25,2892.65,2899.4,2906.49,2913.89,2921.6,2929.58,2937.83,2946.33,2955.06,2964.02,2973.19,2982.56,2992.12,3001.86,3011.76,3021.82,3032.04,3042.39,3052.88,3063.5,3074.24,3085.08,3096.04,3107.09,3118.24,3129.48,3140.8,3152.2,3163.68,3175.22,3186.83,3198.5,3210.22,3222,3233.83,3245.71,3257.63,3269.59,3281.59,3293.62
4382.34,4526.89,4692.01,4878.93,5086.3,5306.63,5521.57,5699.93,5805.91,5815.58,5727.26,5558.88,5338.53,5094.67,4849.63,4617.56,4405.56,4215.98,4048.47,3901.34,3772.4,3659.42,3560.3,3473.18,3396.45,3328.73,3268.83,3215.77,3168.68,3126.87,3089.71,3056.67,3027.32,3001.25,2978.14,2957.69,2939.64,2923.78,2909.9,2897.84,2887.44,2878.55,2871.07,2864.87,2859.87,2855.96,2853.08,2851.14,2850.09,2849.86,2850.39,2851.63,2853.55,2856.09,2859.21,2862.89,2867.08,2871.75,2876.88,2882.44,2888.4,2894.74,2901.44,2908.48,2915.83,2923.48,2931.42,2939.62,2948.08,2956.77,2965.69,2974.82,2984.15,2993.67,3003.37,3013.24,3023.28,3033.46,3043.78,3054.24,3064.83,3075.54,3086.36,3097.29,3108.32,3119.44,3130.66,3141.96,3153.34,3164.79,3176.31,3187.9,3199.55,3211.26,3223.02,3234.83,3246.69,3258.59,3270.54,3282.52,3294.53
4368.98,4510.42,4671.6,4853.62,5055.13,5269.12,5478.51,5654.16,5762.03,5778.36,5700.09,5542.92,5332.82,5096.99,4857.47,4628.75,4418.51,4229.63,4062.16,3914.67,3785.18,3671.54,3571.73,3483.93,3406.55,3338.2,3277.73,3224.14,3176.57,3134.3,3096.72,3063.31,3033.6,3007.21,2983.8,2963.07,2944.77,2928.67,2914.58,2902.31,2891.72,2882.66,2875.01,2868.65,2863.5,2859.46,2856.45,2854.39,2853.23,2852.88,2853.31,2854.46,2856.29,2858.74,2861.78,2865.38,2869.5,2874.1,2879.16,2884.66,2890.55,2896.84,2903.48,2910.46,2917.76,2925.36,2933.25,2941.41,2949.82,2958.47,2967.35,2976.44,2985.74,2995.22,3004.89,3014.73,3024.72,3034.88,3045.17,3055.6,3066.16,3076.84,3087.64,3098.54,3109.55,3120.65,3131.84,3143.11,3154.47,3165.9,3177.4,3188.97,3200.6,3212.29,3224.03,3235.83,3247.67,3259.56,3271.48,3283.45,3295.45
4355.9,4494.33,4651.71,4829.03,5024.93,5232.85,5436.87,5609.73,5719.08,5741.47,5672.57,5526.09,5325.99,5098.17,4864.3,4639.11,4430.81,4242.77,4075.45,3927.7,3797.71,3683.47,3583.01,3494.56,3416.54,3347.6,3286.57,3232.45,3184.4,3141.69,3103.71,3069.91,3039.86,3013.15,2989.44,2968.44,2949.89,2933.55,2919.24,2906.77,2895.98,2886.75,2878.93,2872.43,2867.13,2862.95,2859.81,2857.63,2856.35,2855.9,2856.23,2857.29,2859.02,2861.38,2864.35,2867.86,2871.91,2876.44,2881.43,2886.86,2892.7,2898.92,2905.51,2912.44,2919.69,2927.24,2935.08,2943.19,2951.56,2960.17,2969.01,2978.06,2987.32,2996.77,3006.4,3016.2,3026.17,3036.29,3046.55,3056.96,3067.49,3078.14,3088.91,3099.79,3110.77,3121.84,3133.01,3144.27,3155.6,3167.01,3178.49,3190.04,3201.65,3213.32,3225.05,3236.82,3248.65,3260.52,3272.43,3284.37,3296.36
4343.07,4478.6,4632.32,4805.12,4995.67,5197.77,5396.57,5566.58,5677.07,5704.93,5644.79,5508.48,5318.11,5098.26,4870.13,4648.64,4442.44,4255.39,4088.34,3940.42,3810.01,3695.21,3594.14,3505.07,3426.44,3356.92,3295.34,3240.71,3192.19,3149.04,3110.65,3076.48,3046.09,3019.06,2995.06,2973.79,2954.98,2938.41,2923.88,2911.21,2900.24,2890.83,2882.85,2876.19,2870.75,2866.43,2863.16,2860.87,2859.47,2858.92,2859.14,2860.1,2861.74,2864.02,2866.9,2870.34,2874.31,2878.77,2883.7,2889.07,2894.84,2901.01,2907.54,2914.41,2921.61,2929.11,2936.91,2944.97,2953.3,2961.86,2970.66,2979.68,2988.9,2998.31,3007.91,3017.68,3027.61,3037.7,3047.94,3058.31,3068.81,3079.44,3090.18,3101.03,3111.99,3123.04,3134.19,3145.42,3156.73,3168.12,3179.58,3191.11,3202.7,3214.35,3226.06,3237.82,3249.62,3261.47,3273.37,3285.3,3297.27
4330.5,4463.21,4613.42,4781.88,4967.29,5163.81,5357.56,5524.69,5635.99,5668.81,5616.82,5490.19,5309.24,5097.3,4875,4657.35,4453.41,4267.49,4100.82,3952.82,3822.05,3706.75,3605.11,3515.45,3436.23,3366.15,3304.04,3248.91,3199.92,3156.34,3117.55,3083.02,3052.28,3024.94,3000.65,2979.11,2960.05,2943.26,2928.51,2915.64,2904.48,2894.89,2886.75,2879.93,2874.35,2869.9,2866.51,2864.09,2862.58,2861.92,2862.05,2862.91,2864.46,2866.65,2869.45,2872.82,2876.71,2881.1,2885.96,2891.26,2896.98,2903.09,2909.56,2916.38,2923.53,2930.98,2938.73,2946.75,2955.03,2963.56,2972.31,2981.29,2990.47,2999.85,3009.41,3019.15,3029.05,3039.11,3049.31,3059.66,3070.13,3080.73,3091.45,3102.27,3113.21,3124.23,3135.36,3146.56,3157.86,3169.22,3180.66,3192.17,3203.74,3215.38,3227.07,3238.81,3250.6,3262.43,3274.31,3286.22,3298.18
4318.17,4448.16,4594.97,4759.27,4939.76,5130.91,5319.78,5483.99,5595.84,5633.12,5588.73,5471.29,5299.48,5095.33,4878.92,4665.25,4463.72,4279.07,4112.89,3964.9,3833.85,3718.1,3615.93,3525.7,3445.92,3375.29,3312.66,3257.04,3207.6,3163.6,3124.42,3089.52,3058.45,3030.8,3006.22,2984.41,2965.11,2948.08,2933.12,2920.05,2908.7,2898.94,2890.64,2883.67,2877.94,2873.36,2869.84,2867.3,2865.68,2864.91,2864.94,2865.71,2867.17,2869.28,2872,2875.28,2879.1,2883.42,2888.22,2893.46,2899.11,2905.16,2911.58,2918.34,2925.44,2932.85,2940.55,2948.52,2956.76,2965.24,2973.96,2982.9,2992.04,3001.39,3010.91,3020.62,3030.49,3040.51,3050.69,3061,3071.45,3082.02,3092.71,3103.51,3114.42,3125.43,3136.52,3147.71,3158.98,3170.33,3181.75,3193.23,3204.79,3216.4,3228.07,3239.79,3251.57,3263.38,3275.25,3287.15,3299.08
4306.08,4433.43,4576.97,4737.26,4913.03,5099.04,5283.17,5444.46,5556.6,5597.9,5560.58,5451.86,5288.87,5092.42,4881.92,4672.35,4473.37,4290.12,4124.55,3976.66,3845.39,3729.24,3626.58,3535.82,3455.5,3384.34,3321.21,3265.12,3215.22,3170.81,3131.24,3095.99,3064.58,3036.62,3011.76,2989.69,2970.14,2952.89,2937.71,2924.44,2912.91,2902.98,2894.51,2887.4,2881.53,2876.81,2873.16,2870.51,2868.78,2867.9,2867.83,2868.5,2869.87,2871.9,2874.53,2877.74,2881.49,2885.74,2890.47,2895.64,2901.24,2907.23,2913.59,2920.3,2927.35,2934.71,2942.36,2950.29,2958.48,2966.93,2975.6,2984.5,2993.61,3002.92,3012.41,3022.08,3031.92,3041.92,3052.06,3062.35,3072.77,3083.31,3093.98,3104.75,3115.63,3126.61,3137.69,3148.85,3160.1,3171.43,3182.83,3194.3,3205.83,3217.42,3229.08,3240.78,3252.54,3264.34,3276.18,3288.07,3299.99
4294.22,4419.02,4559.4,4715.84,4887.07,5068.15,5247.69,5406.05,5518.26,5563.17,5532.43,5431.98,5277.5,5088.6,4884.04,4678.66,4482.37,4300.64,4135.79,3988.08,3856.67,3740.18,3637.06,3545.8,3464.97,3393.31,3329.68,3273.12,3222.79,3177.97,3138.02,3102.42,3070.68,3042.42,3017.28,2994.94,2975.15,2957.67,2942.29,2928.82,2917.11,2907,2898.38,2891.11,2885.1,2880.25,2876.48,2873.7,2871.86,2870.88,2870.71,2871.29,2872.57,2874.51,2877.06,2880.19,2883.87,2888.05,2892.71,2897.82,2903.36,2909.29,2915.6,2922.26,2929.25,2936.56,2944.17,2952.05,2960.21,2968.61,2977.24,2986.11,2995.18,3004.45,3013.91,3023.55,3033.35,3043.32,3053.43,3063.69,3074.08,3084.6,3095.23,3105.99,3116.84,3127.8,3138.85,3149.99,3161.22,3172.53,3183.9,3195.35,3206.87,3218.44,3230.08,3241.77,3253.5,3265.29,3277.12,3288.98,3300.89
4282.57,4404.91,4542.23,4694.96,4861.84,5038.18,5213.29,5368.73,5480.81,5528.96,5504.33,5411.7,5265.42,5083.93,4885.31,4684.21,4490.71,4310.64,4146.61,3999.17,3867.68,3750.9,3647.38,3555.65,3474.33,3402.17,3338.07,3281.06,3230.31,3185.08,3144.76,3108.81,3076.75,3048.19,3022.77,3000.17,2980.14,2962.44,2946.85,2933.19,2921.29,2911.01,2902.23,2894.81,2888.66,2883.68,2879.78,2876.89,2874.94,2873.85,2873.58,2874.06,2875.26,2877.11,2879.59,2882.64,2886.24,2890.36,2894.95,2900,2905.47,2911.35,2917.6,2924.21,2931.15,2938.41,2945.97,2953.82,2961.92,2970.28,2978.88,2987.7,2996.74,3005.97,3015.4,3025,3034.78,3044.71,3054.8,3065.03,3075.39,3085.88,3096.49,3107.22,3118.05,3128.98,3140.01,3151.13,3162.34,3173.62,3184.98,3196.41,3207.9,3219.46,3231.08,3242.75,3254.47,3266.24,3278.05,3289.9,3301.79
4271.15,4391.08,4525.46,4674.62,4837.32,5009.1,5179.92,5332.45,5444.23,5495.26,5476.31,5391.1,5252.7,5078.46,4885.75,4689,4498.41,4320.1,4157,4009.92,3878.42,3761.4,3657.51,3565.35,3483.57,3410.94,3346.38,3288.93,3237.76,3192.14,3151.46,3115.16,3082.79,3053.93,3028.23,3005.38,2985.11,2967.18,2951.39,2937.53,2925.45,2915.01,2906.06,2898.5,2892.21,2887.09,2883.07,2880.07,2878,2876.81,2876.44,2876.83,2877.94,2879.71,2882.1,2885.08,2888.61,2892.66,2897.19,2902.17,2907.58,2913.4,2919.6,2926.15,2933.05,2940.26,2947.77,2955.57,2963.64,2971.96,2980.51,2989.3,2998.3,3007.5,3016.89,3026.46,3036.2,3046.1,3056.16,3066.36,3076.7,3087.16,3097.75,3108.45,3119.26,3130.17,3141.17,3152.27,3163.45,3174.72,3186.05,3197.46,3208.94,3220.48,3232.08,3243.73,3255.43,3267.18,3278.98,3290.82,3302.69
4259.93,4377.54,4509.07,4654.79,4813.47,4980.86,5147.53,5297.18,5408.5,5462.1,5448.42,5370.22,5239.39,5072.23,4885.4,4693.05,4505.47,4329.03,4166.96,4020.33,3888.88,3771.69,3667.47,3574.91,3492.69,3419.61,3354.61,3296.73,3245.15,3199.15,3158.1,3121.47,3088.78,3059.63,3033.66,3010.56,2990.06,2971.91,2955.9,2941.86,2929.6,2918.99,2909.89,2902.17,2895.74,2890.5,2886.36,2883.23,2881.06,2879.76,2879.3,2879.59,2880.61,2882.3,2884.61,2887.52,2890.97,2894.95,2899.41,2904.34,2909.69,2915.45,2921.59,2928.1,2934.94,2942.1,2949.57,2957.32,2965.35,2973.62,2982.14,2990.89,2999.85,3009.02,3018.37,3027.91,3037.62,3047.49,3057.52,3067.69,3078,3088.44,3099,3109.67,3120.46,3131.34,3142.33,3153.4,3164.56,3175.81,3187.13,3198.52,3209.97,3221.49,3233.07,3244.71,3256.39,3268.13,3279.91,3291.73,3303.59
4248.92,4364.28,4493.05,4635.45,4790.26,4953.44,5116.09,5262.88,5373.62,5429.49,5420.7,5349.12,5225.56,5065.3,4884.29,4696.39,4511.9,4337.44,4176.49,4030.38,3899.07,3781.75,3677.25,3584.32,3501.68,3428.18,3362.75,3304.46,3252.48,3206.11,3164.71,3127.74,3094.75,3065.31,3039.07,3015.72,2994.98,2976.61,2960.41,2946.17,2933.73,2922.95,2913.69,2905.83,2899.27,2893.89,2889.63,2886.39,2884.1,2882.71,2882.14,2882.35,2883.27,2884.88,2887.11,2889.94,2893.33,2897.24,2901.64,2906.5,2911.79,2917.49,2923.58,2930.03,2936.82,2943.94,2951.36,2959.07,2967.05,2975.29,2983.77,2992.48,3001.4,3010.53,3019.85,3029.36,3039.04,3048.88,3058.88,3069.02,3079.3,3089.71,3100.25,3110.9,3121.66,3132.52,3143.48,3154.53,3165.67,3176.9,3188.19,3199.56,3211,3222.5,3234.07,3245.68,3257.35,3269.07,3280.83,3292.64,3304.49
4238.1,4351.27,4477.38,4616.58,4767.67,4926.79,5085.55,5229.53,5339.55,5397.43,5393.17,5327.85,5211.26,5057.71,4882.46,4699.02,4517.72,4345.32,4185.59,4040.1,3908.98,3791.58,3686.85,3593.58,3510.56,3436.65,3370.81,3312.11,3259.75,3213.01,3171.26,3133.97,3100.67,3070.95,3044.45,3020.85,2999.88,2981.29,2964.89,2950.46,2937.85,2926.9,2917.49,2909.48,2902.78,2897.27,2892.89,2889.53,2887.14,2885.64,2884.98,2885.09,2885.93,2887.45,2889.61,2892.36,2895.68,2899.52,2903.85,2908.65,2913.88,2919.53,2925.56,2931.96,2938.71,2945.77,2953.15,2960.81,2968.75,2976.95,2985.39,2994.06,3002.95,3012.04,3021.33,3030.81,3040.45,3050.27,3060.23,3070.35,3080.6,3090.98,3101.49,3112.12,3122.85,3133.69,3144.63,3155.66,3166.78,3177.98,3189.26,3200.61,3212.03,3223.51,3235.06,3246.66,3258.31,3270.01,3281.76,3293.55,3305.38
4227.47,4338.52,4462.05,4598.16,4745.67,4900.88,5055.88,5197.08,5306.28,5365.92,5365.86,5306.45,5196.53,5049.5,4879.94,4700.99,4522.93,4352.69,4194.27,4049.46,3918.6,3801.19,3696.26,3602.68,3519.3,3445.01,3378.77,3319.69,3266.95,3219.85,3177.77,3140.16,3106.56,3076.56,3049.79,3025.95,3004.75,2985.95,2969.35,2954.73,2941.95,2930.84,2921.27,2913.12,2906.28,2900.64,2896.14,2892.67,2890.17,2888.57,2887.81,2887.83,2888.58,2890.02,2892.1,2894.78,2898.02,2901.79,2906.06,2910.8,2915.97,2921.56,2927.54,2933.89,2940.58,2947.6,2954.93,2962.55,2970.45,2978.61,2987.01,2995.64,3004.49,3013.55,3022.81,3032.25,3041.86,3051.65,3061.58,3071.67,3081.9,3092.25,3102.74,3113.34,3124.05,3134.87,3145.78,3156.79,3167.89,3179.07,3190.33,3201.66,3213.06,3224.52,3236.05,3247.63,3259.27,3270.95,3282.68,3294.46,3306.27
4217.03,4326.02,4447.05,4580.18,4724.23,4875.68,5027.04,5165.5,5273.8,5334.97,5338.79,5284.95,5181.42,5040.73,4876.76,4702.3,4527.54,4359.54,4202.51,4058.47,3927.94,3810.56,3705.48,3611.64,3527.92,3453.26,3386.65,3327.19,3274.09,3226.64,3184.23,3146.31,3112.41,3082.13,3055.11,3031.02,3009.6,2990.59,2973.79,2958.99,2946.03,2934.76,2925.03,2916.74,2909.76,2904,2899.37,2895.79,2893.18,2891.48,2890.63,2890.56,2891.22,2892.58,2894.58,2897.18,2900.36,2904.06,2908.26,2912.94,2918.06,2923.59,2929.51,2935.81,2942.45,2949.43,2956.71,2964.29,2972.14,2980.26,2988.62,2997.22,3006.03,3015.06,3024.28,3033.69,3043.27,3053.02,3062.93,3072.99,3083.19,3093.52,3103.98,3114.55,3125.24,3136.03,3146.93,3157.91,3168.99,3180.15,3191.39,3202.7,3214.08,3225.53,3237.04,3248.6,3260.22,3271.89,3283.6,3295.36,3307.16
4206.77,4313.76,4432.37,4562.62,4703.34,4851.16,4999,5134.77,5242.08,5304.57,5311.98,5263.41,5165.98,5031.42,4872.95,4702.97,4531.56,4365.88,4210.33,4067.12,3936.99,3819.69,3714.5,3620.43,3536.41,3461.4,3394.43,3334.62,3281.16,3233.37,3190.63,3152.41,3118.22,3087.67,3060.39,3036.07,3014.42,2995.21,2978.2,2963.22,2950.09,2938.66,2928.78,2920.35,2913.23,2907.35,2902.6,2898.91,2896.19,2894.39,2893.44,2893.28,2893.86,2895.13,2897.05,2899.58,2902.69,2906.32,2910.46,2915.07,2920.13,2925.61,2931.48,2937.73,2944.32,2951.25,2958.49,2966.02,2973.83,2981.91,2990.23,2998.79,3007.57,3016.56,3025.75,3035.12,3044.68,3054.4,3064.28,3074.31,3084.48,3094.78,3105.21,3115.77,3126.43,3137.2,3148.07,3159.04,3170.09,3181.23,3192.45,3203.74,3215.1,3226.53,3238.02,3249.57,3261.17,3272.82,3284.52,3296.27,3308.05
4196.69,4301.73,4418,4545.46,4682.97,4827.3,4971.73,5104.84,5211.1,5274.73,5285.45,5241.84,5150.25,5021.63,4868.56,4703.04,4535.02,4371.72,4217.72,4075.43,3945.75,3828.59,3723.33,3629.06,3544.76,3469.44,3402.12,3341.96,3288.17,3240.04,3196.99,3158.46,3124,3093.18,3065.65,3041.09,3019.22,2999.8,2982.6,2967.44,2954.14,2942.54,2932.52,2923.94,2916.69,2910.68,2905.82,2902.01,2899.19,2897.29,2896.24,2895.99,2896.48,2897.67,2899.52,2901.98,2905.01,2908.58,2912.65,2917.21,2922.2,2927.63,2933.44,2939.64,2946.18,2953.06,2960.26,2967.75,2975.52,2983.55,2991.83,3000.36,3009.1,3018.06,3027.21,3036.55,3046.08,3055.77,3065.62,3075.62,3085.76,3096.04,3106.45,3116.98,3127.62,3138.36,3149.21,3160.16,3171.19,3182.31,3193.51,3204.78,3216.12,3227.53,3239.01,3250.54,3262.12,3273.76,3285.44,3297.17,3308.94
4186.77,4289.92,4403.92,4528.69,4663.11,4804.06,4945.19,5075.71,5180.85,5245.43,5259.21,5220.28,5134.26,5011.39,4863.61,4702.53,4537.92,4377.07,4224.69,4083.38,3954.21,3837.25,3731.97,3637.53,3552.98,3477.35,3409.72,3349.22,3295.1,3246.66,3203.29,3164.47,3129.73,3098.65,3070.87,3046.08,3023.99,3004.37,2986.98,2971.64,2958.17,2946.41,2936.24,2927.52,2920.14,2914,2909.02,2905.1,2902.17,2900.17,2899.03,2898.69,2899.1,2900.21,2901.98,2904.36,2907.32,2910.83,2914.84,2919.33,2924.27,2929.64,2935.4,2941.54,2948.04,2954.87,2962.02,2969.47,2977.2,2985.19,2993.44,3001.92,3010.63,3019.55,3028.67,3037.98,3047.48,3057.14,3066.96,3076.93,3087.05,3097.3,3107.68,3118.18,3128.8,3139.52,3150.35,3161.27,3172.29,3183.38,3194.56,3205.82,3217.14,3228.53,3239.99,3251.5,3263.07,3274.69,3286.36,3298.07,3309.82
4177.02,4278.33,4390.13,4512.3,4643.72,4781.42,4919.36,5047.32,5151.31,5216.69,5233.28,5198.75,5118.06,5000.73,4858.13,4701.45,4540.29,4381.93,4231.24,4090.98,3962.39,3845.67,3740.41,3645.84,3561.07,3485.16,3417.22,3356.41,3301.96,3253.21,3209.54,3170.44,3135.42,3104.08,3076.06,3051.04,3028.74,3008.91,2991.33,2975.81,2962.17,2950.26,2939.94,2931.08,2923.57,2917.31,2912.21,2908.18,2905.15,2903.05,2901.81,2901.38,2901.71,2902.74,2904.43,2906.74,2909.63,2913.07,2917.02,2921.45,2926.33,2931.64,2937.35,2943.44,2949.89,2956.68,2963.78,2971.18,2978.87,2986.83,2995.03,3003.48,3012.15,3021.04,3030.13,3039.41,3048.87,3058.5,3068.29,3078.24,3088.33,3098.56,3108.91,3119.39,3129.98,3140.68,3151.49,3162.39,3173.38,3184.46,3195.61,3206.85,3218.16,3229.53,3240.97,3252.46,3264.01,3275.62,3287.27,3298.97,3310.71
4167.43,4266.96,4376.61,4496.26,4624.8,4759.36,4894.2,5019.67,5122.45,5188.48,5207.67,5177.29,5101.68,4989.71,4852.16,4699.83,4542.12,4386.32,4237.37,4098.22,3970.27,3853.85,3748.64,3653.98,3569.01,3492.85,3424.62,3363.5,3308.75,3259.7,3215.74,3176.35,3141.07,3109.47,3081.22,3055.97,3033.46,3013.43,2995.67,2979.97,2966.17,2954.1,2943.63,2934.63,2926.99,2920.61,2915.39,2911.25,2908.12,2905.92,2904.58,2904.07,2904.31,2905.26,2906.87,2909.11,2911.93,2915.3,2919.19,2923.56,2928.39,2933.64,2939.3,2945.34,2951.74,2958.48,2965.54,2972.9,2980.54,2988.46,2996.63,3005.04,3013.67,3022.53,3031.58,3040.83,3050.26,3059.86,3069.63,3079.54,3089.61,3099.81,3110.14,3120.59,3131.16,3141.84,3152.62,3163.5,3174.47,3185.53,3196.67,3207.88,3219.17,3230.52,3241.94,3253.42,3264.96,3276.55,3288.18,3299.86,3311.59
4158,4255.79,4363.37,4480.58,4606.33,4737.85,4869.7,4992.72,5094.27,5160.81,5182.38,5155.91,5085.15,4978.34,4845.73,4697.7,4543.45,4390.23,4243.09,4105.12,3977.86,3861.78,3756.67,3661.95,3576.81,3500.42,3431.92,3370.52,3315.47,3266.12,3221.88,3182.22,3146.67,3114.83,3086.34,3060.87,3038.15,3017.92,2999.98,2984.1,2970.14,2957.92,2947.3,2938.17,2930.4,2923.89,2918.56,2914.31,2911.07,2908.77,2907.35,2906.74,2906.9,2907.77,2909.31,2911.47,2914.23,2917.53,2921.36,2925.67,2930.43,2935.63,2941.24,2947.23,2953.58,2960.27,2967.29,2974.61,2982.21,2990.09,2998.22,3006.59,3015.19,3024.01,3033.03,3042.25,3051.65,3061.22,3070.96,3080.85,3090.88,3101.06,3111.36,3121.79,3132.34,3142.99,3153.75,3164.61,3175.56,3186.6,3197.71,3208.91,3220.18,3231.52,3242.92,3254.38,3265.9,3277.47,3289.09,3300.76,3312.47
4148.72,4244.82,4350.38,4465.23,4588.28,4716.88,4845.82,4966.45,5066.73,5133.67,5157.43,5134.63,5068.49,4966.66,4838.86,4695.07,4544.28,4393.69,4248.41,4111.67,3985.16,3869.47,3764.5,3669.75,3584.48,3507.87,3439.12,3377.44,3322.12,3272.49,3227.97,3188.04,3152.23,3120.15,3091.43,3065.74,3042.81,3022.39,3004.26,2988.22,2974.09,2961.71,2950.96,2941.68,2933.79,2927.16,2921.71,2917.36,2914.01,2911.62,2910.1,2909.41,2909.48,2910.27,2911.74,2913.83,2916.52,2919.75,2923.52,2927.77,2932.48,2937.62,2943.18,2949.12,2955.42,2962.07,2969.03,2976.31,2983.87,2991.71,2999.8,3008.14,3016.71,3025.49,3034.48,3043.66,3053.03,3062.58,3072.28,3082.14,3092.15,3102.3,3112.58,3122.99,3133.51,3144.14,3154.88,3165.72,3176.64,3187.66,3198.76,3209.94,3221.19,3232.51,3243.89,3255.34,3266.84,3278.39,3290,3301.65,3313.34
4139.6,4234.04,4337.65,4450.21,4570.66,4696.42,4822.55,4940.83,5039.83,5107.05,5132.81,5113.47,5051.73,4954.7,4831.58,4691.98,4544.64,4396.69,4253.33,4117.88,3992.16,3876.91,3772.13,3677.38,3591.99,3515.2,3446.22,3384.28,3328.68,3278.78,3234,3193.81,3157.75,3125.43,3096.48,3070.58,3047.45,3026.84,3008.53,2992.31,2978.02,2965.5,2954.59,2945.19,2937.16,2930.42,2924.85,2920.39,2916.95,2914.45,2912.85,2912.07,2912.06,2912.77,2914.16,2916.18,2918.8,2921.97,2925.67,2929.86,2934.51,2939.6,2945.11,2951,2957.25,2963.85,2970.78,2978.01,2985.53,2993.33,3001.38,3009.68,3018.22,3026.97,3035.92,3045.08,3054.41,3063.93,3073.61,3083.44,3093.42,3103.55,3113.8,3124.18,3134.68,3145.29,3156.01,3166.82,3177.73,3188.72,3199.8,3210.96,3222.2,3233.5,3244.86,3256.29,3267.78,3279.32,3290.9,3302.54,3314.22
4130.61,4223.45,4325.16,4435.5,4553.43,4676.45,4799.86,4915.85,5013.55,5080.95,5108.54,5092.45,5034.9,4942.49,4823.93,4688.44,4544.54,4399.27,4257.85,4123.74,3998.87,3884.11,3779.55,3684.84,3599.37,3522.41,3453.21,3391.03,3335.18,3285.01,3239.97,3199.53,3163.23,3130.67,3101.5,3075.39,3052.06,3031.26,3012.77,2996.38,2981.93,2969.26,2958.22,2948.68,2940.53,2933.66,2927.98,2923.41,2919.87,2917.28,2915.58,2914.71,2914.62,2915.26,2916.57,2918.52,2921.07,2924.18,2927.81,2931.95,2936.54,2941.58,2947.03,2952.87,2959.08,2965.63,2972.51,2979.7,2987.19,2994.94,3002.96,3011.22,3019.72,3028.44,3037.36,3046.48,3055.79,3065.28,3074.93,3084.73,3094.69,3104.79,3115.02,3125.37,3135.85,3146.44,3157.13,3167.92,3178.81,3189.79,3200.85,3211.99,3223.2,3234.48,3245.83,3257.24,3268.71,3280.24,3291.81,3303.43,3315.09
4121.77,4213.04,4312.9,4421.1,4536.58,4656.96,4777.73,4891.48,4987.86,5055.35,5084.61,5071.57,5018.03,4930.06,4815.93,4684.48,4543.99,4401.41,4261.99,4129.26,4005.29,3891.06,3786.76,3692.12,3606.6,3529.5,3460.1,3397.69,3341.59,3291.18,3245.88,3205.19,3168.66,3135.87,3106.48,3080.16,3056.63,3035.65,3016.98,3000.43,2985.83,2973,2961.82,2952.15,2943.87,2936.89,2931.1,2926.42,2922.78,2920.09,2918.3,2917.35,2917.18,2917.73,2918.97,2920.85,2923.33,2926.38,2929.95,2934.03,2938.57,2943.55,2948.95,2954.74,2960.9,2967.41,2974.25,2981.39,2988.83,2996.55,3004.53,3012.76,3021.22,3029.91,3038.8,3047.89,3057.17,3066.62,3076.24,3086.02,3095.95,3106.02,3116.23,3126.56,3137.01,3147.58,3158.25,3169.02,3179.89,3190.84,3201.89,3213.01,3224.2,3235.47,3246.8,3258.19,3269.65,3281.15,3292.71,3304.32,3315.97
