CH4 Viscosity [uPa_s] Mixed
17.6774,11.0688,10.5831,10.3662,10.2607,10.2159,10.209,10.2277,10.2646,10.315,10.3758,10.4447,10.52,10.6005,10.6853,10.7735,10.8646,10.9581,11.0536,11.1508,11.2495,11.3493,11.4501,11.5517,11.6541,11.757,11.8604,11.9642,12.0683,12.1726,12.2771,12.3817,12.4864,12.5912,12.6959,12.8006,12.9052,13.0098,13.1142,13.2185,13.3226,13.4266,13.5304,13.634,13.7374,13.8406,13.9435,14.0462,14.1487,14.2509,14.3529,14.4546,14.5561,14.6573,14.7582,14.8588,14.9592,15.0592,15.159,15.2586,15.3578,15.4568,15.5554,15.6538,15.7519,15.8497,15.9473,16.0445,16.1415,16.2382,16.3346,16.4307,16.5265,16.6221,16.7173,16.8123,16.9071,17.0015,17.0957,17.1896,17.2832,17.3766,17.4697,17.5625,17.6551,17.7474,17.8394,17.9312,18.0227,18.1139,18.2049,18.2957,18.3862,18.4764,18.5664,18.6561,18.7456,18.8349,18.9239,19.0127,19.1012
22.3858,11.42,10.7827,10.5111,10.3762,10.3128,10.2928,10.3018,10.3312,10.3756,10.4315,10.4962,10.568,10.6455,10.7276,10.8135,10.9025,10.9941,11.088,11.1837,11.2809,11.3795,11.4791,11.5797,11.6811,11.7831,11.8856,11.9886,12.092,12.1956,12.2994,12.4035,12.5076,12.6118,12.716,12.8202,12.9243,13.0284,13.1324,13.2363,13.3401,13.4437,13.5471,13.6504,13.7535,13.8563,13.959,14.0614,14.1636,14.2656,14.3673,14.4688,14.57,14.6709,14.7716,14.872,14.9722,15.0721,15.1717,15.271,15.3701,15.4689,15.5674,15.6656,15.7635,15.8612,15.9586,16.0557,16.1525,16.2491,16.3453,16.4413,16.537,16.6325,16.7276,16.8225,16.9171,17.0114,17.1055,17.1993,17.2928,17.3861,17.4791,17.5718,17.6643,17.7565,17.8484,17.9401,18.0315,18.1227,18.2136,18.3043,18.3947,18.4849,18.5748,18.6645,18.7539,18.8431,18.932,19.0207,19.1092
23.4856,11.8576,11.0055,10.6674,10.4988,10.4146,10.3804,10.3788,10.4002,10.4382,10.4888,10.5492,10.6173,10.6916,10.7709,10.8544,10.9413,11.031,11.1231,11.2172,11.313,11.4103,11.5088,11.6082,11.7086,11.8096,11.9113,12.0135,12.1161,12.219,12.3222,12.4255,12.529,12.6327,12.7363,12.84,12.9437,13.0474,13.1509,13.2544,13.3578,13.461,13.5641,13.667,13.7698,13.8723,13.9747,14.0768,14.1787,14.2804,14.3819,14.4831,14.5841,14.6848,14.7853,14.8855,14.9854,15.0851,15.1845,15.2837,15.3825,15.4811,15.5795,15.6775,15.7753,15.8728,15.97,16.067,16.1637,16.2601,16.3562,16.4521,16.5476,16.643,16.738,16.8328,16.9272,17.0215,17.1154,17.2091,17.3025,17.3957,17.4886,17.5812,17.6736,17.7657,17.8575,17.9491,18.0405,18.1316,18.2224,18.313,18.4033,18.4934,18.5833,18.6728,18.7622,18.8513,18.9402,19.0288,19.1172
24.2464,12.4329,11.2561,10.8367,10.6293,10.5218,10.4719,10.459,10.4717,10.5029,10.548,10.6038,10.668,10.739,10.8154,10.8963,10.9809,11.0686,11.159,11.2515,11.3458,11.4417,11.5389,11.6373,11.7366,11.8367,11.9375,12.0388,12.1406,12.2428,12.3452,12.448,12.5509,12.6539,12.757,12.8602,12.9634,13.0666,13.1697,13.2728,13.3757,13.4786,13.5813,13.6839,13.7863,13.8885,13.9906,14.0924,14.194,14.2954,14.3966,14.4976,14.5983,14.6988,14.7991,14.899,14.9988,15.0983,15.1975,15.2964,15.3951,15.4935,15.5917,15.6896,15.7872,15.8845,15.9816,16.0784,16.175,16.2712,16.3672,16.4629,16.5584,16.6536,16.7485,16.8431,16.9375,17.0316,17.1255,17.219,17.3123,17.4054,17.4982,17.5907,17.683,17.775,17.8668,17.9583,18.0495,18.1405,18.2313,18.3218,18.412,18.502,18.5918,18.6813,18.7706,18.8596,18.9484,19.037,19.1253
24.8488,13.2559,11.5411,11.0206,10.7682,10.6347,10.5676,10.5424,10.5459,10.5698,10.609,10.6599,10.7201,10.7875,10.8609,10.9392,11.0215,11.1071,11.1956,11.2864,11.3792,11.4738,11.5697,11.6669,11.7651,11.8642,11.964,12.0645,12.1655,12.2669,12.3687,12.4708,12.573,12.6755,12.7781,12.8807,12.9834,13.0861,13.1888,13.2914,13.394,13.4964,13.5988,13.701,13.803,13.9049,14.0067,14.1082,14.2095,14.3107,14.4116,14.5123,14.6128,14.713,14.813,14.9128,15.0123,15.1116,15.2106,15.3094,15.4079,15.5061,15.6041,15.7018,15.7992,15.8964,15.9933,16.09,16.1864,16.2825,16.3783,16.4739,16.5692,16.6643,16.7591,16.8536,16.9479,17.0418,17.1356,17.229,17.3223,17.4152,17.5079,17.6003,17.6925,17.7844,17.8761,17.9675,18.0587,18.1496,18.2402,18.3306,18.4208,18.5107,18.6004,18.6899,18.7791,18.868,18.9568,19.0453,19.1335
25.3564,14.5947,11.8693,11.2212,10.9164,10.7537,10.6677,10.6292,10.6227,10.6389,10.6719,10.7177,10.7735,10.8373,10.9076,10.9831,11.063,11.1465,11.233,11.3221,11.4133,11.5064,11.6011,11.697,11.7941,11.8922,11.9911,12.0907,12.1908,12.2915,12.3925,12.4939,12.5955,12.6974,12.7994,12.9015,13.0037,13.1059,13.2081,13.3103,13.4124,13.5145,13.6164,13.7183,13.82,13.9216,14.023,14.1242,14.2252,14.3261,14.4267,14.5272,14.6274,14.7274,14.8272,14.9267,15.026,15.1251,15.2239,15.3224,15.4207,15.5188,15.6166,15.7141,15.8114,15.9084,16.0052,16.1017,16.1979,16.2939,16.3896,16.485,16.5802,16.6751,16.7698,16.8642,16.9583,17.0522,17.1458,17.2392,17.3323,17.4251,17.5177,17.61,17.7021,17.7939,17.8855,17.9768,18.0679,18.1587,18.2493,18.3396,18.4297,18.5195,18.6091,18.6985,18.7876,18.8765,18.9652,19.0536,19.1418
25.8001,16.8469,12.2529,11.4409,11.0748,10.8792,10.7725,10.7196,10.7024,10.7103,10.7367,10.7771,10.8284,10.8884,10.9554,11.028,11.1054,11.1866,11.2712,11.3585,11.4481,11.5397,11.633,11.7277,11.8237,11.9207,12.0186,12.1173,12.2166,12.3164,12.4167,12.5174,12.6184,12.7196,12.821,12.9226,13.0242,13.126,13.2277,13.3294,13.4311,13.5328,13.6344,13.7358,13.8372,13.9384,14.0395,14.1404,14.2411,14.3417,14.4421,14.5422,14.6422,14.742,14.8415,14.9408,15.0399,15.1387,15.2373,15.3357,15.4338,15.5316,15.6292,15.7266,15.8237,15.9206,16.0172,16.1135,16.2096,16.3054,16.401,16.4963,16.5913,16.6861,16.7806,16.8749,16.9689,17.0626,17.1561,17.2494,17.3424,17.4351,17.5276,17.6198,17.7118,17.8035,17.895,17.9862,18.0772,18.1679,18.2584,18.3486,18.4386,18.5284,18.6179,18.7072,18.7963,18.8851,18.9737,19.062,19.1501
26.1971,19.1484,12.7093,11.6827,11.2445,11.0118,10.8822,10.8136,10.7849,10.784,10.8035,10.8382,10.8848,10.9408,11.0043,11.074,11.1487,11.2277,11.3101,11.3956,11.4835,11.5736,11.6655,11.7589,11.8537,11.9497,12.0466,12.1443,12.2427,12.3418,12.4413,12.5413,12.6416,12.7422,12.843,12.944,13.0451,13.1463,13.2476,13.3489,13.4501,13.5513,13.6525,13.7536,13.8546,13.9555,14.0562,14.1568,14.2572,14.3575,14.4576,14.5575,14.6572,14.7567,14.856,14.955,15.0539,15.1525,15.2509,15.349,15.4469,15.5446,15.642,15.7392,15.8362,15.9328,16.0293,16.1254,16.2214,16.317,16.4124,16.5076,16.6025,16.6972,16.7916,16.8857,16.9796,17.0732,17.1666,17.2597,17.3526,17.4452,17.5376,17.6297,17.7216,17.8132,17.9046,17.9957,18.0866,18.1772,18.2676,18.3578,18.4477,18.5374,18.6268,18.716,18.805,18.8937,18.9822,19.0705,19.1585
26.5585,20.6635,13.2629,11.9502,11.4265,11.1519,10.997,10.9114,10.8705,10.8602,10.8723,10.9011,10.9427,10.9945,11.0544,11.121,11.193,11.2696,11.3499,11.4334,11.5196,11.6081,11.6986,11.7907,11.8843,11.9791,12.075,12.1718,12.2693,12.3675,12.4663,12.5655,12.6651,12.7651,12.8653,12.9657,13.0663,13.167,13.2677,13.3685,13.4693,13.5701,13.6709,13.7716,13.8722,13.9727,14.0731,14.1734,14.2735,14.3735,14.4733,14.5729,14.6724,14.7716,14.8706,14.9695,15.0681,15.1665,15.2646,15.3626,15.4603,15.5577,15.655,15.752,15.8487,15.9452,16.0415,16.1375,16.2333,16.3288,16.424,16.5191,16.6138,16.7083,16.8026,16.8966,16.9904,17.0839,17.1771,17.2701,17.3629,17.4554,17.5477,17.6397,17.7314,17.823,17.9142,18.0053,18.096,18.1866,18.2769,18.367,18.4568,18.5464,18.6358,18.7249,18.8138,18.9024,18.9909,19.0791,19.167
26.8916,21.708,13.9467,12.2476,11.6221,11.3001,11.1174,11.0133,10.9591,10.939,10.9432,10.9657,11.0021,11.0495,11.1057,11.1691,11.2383,11.3123,11.3904,11.472,11.5564,11.6433,11.7323,11.8231,11.9154,12.0091,12.1039,12.1997,12.2963,12.3937,12.4916,12.5901,12.689,12.7883,12.8879,12.9877,13.0877,13.1879,13.2881,13.3885,13.4888,13.5892,13.6895,13.7898,13.8901,13.9902,14.0903,14.1902,14.29,14.3897,14.4892,14.5885,14.6877,14.7867,14.8854,14.984,15.0824,15.1806,15.2785,15.3762,15.4737,15.571,15.6681,15.7649,15.8614,15.9578,16.0539,16.1497,16.2453,16.3407,16.4358,16.5306,16.6253,16.7196,16.8137,16.9076,17.0013,17.0946,17.1878,17.2807,17.3733,17.4657,17.5578,17.6497,17.7414,17.8328,17.924,18.0149,18.1056,18.1961,18.2863,18.3763,18.466,18.5555,18.6448,18.7338,18.8226,18.9112,18.9996,19.0877,19.1756
27.2016,22.506,14.7973,12.5801,11.833,11.457,11.2435,11.1195,11.0511,11.0203,11.0162,11.0321,11.0631,11.1059,11.1582,11.2182,11.2845,11.356,11.4318,11.5113,11.5938,11.6791,11.7665,11.8559,11.947,12.0395,12.1332,12.228,12.3237,12.4202,12.5173,12.6151,12.7133,12.8119,12.9108,13.01,13.1095,13.2091,13.3088,13.4087,13.5086,13.6085,13.7084,13.8083,13.9082,14.008,14.1077,14.2072,14.3067,14.4061,14.5053,14.6043,14.7032,14.8019,14.9004,14.9988,15.0969,15.1948,15.2926,15.3901,15.4874,15.5844,15.6813,15.7779,15.8743,15.9704,16.0663,16.162,16.2575,16.3527,16.4476,16.5423,16.6368,16.731,16.825,16.9188,17.0122,17.1055,17.1985,17.2913,17.3838,17.4761,17.5681,17.6599,17.7515,17.8428,17.9338,18.0247,18.1153,18.2056,18.2957,18.3856,18.4753,18.5647,18.6539,18.7428,18.8316,18.9201,19.0083,19.0964,19.1842
27.4923,23.1574,15.8229,12.9537,12.0606,11.6233,11.3758,11.23,11.1463,11.1043,11.0915,11.1003,11.1256,11.1637,11.212,11.2685,11.3317,11.4005,11.4739,11.5513,11.632,11.7155,11.8014,11.8894,11.9791,12.0704,12.1631,12.2568,12.3515,12.4471,12.5434,12.6404,12.7378,12.8357,12.934,13.0326,13.1315,13.2305,13.3298,13.4291,13.5285,13.628,13.7275,13.827,13.9265,14.0259,14.1252,14.2245,14.3236,14.4226,14.5215,14.6203,14.7189,14.8173,14.9156,15.0137,15.1116,15.2093,15.3067,15.404,15.5011,15.598,15.6946,15.791,15.8872,15.9832,16.079,16.1745,16.2697,16.3648,16.4596,16.5541,16.6485,16.7425,16.8364,16.93,17.0233,17.1165,17.2094,17.302,17.3944,17.4866,17.5785,17.6702,17.7616,17.8528,17.9438,18.0345,18.125,18.2153,18.3053,18.3951,18.4846,18.574,18.6631,18.7519,18.8406,18.929,19.0172,19.1052,19.1929
27.7667,23.712,16.9521,13.3752,12.3068,11.7997,11.5146,11.3451,11.2451,11.191,11.169,11.1705,11.1898,11.2229,11.2669,11.3198,11.3799,11.4459,11.5169,11.5921,11.6708,11.7526,11.8369,11.9234,12.0118,12.1019,12.1933,12.286,12.3798,12.4745,12.5699,12.666,12.7627,12.8599,12.9576,13.0555,13.1538,13.2523,13.351,13.4498,13.5488,13.6478,13.7468,13.8459,13.945,14.044,14.143,14.2419,14.3407,14.4394,14.538,14.6364,14.7348,14.8329,14.9309,15.0287,15.1264,15.2238,15.3211,15.4182,15.515,15.6117,15.7081,15.8043,15.9003,15.9961,16.0917,16.187,16.2821,16.377,16.4716,16.566,16.6602,16.7542,16.8479,16.9413,17.0346,17.1275,17.2203,17.3128,17.4051,17.4971,17.5889,17.6805,17.7718,17.8629,17.9538,18.0444,18.1348,18.225,18.3149,18.4046,18.4941,18.5833,18.6723,18.7611,18.8497,18.938,19.0261,19.114,19.2017
28.027,24.1979,18.0693,13.8516,12.5735,11.987,11.6603,11.465,11.3475,11.2806,11.2488,11.2425,11.2555,11.2834,11.3231,11.3722,11.429,11.4922,11.5607,11.6336,11.7104,11.7903,11.8729,11.9579,12.045,12.1338,12.2241,12.3157,12.4084,12.5022,12.5968,12.6921,12.788,12.8845,12.9814,13.0788,13.1764,13.2743,13.3725,13.4708,13.5693,13.6678,13.7664,13.8651,13.9637,14.0624,14.161,14.2595,14.358,14.4563,14.5546,14.6528,14.7508,14.8487,14.9464,15.0439,15.1413,15.2386,15.3356,15.4324,15.5291,15.6255,15.7217,15.8178,15.9136,16.0092,16.1046,16.1997,16.2946,16.3894,16.4838,16.5781,16.6721,16.7659,16.8594,16.9528,17.0459,17.1387,17.2313,17.3237,17.4159,17.5078,17.5995,17.6909,17.7822,17.8732,17.9639,18.0544,18.1447,18.2348,18.3246,18.4142,18.5036,18.5927,18.6817,18.7704,18.8588,18.9471,19.0351,19.1229,19.2105
28.275,24.6324,19.0921,14.3889,12.8629,12.1859,11.8132,11.59,11.4536,11.373,11.3309,11.3166,11.323,11.3455,11.3806,11.4258,11.4792,11.5394,11.6053,11.6759,11.7506,11.8286,11.9096,11.9931,12.0787,12.1662,12.2553,12.3458,12.4375,12.5303,12.624,12.7184,12.8136,12.9094,13.0056,13.1023,13.1993,13.2967,13.3942,13.492,13.59,13.6881,13.7862,13.8844,13.9827,14.0809,14.1791,14.2773,14.3754,14.4735,14.5714,14.6693,14.767,14.8646,14.962,15.0593,15.1565,15.2534,15.3502,15.4468,15.5433,15.6395,15.7355,15.8313,15.9269,16.0224,16.1175,16.2125,16.3073,16.4018,16.4961,16.5902,16.6841,16.7777,16.8711,16.9643,17.0573,17.15,17.2425,17.3347,17.4268,17.5186,17.6101,17.7015,17.7926,17.8835,17.9741,18.0645,18.1547,18.2447,18.3344,18.4239,18.5132,18.6023,18.6911,18.7797,18.8681,18.9562,19.0442,19.1319,19.2194
28.5121,25.0271,19.9847,14.9896,13.1771,12.3974,11.9737,11.7202,11.5636,11.4685,11.4155,11.3926,11.3922,11.409,11.4393,11.4805,11.5304,11.5876,11.6508,11.719,11.7915,11.8676,11.9469,12.0287,12.1129,12.1991,12.287,12.3763,12.467,12.5588,12.6516,12.7452,12.8396,12.9345,13.0301,13.1261,13.2225,13.3192,13.4163,13.5135,13.611,13.7086,13.8062,13.904,14.0018,14.0997,14.1975,14.2953,14.3931,14.4908,14.5884,14.686,14.7834,14.8807,14.9778,15.0749,15.1718,15.2685,15.365,15.4614,15.5576,15.6536,15.7494,15.845,15.9404,16.0357,16.1307,16.2255,16.32,16.4144,16.5086,16.6025,16.6962,16.7897,16.8829,16.976,17.0688,17.1614,17.2537,17.3459,17.4378,17.5294,17.6209,17.7121,17.8031,17.8939,17.9844,18.0747,18.1648,18.2546,18.3443,18.4337,18.5229,18.6118,18.7006,18.7891,18.8774,18.9655,19.0533,19.141,19.2284
28.7397,25.3897,20.7515,15.6483,13.5182,12.6222,12.1424,11.8558,11.6775,11.5671,11.5026,11.4707,11.4631,11.474,11.4993,11.5363,11.5826,11.6367,11.6971,11.7629,11.8331,11.9073,11.9847,12.065,12.1477,12.2325,12.3191,12.4073,12.4969,12.5877,12.6795,12.7723,12.8658,12.9601,13.0549,13.1502,13.246,13.3421,13.4386,13.5353,13.6322,13.7293,13.8265,13.9238,14.0212,14.1187,14.2161,14.3136,14.411,14.5083,14.6056,14.7028,14.7999,14.8969,14.9938,15.0906,15.1872,15.2837,15.38,15.4761,15.5721,15.6678,15.7634,15.8588,15.9541,16.0491,16.1439,16.2385,16.3329,16.4271,16.5211,16.6149,16.7084,16.8017,16.8948,16.9877,17.0804,17.1728,17.2651,17.3571,17.4488,17.5404,17.6317,17.7228,17.8137,17.9043,17.9948,18.085,18.1749,18.2647,18.3542,18.4435,18.5326,18.6215,18.7101,18.7986,18.8868,18.9748,19.0626,19.1501,19.2375
28.9586,25.7261,21.4145,16.3491,13.888,12.8613,12.3195,11.9972,11.7957,11.6689,11.5922,11.5509,11.5357,11.5405,11.5607,11.5933,11.6359,11.6867,11.7442,11.8075,11.8755,11.9476,12.0232,12.1018,12.183,12.2664,12.3517,12.4387,12.5272,12.617,12.7079,12.7998,12.8925,12.9859,13.08,13.1746,13.2697,13.3653,13.4611,13.5573,13.6537,13.7503,13.847,13.9439,14.0408,14.1379,14.2349,14.332,14.429,14.526,14.623,14.7199,14.8167,14.9134,15.01,15.1064,15.2028,15.299,15.395,15.4909,15.5867,15.6822,15.7776,15.8728,15.9678,16.0626,16.1573,16.2517,16.3459,16.4399,16.5337,16.6273,16.7207,16.8139,16.9069,16.9996,17.0921,17.1844,17.2765,17.3684,17.46,17.5514,17.6426,17.7336,17.8244,17.9149,18.0052,18.0953,18.1852,18.2748,18.3643,18.4535,18.5425,18.6312,18.7198,18.8081,18.8962,18.9842,19.0718,19.1593,19.2466
29.1698,26.0405,21.9962,17.0681,14.2875,13.1155,12.5055,12.1445,11.9181,11.7739,11.6843,11.6332,11.6102,11.6085,11.6234,11.6515,11.6902,11.7376,11.7922,11.8528,11.9186,11.9886,12.0623,12.1392,12.2188,12.3008,12.3848,12.4706,12.558,12.6467,12.7366,12.8276,12.9194,13.0121,13.1054,13.1993,13.2938,13.3887,13.4839,13.5795,13.6754,13.7715,13.8677,13.9641,14.0607,14.1573,14.2539,14.3506,14.4472,14.5439,14.6405,14.7371,14.8336,14.93,15.0263,15.1225,15.2185,15.3145,15.4103,15.5059,15.6014,15.6967,15.7919,15.8869,15.9817,16.0763,16.1707,16.265,16.359,16.4529,16.5465,16.6399,16.7332,16.8262,16.919,17.0116,17.1039,17.1961,17.288,17.3798,17.4713,17.5626,17.6537,17.7445,17.8351,17.9256,18.0158,18.1057,18.1955,18.285,18.3744,18.4635,18.5524,18.641,18.7295,18.8178,18.9058,18.9936,19.0812,19.1686,19.2558
29.374,26.3363,22.5142,17.7811,14.7169,13.3856,12.7009,12.298,12.0449,11.8823,11.7792,11.7176,11.6864,11.6781,11.6874,11.7108,11.7455,11.7895,11.841,11.899,11.9623,12.0302,12.102,12.1771,12.2551,12.3356,12.4183,12.5029,12.5891,12.6768,12.7657,12.8558,12.9467,13.0386,13.1312,13.2244,13.3181,13.4124,13.507,13.6021,13.6974,13.7929,13.8887,13.9846,14.0807,14.1769,14.2731,14.3694,14.4657,14.562,14.6582,14.7545,14.8506,14.9467,15.0427,15.1386,15.2344,15.3301,15.4256,15.5211,15.6163,15.7114,15.8063,15.9011,15.9957,16.0901,16.1844,16.2784,16.3722,16.4659,16.5594,16.6526,16.7457,16.8385,16.9312,17.0236,17.1159,17.2079,17.2997,17.3913,17.4826,17.5738,17.6648,17.7555,17.846,17.9363,18.0264,18.1163,18.2059,18.2953,18.3846,18.4736,18.5624,18.6509,18.7393,18.8275,18.9154,19.0031,19.0906,19.1779,19.265
29.5718,26.616,22.9815,18.4691,15.1748,13.6722,12.906,12.4579,12.1763,11.9941,11.8768,11.8043,11.7645,11.7492,11.7528,11.7714,11.802,11.8423,11.8908,11.9459,12.0068,12.0725,12.1423,12.2156,12.292,12.371,12.4523,12.5356,12.6207,12.7073,12.7952,12.8843,12.9744,13.0654,13.1572,13.2497,13.3428,13.4363,13.5304,13.6248,13.7196,13.8146,13.9099,14.0053,14.1009,14.1967,14.2925,14.3884,14.4843,14.5802,14.6761,14.772,14.8679,14.9636,15.0593,15.155,15.2505,15.3459,15.4412,15.5363,15.6313,15.7262,15.8209,15.9155,16.0098,16.104,16.1981,16.2919,16.3856,16.4791,16.5724,16.6654,16.7583,16.851,16.9435,17.0358,17.1279,17.2197,17.3114,17.4029,17.4941,17.5851,17.676,17.7666,17.857,17.9471,18.0371,18.1269,18.2164,18.3057,18.3948,18.4837,18.5724,18.6609,18.7492,18.8372,18.9251,19.0127,19.1001,19.1873,19.2743
29.7636,26.8817,23.4079,19.1197,15.6577,13.9756,13.1212,12.6243,12.3123,12.1095,11.9771,11.8933,11.8445,11.8219,11.8196,11.8331,11.8594,11.8961,11.9413,11.9937,12.052,12.1154,12.1832,12.2547,12.3294,12.4069,12.4868,12.5688,12.6527,12.7382,12.825,12.9132,13.0024,13.0925,13.1836,13.2753,13.3677,13.4606,13.554,13.6478,13.742,13.8365,13.9313,14.0263,14.1214,14.2167,14.3121,14.4076,14.5031,14.5986,14.6942,14.7897,14.8853,14.9807,15.0761,15.1715,15.2667,15.3618,15.4568,15.5517,15.6465,15.7411,15.8356,15.9299,16.0241,16.1181,16.2119,16.3056,16.3991,16.4923,16.5855,16.6784,16.7711,16.8636,16.9559,17.0481,17.14,17.2317,17.3232,17.4145,17.5057,17.5966,17.6872,17.7777,17.868,17.958,18.0479,18.1375,18.227,18.3162,18.4052,18.494,18.5826,18.6709,18.7591,18.8471,18.9348,19.0224,19.1097,19.1968,19.2837
29.9501,27.1351,23.8005,19.7264,16.1601,14.296,13.3467,12.7976,12.4532,12.2284,12.0802,11.9845,11.9264,11.8963,11.8878,11.8961,11.918,11.9509,11.9928,12.0422,12.0979,12.1591,12.2248,12.2944,12.3674,12.4433,12.5218,12.6025,12.6851,12.7694,12.8553,12.9424,13.0307,13.12,13.2102,13.3012,13.3929,13.4851,13.5779,13.6711,13.7647,13.8587,13.9529,14.0474,14.1421,14.2369,14.3319,14.4269,14.5221,14.6173,14.7125,14.8077,14.9028,14.998,15.0931,15.1881,15.283,15.3779,15.4727,15.5673,15.6618,15.7562,15.8504,15.9445,16.0385,16.1323,16.2259,16.3194,16.4126,16.5057,16.5987,16.6914,16.7839,16.8763,16.9685,17.0604,17.1522,17.2438,17.3352,17.4263,17.5173,17.6081,17.6986,17.789,17.8791,17.969,18.0588,18.1483,18.2376,18.3267,18.4156,18.5043,18.5928,18.6811,18.7691,18.857,18.9446,19.0321,19.1193,19.2064,19.2932
30.1316,27.3775,24.1649,20.2878,16.6748,14.6331,13.5829,12.9779,12.5991,12.3511,12.1863,12.078,12.0102,11.9723,11.9573,11.9603,11.9776,12.0066,12.0451,12.0915,12.1446,12.2034,12.2669,12.3346,12.4058,12.4802,12.5572,12.6365,12.7179,12.8011,12.8859,12.972,13.0594,13.1478,13.2372,13.3274,13.4183,13.5099,13.602,13.6946,13.7877,13.8811,13.9748,14.0688,14.163,14.2574,14.3519,14.4465,14.5413,14.6361,14.7309,14.8257,14.9206,15.0154,15.1102,15.2049,15.2996,15.3941,15.4886,15.583,15.6772,15.7714,15.8654,15.9593,16.053,16.1466,16.24,16.3332,16.4263,16.5192,16.612,16.7045,16.7969,16.8891,16.9811,17.0729,17.1645,17.256,17.3472,17.4382,17.529,17.6197,17.7101,17.8003,17.8903,17.9801,18.0697,18.1591,18.2483,18.3373,18.4261,18.5147,18.6031,18.6913,18.7792,18.867,18.9545,19.0419,19.129,19.216,19.3027
30.3085,27.6102,24.5053,20.8062,17.1938,14.9861,13.8299,13.1653,12.7499,12.4775,12.2952,12.1739,12.0959,12.0499,12.0283,12.0258,12.0384,12.0633,12.0983,12.1416,12.192,12.2483,12.3097,12.3754,12.4449,12.5176,12.5931,12.671,12.7512,12.8332,12.9168,13.002,13.0884,13.1759,13.2645,13.3539,13.4441,13.535,13.6264,13.7184,13.8109,13.9037,13.9969,14.0904,14.1841,14.278,14.3721,14.4663,14.5606,14.655,14.7495,14.844,14.9385,15.033,15.1274,15.2218,15.3162,15.4105,15.5047,15.5988,15.6928,15.7867,15.8805,15.9741,16.0676,16.161,16.2542,16.3472,16.4401,16.5329,16.6254,16.7178,16.81,16.902,16.9938,17.0855,17.1769,17.2682,17.3593,17.4502,17.5409,17.6313,17.7216,17.8117,17.9016,17.9913,18.0808,18.1701,18.2591,18.348,18.4367,18.5252,18.6134,18.7015,18.7894,18.877,18.9645,19.0518,19.1388,19.2257,19.3123
30.4811,27.8341,24.8251,21.2853,17.7095,15.3537,14.0876,13.3601,12.9059,12.6077,12.4072,12.2722,12.1836,12.1292,12.1007,12.0925,12.1002,12.121,12.1523,12.1925,12.2401,12.2939,12.3531,12.4168,12.4844,12.5554,12.6294,12.706,12.7848,12.8656,12.9482,13.0323,13.1177,13.2044,13.2921,13.3807,13.4701,13.5603,13.6511,13.7425,13.8343,13.9266,14.0192,14.1122,14.2054,14.2988,14.3925,14.4863,14.5802,14.6742,14.7683,14.8624,14.9565,15.0507,15.1448,15.239,15.333,15.427,15.5209,15.6148,15.7085,15.8022,15.8957,15.9891,16.0824,16.1755,16.2685,16.3614,16.4541,16.5466,16.6389,16.7311,16.8232,16.915,17.0067,17.0982,17.1895,17.2806,17.3715,17.4622,17.5528,17.6431,17.7333,17.8232,17.913,18.0025,18.0919,18.1811,18.27,18.3588,18.4474,18.5357,18.6239,18.7119,18.7996,18.8872,18.9745,19.0617,19.1487,19.2354,19.322
30.6497,28.05,25.127,21.7296,18.2154,15.7339,14.356,13.5622,13.0672,12.7419,12.5221,12.3729,12.2734,12.2102,12.1746,12.1604,12.1632,12.1796,12.2073,12.2442,12.289,12.3402,12.3971,12.4587,12.5245,12.5938,12.6662,12.7414,12.8189,12.8985,12.9799,13.0629,13.1474,13.2331,13.32,13.4078,13.4965,13.5859,13.676,13.7667,13.858,13.9497,14.0417,14.1342,14.2269,14.3199,14.413,14.5064,14.5999,14.6935,14.7872,14.881,14.9748,15.0686,15.1624,15.2562,15.35,15.4437,15.5373,15.6309,15.7244,15.8178,15.9111,16.0042,16.0973,16.1902,16.283,16.3756,16.4681,16.5604,16.6526,16.7446,16.8364,16.9281,17.0196,17.1109,17.2021,17.293,17.3838,17.4744,17.5648,17.655,17.745,17.8348,17.9244,18.0139,18.1031,18.1922,18.281,18.3697,18.4581,18.5464,18.6344,18.7223,18.8099,18.8974,18.9846,19.0717,19.1586,19.2452,19.3317
30.8145,28.2587,25.4134,22.1432,18.7066,16.1243,14.6347,13.7717,13.2338,12.88,12.6402,12.4761,12.3651,12.2929,12.2499,12.2296,12.2272,12.2393,12.2631,12.2968,12.3385,12.3872,12.4417,12.5012,12.5651,12.6327,12.7035,12.7772,12.8534,12.9317,13.012,13.094,13.1774,13.2622,13.3482,13.4352,13.5231,13.6118,13.7012,13.7913,13.8819,13.973,14.0645,14.1564,14.2486,14.3411,14.4338,14.5267,14.6198,14.713,14.8064,14.8997,14.9932,15.0867,15.1801,15.2736,15.3671,15.4605,15.5539,15.6471,15.7404,15.8335,15.9265,16.0195,16.1123,16.205,16.2975,16.39,16.4822,16.5744,16.6663,16.7582,16.8498,16.9413,17.0326,17.1238,17.2148,17.3056,17.3962,17.4866,17.5769,17.6669,17.7568,17.8465,17.936,18.0253,18.1144,18.2033,18.2921,18.3806,18.4689,18.5571,18.645,18.7327,18.8203,18.9077,18.9948,19.0818,19.1686,19.2551,19.3415
30.9759,28.4608,25.6858,22.53,19.1797,16.5218,14.9233,13.9885,13.4057,13.0221,12.7613,12.5818,12.4589,12.3773,12.3267,12.3001,12.2924,12.2999,12.3199,12.3501,12.3888,12.4348,12.487,12.5443,12.6062,12.6721,12.7413,12.8135,12.8883,12.9654,13.0445,13.1253,13.2078,13.2916,13.3767,13.4628,13.5499,13.6379,13.7266,13.816,13.906,13.9965,14.0875,14.1789,14.2706,14.3626,14.4548,14.5473,14.6399,14.7327,14.8257,14.9187,15.0117,15.1049,15.198,15.2912,15.3843,15.4774,15.5705,15.6635,15.7565,15.8494,15.9421,16.0348,16.1274,16.2199,16.3122,16.4044,16.4965,16.5884,16.6802,16.7718,16.8633,16.9546,17.0458,17.1368,17.2276,17.3182,17.4087,17.499,17.5891,17.679,17.7687,17.8583,17.9476,18.0368,18.1258,18.2146,18.3032,18.3916,18.4798,18.5678,18.6557,18.7433,18.8308,18.918,19.0051,19.0919,19.1786,19.2651,19.3514
31.1339,28.6568,25.946,22.8931,19.6327,16.9234,15.221,14.2127,13.583,13.1682,12.8856,12.6899,12.5547,12.4634,12.405,12.3719,12.3587,12.3616,12.3775,12.4042,12.4399,12.4831,12.5328,12.588,12.6479,12.7119,12.7795,12.8502,12.9236,12.9994,13.0773,13.157,13.2385,13.3213,13.4055,13.4908,13.5771,13.6643,13.7523,13.8411,13.9304,14.0203,14.1107,14.2015,14.2927,14.3842,14.476,14.568,14.6602,14.7526,14.8451,14.9378,15.0305,15.1232,15.2161,15.3089,15.4017,15.4945,15.5873,15.6801,15.7727,15.8653,15.9579,16.0503,16.1427,16.2349,16.327,16.419,16.5109,16.6026,16.6942,16.7856,16.8769,16.968,17.059,17.1498,17.2405,17.3309,17.4213,17.5114,17.6013,17.6911,17.7807,17.8701,17.9593,18.0484,18.1372,18.2259,18.3144,18.4027,18.4908,18.5787,18.6664,18.7539,18.8413,18.9284,19.0154,19.1021,19.1887,19.2751,19.3613
31.2889,28.8472,26.1952,23.2353,20.0649,17.3259,15.5269,14.444,13.7656,13.3184,13.013,12.8006,12.6526,12.5513,12.4847,12.4449,12.4261,12.4242,12.436,12.4592,12.4917,12.5321,12.5793,12.6323,12.6901,12.7523,12.8182,12.8873,12.9593,13.0338,13.1105,13.1891,13.2695,13.3514,13.4346,13.519,13.6045,13.691,13.7783,13.8663,13.955,14.0443,14.1341,14.2244,14.315,14.406,14.4973,14.5889,14.6807,14.7726,14.8648,14.957,15.0494,15.1418,15.2342,15.3267,15.4193,15.5118,15.6043,15.6967,15.7891,15.8815,15.9737,16.0659,16.158,16.25,16.3419,16.4337,16.5253,16.6169,16.7083,16.7995,16.8906,16.9816,17.0724,17.163,17.2535,17.3438,17.4339,17.5239,17.6137,17.7033,17.7928,17.882,17.9711,18.06,18.1488,18.2373,18.3257,18.4138,18.5018,18.5896,18.6772,18.7646,18.8519,18.9389,19.0258,19.1124,19.1989,19.2852,19.3713
31.4409,29.0324,26.4345,23.5591,20.4764,17.7261,15.8399,14.6822,13.9536,13.4727,13.1436,12.9138,12.7526,12.6409,12.5659,12.5192,12.4947,12.4879,12.4955,12.5149,12.5442,12.5818,12.6264,12.6771,12.7329,12.7932,12.8573,12.9249,12.9954,13.0686,13.144,13.2215,13.3008,13.3817,13.464,13.5476,13.6323,13.7179,13.8045,13.8918,13.9799,14.0686,14.1578,14.2475,14.3376,14.4281,14.5189,14.61,14.7013,14.7929,14.8846,14.9764,15.0684,15.1605,15.2526,15.3448,15.4369,15.5291,15.6213,15.7135,15.8056,15.8977,15.9897,16.0817,16.1735,16.2653,16.3569,16.4485,16.5399,16.6313,16.7224,16.8135,16.9044,16.9952,17.0858,17.1762,17.2666,17.3567,17.4467,17.5365,17.6261,17.7156,17.8049,17.8941,17.983,18.0718,18.1604,18.2488,18.337,18.4251,18.5129,18.6006,18.6881,18.7754,18.8625,18.9495,19.0362,19.1228,19.2092,19.2953,19.3813
31.5901,29.2128,26.6648,23.8664,20.8679,18.1216,16.1586,14.9268,14.1469,13.631,13.2774,13.0296,12.8547,12.7322,12.6487,12.5949,12.5644,12.5526,12.5558,12.5715,12.5975,12.6321,12.6742,12.7225,12.7762,12.8345,12.897,12.9629,13.032,13.1038,13.178,13.2543,13.3325,13.4124,13.4937,13.5764,13.6602,13.7451,13.831,13.9176,14.005,14.093,14.1816,14.2708,14.3603,14.4503,14.5406,14.6313,14.7222,14.8133,14.9046,14.996,15.0876,15.1793,15.2711,15.3629,15.4548,15.5467,15.6386,15.7304,15.8223,15.9141,16.0058,16.0975,16.1891,16.2807,16.3721,16.4634,16.5546,16.6457,16.7367,16.8276,16.9183,17.0089,17.0993,17.1896,17.2797,17.3697,17.4595,17.5492,17.6387,17.728,17.8172,17.9062,17.995,18.0836,18.1721,18.2603,18.3485,18.4364,18.5241,18.6117,18.6991,18.7863,18.8733,18.9601,19.0467,19.1332,19.2195,19.3056,19.3915
31.7368,29.3887,26.8869,24.1589,21.2404,18.51,16.4817,15.1776,14.3453,13.7934,13.4143,13.148,12.959,12.8254,12.7329,12.6718,12.6352,12.6182,12.617,12.6289,12.6515,12.6832,12.7225,12.7684,12.82,12.8764,12.937,13.0014,13.0689,13.1394,13.2123,13.2874,13.3645,13.4434,13.5237,13.6055,13.6885,13.7726,13.8577,13.9436,14.0303,14.1177,14.2057,14.2943,14.3833,14.4728,14.5626,14.6527,14.7432,14.8338,14.9247,15.0158,15.107,15.1983,15.2897,15.3812,15.4727,15.5643,15.6559,15.7475,15.839,15.9306,16.0221,16.1135,16.2049,16.2961,16.3873,16.4785,16.5695,16.6603,16.7511,16.8418,16.9323,17.0227,17.1129,17.203,17.293,17.3828,17.4725,17.562,17.6513,17.7405,17.8295,17.9183,18.007,18.0955,18.1838,18.272,18.36,18.4478,18.5354,18.6228,18.7101,18.7972,18.8841,18.9708,19.0573,19.1437,19.2298,19.3158,19.4016
31.8809,29.5605,27.1016,24.4382,21.5951,18.8897,16.8076,15.4339,14.5486,13.9598,13.5545,13.2689,13.0653,12.9203,12.8186,12.75,12.7072,12.6849,12.6792,12.6871,12.7062,12.7348,12.7715,12.815,12.8643,12.9188,12.9776,13.0403,13.1063,13.1753,13.2469,13.3209,13.3969,13.4746,13.5541,13.6349,13.7171,13.8003,13.8846,13.9698,14.0559,14.1426,14.23,14.318,14.4065,14.4954,14.5847,14.6744,14.7643,14.8546,14.945,15.0357,15.1265,15.2175,15.3085,15.3997,15.4909,15.5821,15.6734,15.7647,15.8559,15.9472,16.0384,16.1296,16.2207,16.3117,16.4027,16.4936,16.5844,16.6751,16.7656,16.8561,16.9464,17.0366,17.1267,17.2166,17.3064,17.396,17.4855,17.5748,17.664,17.753,17.8419,17.9306,18.0191,18.1075,18.1957,18.2837,18.3715,18.4592,18.5467,18.634,18.7212,18.8082,18.8949,18.9815,19.068,19.1542,19.2403,19.3262,19.4119
32.0227,29.7283,27.3094,24.7055,21.9334,19.2594,17.1348,15.6952,14.7568,14.1301,13.6978,13.3924,13.1737,13.0169,12.9059,12.8296,12.7804,12.7526,12.7422,12.7461,12.7617,12.7872,12.8211,12.8621,12.9092,12.9616,13.0186,13.0796,13.1441,13.2117,13.282,13.3547,13.4295,13.5063,13.5847,13.6646,13.7459,13.8283,13.9119,13.9963,14.0817,14.1678,14.2545,14.3419,14.4298,14.5182,14.607,14.6962,14.7857,14.8755,14.9655,15.0558,15.1462,15.2368,15.3275,15.4183,15.5091,15.6001,15.691,15.782,15.873,15.964,16.0549,16.1458,16.2367,16.3275,16.4182,16.5088,16.5994,16.6899,16.7802,16.8705,16.9606,17.0506,17.1405,17.2302,17.3198,17.4093,17.4986,17.5878,17.6768,17.7657,17.8544,17.9429,18.0313,18.1196,18.2076,18.2955,18.3832,18.4708,18.5581,18.6453,18.7324,18.8192,18.9059,18.9924,19.0787,19.1648,19.2508,19.3366,19.4222
32.1622,29.8925,27.5108,24.962,22.2563,19.6184,17.4618,15.9608,14.9695,14.3043,13.8443,13.5184,13.2842,13.1154,12.9946,12.9104,12.8546,12.8213,12.8062,12.8059,12.8179,12.8403,12.8713,12.9098,12.9546,13.005,13.0601,13.1193,13.1823,13.2484,13.3174,13.3888,13.4625,13.5382,13.6156,13.6946,13.7749,13.8566,13.9393,14.0231,14.1077,14.1931,14.2793,14.366,14.4534,14.5412,14.6295,14.7182,14.8072,14.8966,14.9862,15.076,15.166,15.2562,15.3466,15.437,15.5275,15.6181,15.7088,15.7995,15.8901,15.9808,16.0715,16.1622,16.2528,16.3433,16.4338,16.5242,16.6145,16.7048,16.7949,16.885,16.9749,17.0647,17.1544,17.244,17.3334,17.4227,17.5118,17.6008,17.6897,17.7784,17.867,17.9554,18.0436,18.1317,18.2196,18.3074,18.3949,18.4824,18.5696,18.6567,18.7436,18.8303,18.9169,19.0033,19.0895,19.1755,19.2614,19.3471,19.4326
32.2997,30.0533,27.7065,25.2086,22.5652,19.9662,17.7873,16.2299,15.1865,14.4822,13.9939,13.647,13.3969,13.2156,13.0849,12.9926,12.93,12.891,12.871,12.8665,12.8749,12.894,12.9221,12.958,13.0005,13.0488,13.102,13.1595,13.2209,13.2855,13.3531,13.4233,13.4958,13.5704,13.6468,13.7248,13.8043,13.8851,13.967,14.05,14.1339,14.2187,14.3042,14.3904,14.4771,14.5644,14.6522,14.7404,14.829,14.9178,15.007,15.0964,15.186,15.2758,15.3658,15.4559,15.5461,15.6363,15.7267,15.817,15.9074,15.9978,16.0882,16.1786,16.269,16.3593,16.4495,16.5397,16.6298,16.7198,16.8097,16.8996,16.9893,17.0789,17.1684,17.2578,17.347,17.4362,17.5251,17.614,17.7027,17.7912,17.8796,17.9679,18.056,18.1439,18.2317,18.3193,18.4068,18.494,18.5812,18.6681,18.7549,18.8415,18.928,19.0142,19.1003,19.1863,19.272,19.3576,19.443
32.435,30.2108,27.8967,25.4462,22.861,20.3027,18.11,16.5017,15.4075,14.6638,14.1465,13.7781,13.5117,13.3176,13.1767,13.0761,13.0066,12.9618,12.9368,12.928,12.9326,12.9484,12.9736,13.0069,13.047,13.0931,13.1444,13.2001,13.2598,13.323,13.3892,13.4582,13.5295,13.6029,13.6783,13.7554,13.8339,13.9139,13.995,14.0772,14.1604,14.2445,14.3294,14.4149,14.5011,14.5878,14.6751,14.7628,14.8508,14.9393,15.028,15.117,15.2062,15.2956,15.3852,15.4749,15.5647,15.6547,15.7447,15.8347,15.9248,16.015,16.1051,16.1952,16.2853,16.3753,16.4653,16.5553,16.6451,16.7349,16.8246,16.9143,17.0038,17.0932,17.1825,17.2717,17.3608,17.4497,17.5385,17.6272,17.7157,17.8041,17.8924,17.9805,18.0684,18.1562,18.2439,18.3313,18.4186,18.5058,18.5928,18.6796,18.7663,18.8528,18.9391,19.0253,19.1113,19.1971,19.2827,19.3682,19.4535
32.5685,30.3652,28.0819,25.6754,23.1449,20.6279,18.4288,16.7755,15.632,14.8489,14.3021,13.9117,13.6285,13.4213,13.27,13.1608,13.0843,13.0335,13.0034,12.9902,12.991,13.0034,13.0256,13.0562,13.094,13.1379,13.1872,13.2412,13.2992,13.3609,13.4257,13.4933,13.5635,13.6358,13.7101,13.7862,13.8638,13.9429,14.0232,14.1047,14.1871,14.2705,14.3547,14.4397,14.5253,14.6114,14.6981,14.7853,14.8729,14.9609,15.0491,15.1377,15.2265,15.3155,15.4047,15.4941,15.5836,15.6732,15.7628,15.8526,15.9424,16.0322,16.122,16.2119,16.3017,16.3915,16.4812,16.5709,16.6606,16.7502,16.8397,16.9291,17.0184,17.1076,17.1967,17.2857,17.3746,17.4634,17.552,17.6405,17.7289,17.8171,17.9052,17.9931,18.0809,18.1686,18.2561,18.3434,18.4306,18.5176,18.6045,18.6912,18.7777,18.8641,18.9503,19.0364,19.1223,19.208,19.2935,19.3789,19.4641
32.7,30.5168,28.2624,25.897,23.4177,20.9421,18.7428,17.0503,15.8596,15.0372,14.4606,14.0478,13.7474,13.5268,13.3648,13.2469,13.1631,13.1063,13.071,13.0533,13.0502,13.0591,13.0783,13.1062,13.1415,13.1832,13.2305,13.2827,13.339,13.3991,13.4625,13.5288,13.5977,13.6689,13.7422,13.8173,13.894,13.9722,14.0517,14.1323,14.2141,14.2968,14.3803,14.4646,14.5496,14.6352,14.7214,14.808,14.8951,14.9826,15.0704,15.1586,15.247,15.3356,15.4244,15.5134,15.6025,15.6918,15.7811,15.8706,15.9601,16.0496,16.1391,16.2287,16.3182,16.4078,16.4973,16.5867,16.6761,16.7655,16.8548,16.944,17.0331,17.1221,17.211,17.2998,17.3885,17.4771,17.5656,17.6539,17.7421,17.8302,17.9181,18.0059,18.0935,18.181,18.2684,18.3556,18.4426,18.5295,18.6163,18.7028,18.7893,18.8755,18.9616,19.0475,19.1333,19.2189,19.3043,19.3896,19.4747
32.8298,30.6656,28.4385,26.1116,23.6804,21.2456,19.0513,17.3255,16.09,15.2287,14.6219,14.1863,13.8683,13.6341,13.4611,13.3343,13.2431,13.18,13.1394,13.1172,13.1101,13.1155,13.1316,13.1567,13.1896,13.229,13.2743,13.3246,13.3792,13.4378,13.4997,13.5647,13.6324,13.7024,13.7746,13.8486,13.9244,14.0017,14.0804,14.1602,14.2412,14.3232,14.4061,14.4898,14.5742,14.6592,14.7448,14.8309,14.9175,15.0045,15.0919,15.1796,15.2676,15.3558,15.4442,15.5328,15.6216,15.7105,15.7996,15.8887,15.9778,16.0671,16.1563,16.2456,16.3349,16.4242,16.5134,16.6026,16.6918,16.7809,16.87,16.959,17.0479,17.1367,17.2254,17.314,17.4025,17.4909,17.5792,17.6674,17.7554,17.8433,17.9311,18.0187,18.1062,18.1936,18.2808,18.3678,18.4548,18.5415,18.6281,18.7146,18.8009,18.887,18.973,19.0588,19.1444,19.2299,19.3152,19.4004,19.4854
32.9579,30.8118,28.6106,26.3197,23.9335,21.5389,19.3538,17.6002,16.3227,15.423,14.786,14.3271,13.9913,13.743,13.5588,13.4229,13.3242,13.2548,13.2088,13.1819,13.1707,13.1726,13.1855,13.2078,13.2381,13.2753,13.3185,13.3669,13.4198,13.4768,13.5373,13.6009,13.6673,13.7362,13.8072,13.8803,13.9551,14.0315,14.1093,14.1884,14.2686,14.3499,14.4321,14.5151,14.5989,14.6834,14.7684,14.854,14.9401,15.0266,15.1135,15.2008,15.2883,15.3761,15.4642,15.5524,15.6409,15.7294,15.8181,15.9069,15.9958,16.0847,16.1737,16.2627,16.3517,16.4407,16.5297,16.6186,16.7076,16.7965,16.8853,16.9741,17.0627,17.1514,17.2399,17.3283,17.4166,17.5048,17.5929,17.6809,17.7688,17.8565,17.9441,18.0316,18.119,18.2062,18.2932,18.3802,18.4669,18.5536,18.64,18.7263,18.8125,18.8985,18.9844,19.0701,19.1556,19.241,19.3262,19.4112,19.4961
33.0844,30.9555,28.7787,26.5217,24.178,21.8224,19.6498,17.8737,16.5572,15.62,14.9526,14.4703,14.1163,13.8537,13.6581,13.5128,13.4064,13.3305,13.279,13.2474,13.232,13.2303,13.24,13.2595,13.2872,13.3221,13.3632,13.4096,13.4608,13.5162,13.5752,13.6374,13.7025,13.7702,13.8402,13.9122,13.986,14.0615,14.1385,14.2168,14.2962,14.3768,14.4583,14.5407,14.6238,14.7077,14.7922,14.8773,14.9629,15.0489,15.1353,15.2221,15.3093,15.3967,15.4843,15.5722,15.6602,15.7484,15.8368,15.9252,16.0138,16.1024,16.1911,16.2798,16.3686,16.4573,16.546,16.6348,16.7234,16.8121,16.9007,16.9892,17.0777,17.1661,17.2544,17.3427,17.4308,17.5188,17.6068,17.6946,17.7823,17.8698,17.9573,18.0446,18.1318,18.2189,18.3058,18.3926,18.4792,18.5657,18.652,18.7382,18.8242,18.9101,18.9959,19.0814,19.1668,19.2521,19.3372,19.4221,19.5069
33.2093,31.0969,28.9433,26.7181,24.4143,22.0965,19.9392,18.1454,16.793,15.8194,15.1218,14.6157,14.2432,13.9661,13.7588,13.604,13.4898,13.4072,13.3501,13.3136,13.2941,13.2887,13.2951,13.3117,13.3368,13.3693,13.4083,13.4528,13.5022,13.5559,13.6134,13.6743,13.7381,13.8046,13.8734,13.9444,14.0173,14.0918,14.1679,14.2454,14.3241,14.4039,14.4847,14.5664,14.649,14.7323,14.8162,14.9007,14.9858,15.0713,15.1573,15.2436,15.3303,15.4173,15.5046,15.592,15.6797,15.7676,15.8556,15.9437,16.032,16.1203,16.2087,16.2971,16.3855,16.474,16.5625,16.651,16.7394,16.8278,16.9162,17.0045,17.0928,17.181,17.2691,17.3571,17.4451,17.5329,17.6207,17.7083,17.7958,17.8832,17.9705,18.0577,18.1447,18.2316,18.3184,18.405,18.4915,18.5779,18.6641,18.7501,18.836,18.9218,19.0074,19.0929,19.1782,19.2633,19.3483,19.4331,19.5178
33.3327,31.2361,29.1044,26.9092,24.643,22.3618,20.2217,18.4147,17.0296,16.0209,15.2932,14.7632,14.372,14.0801,13.8609,13.6965,13.5742,13.485,13.4221,13.3807,13.3569,13.3477,13.3509,13.3644,13.3869,13.417,13.4538,13.4964,13.544,13.596,13.652,13.7115,13.774,13.8392,13.907,13.9769,14.0487,14.1224,14.1976,14.2742,14.3521,14.4312,14.5113,14.5924,14.6743,14.757,14.8403,14.9243,15.0089,15.0939,15.1794,15.2653,15.3515,15.4381,15.525,15.612,15.6994,15.7869,15.8745,15.9623,16.0502,16.1382,16.2263,16.3145,16.4027,16.4909,16.5791,16.6673,16.7555,16.8437,16.9318,17.0199,17.108,17.1959,17.2839,17.3717,17.4594,17.5471,17.6347,17.7221,17.8095,17.8967,17.9838,18.0708,18.1577,18.2445,18.3311,18.4176,18.5039,18.5901,18.6762,18.7621,18.8479,18.9335,19.019,19.1043,19.1895,19.2746,19.3594,19.4442,19.5287
33.4546,31.3731,29.2623,27.0954,24.8647,22.6187,20.4973,18.681,17.2666,16.2242,15.4668,14.9129,14.5027,14.1957,13.9645,13.7902,13.6598,13.5637,13.495,13.4486,13.4204,13.4074,13.4072,13.4177,13.4375,13.4652,13.4998,13.5404,13.5862,13.6365,13.691,13.749,13.8102,13.8742,13.9408,14.0096,14.0805,14.1531,14.2275,14.3033,14.3804,14.4587,14.5381,14.6185,14.6998,14.7819,14.8647,14.9481,15.0321,15.1167,15.2017,15.2871,15.3729,15.459,15.5455,15.6322,15.7191,15.8063,15.8936,15.9811,16.0686,16.1563,16.2441,16.332,16.4199,16.5078,16.5958,16.6837,16.7717,16.8596,16.9475,17.0354,17.1232,17.211,17.2987,17.3863,17.4739,17.5614,17.6487,17.736,17.8232,17.9102,17.9972,18.084,18.1708,18.2574,18.3438,18.4302,18.5164,18.6024,18.6884,18.7742,18.8598,18.9453,19.0307,19.1159,19.201,19.2859,19.3706,19.4552,19.5397
33.5751,31.5081,29.4171,27.277,25.0798,22.8677,20.7662,18.9441,17.5036,16.429,15.6424,15.0645,14.6352,14.313,14.0695,13.8852,13.7464,13.6434,13.5688,13.5172,13.4846,13.4678,13.4641,13.4716,13.4887,13.5139,13.5463,13.5848,13.6287,13.6774,13.7302,13.7868,13.8467,13.9095,13.9749,14.0426,14.1124,14.1842,14.2576,14.3326,14.4089,14.4865,14.5652,14.6449,14.7255,14.807,14.8892,14.972,15.0555,15.1396,15.2241,15.3091,15.3944,15.4801,15.5662,15.6525,15.739,15.8258,15.9128,15.9999,16.0872,16.1745,16.262,16.3496,16.4372,16.5249,16.6125,16.7003,16.788,16.8757,16.9633,17.051,17.1386,17.2261,17.3136,17.4011,17.4884,17.5757,17.6629,17.75,17.837,17.9239,18.0107,18.0973,18.1839,18.2703,18.3567,18.4429,18.5289,18.6148,18.7006,18.7863,18.8718,18.9572,19.0424,19.1275,19.2125,19.2973,19.3819,19.4664,19.5507
33.6943,31.6411,29.569,27.4543,25.2887,23.1092,21.0282,19.2034,17.74,16.6351,15.8199,15.218,14.7695,14.4318,14.1759,13.9814,13.8342,13.724,13.6434,13.5867,13.5496,13.5288,13.5216,13.526,13.5403,13.563,13.5931,13.6296,13.6717,13.7186,13.7699,13.825,13.8835,13.945,14.0092,14.0759,14.1447,14.2155,14.288,14.3621,14.4376,14.5144,14.5924,14.6714,14.7514,14.8322,14.9138,14.9962,15.0791,15.1626,15.2467,15.3312,15.4161,15.5014,15.587,15.6729,15.7591,15.8455,15.9321,16.0189,16.1058,16.1929,16.28,16.3673,16.4546,16.542,16.6294,16.7169,16.8043,16.8918,16.9792,17.0667,17.154,17.2414,17.3287,17.4159,17.503,17.5901,17.6771,17.764,17.8509,17.9376,18.0242,18.1107,18.1971,18.2834,18.3696,18.4556,18.5415,18.6273,18.713,18.7985,18.8839,18.9691,19.0542,19.1392,19.224,19.3087,19.3932,19.4776,19.5618
33.8122,31.7723,29.7182,27.6276,25.4919,23.3436,21.2837,19.4588,17.9755,16.8421,15.999,15.3733,14.9054,14.5522,14.2836,14.0788,13.923,13.8056,13.7189,13.6569,13.6152,13.5904,13.5797,13.581,13.5924,13.6127,13.6405,13.6748,13.715,13.7602,13.8099,13.8635,13.9206,13.9809,14.0439,14.1094,14.1772,14.247,14.3186,14.3918,14.4665,14.5426,14.6198,14.6982,14.7775,14.8577,14.9387,15.0205,15.1029,15.1859,15.2694,15.3534,15.4379,15.5227,15.6079,15.6935,15.7792,15.8653,15.9515,16.038,16.1246,16.2113,16.2982,16.3851,16.4722,16.5593,16.6464,16.7336,16.8208,16.908,16.9952,17.0824,17.1696,17.2567,17.3438,17.4308,17.5177,17.6046,17.6914,17.7782,17.8648,17.9514,18.0378,18.1242,18.2104,18.2965,18.3825,18.4684,18.5542,18.6398,18.7254,18.8108,18.896,18.9811,19.0661,19.1509,19.2356,19.3202,19.4046,19.4889,19.573
33.9289,31.9017,29.8648,27.797,25.6897,23.5713,21.5327,19.71,18.2097,17.0497,16.1795,15.5303,15.043,14.674,14.3927,14.1774,14.0129,13.8882,13.7952,13.7279,13.6816,13.6527,13.6384,13.6365,13.6451,13.6627,13.6882,13.7205,13.7587,13.8021,13.8502,13.9023,13.958,14.017,14.0788,14.1432,14.21,14.2788,14.3494,14.4218,14.4957,14.5709,14.6474,14.7251,14.8037,14.8833,14.9637,15.0449,15.1268,15.2093,15.2923,15.3758,15.4598,15.5443,15.629,15.7141,15.7995,15.8852,15.9711,16.0572,16.1435,16.2299,16.3164,16.4031,16.4898,16.5767,16.6635,16.7505,16.8374,16.9244,17.0113,17.0983,17.1852,17.2721,17.359,17.4458,17.5325,17.6192,17.7058,17.7924,17.8789,17.9652,18.0515,18.1377,18.2238,18.3097,18.3956,18.4813,18.567,18.6525,18.7378,18.8231,18.9082,18.9932,19.078,19.1628,19.2473,19.3318,19.4161,19.5002,19.5842
34.0443,32.0293,30.0089,27.9627,25.8824,23.7927,21.7754,19.9569,18.4423,17.2576,16.3613,15.6888,15.1821,14.7973,14.503,14.2771,14.1038,13.9717,13.8724,13.7996,13.7486,13.7156,13.6977,13.6925,13.6982,13.7133,13.7364,13.7665,13.8028,13.8445,13.8908,13.9414,13.9958,14.0534,14.114,14.1773,14.243,14.3108,14.3805,14.452,14.525,14.5995,14.6753,14.7522,14.8302,14.9091,14.9889,15.0695,15.1508,15.2328,15.3153,15.3984,15.4819,15.5659,15.6503,15.735,15.82,15.9053,15.9908,16.0765,16.1625,16.2486,16.3348,16.4211,16.5076,16.5941,16.6807,16.7674,16.8541,16.9408,17.0275,17.1142,17.2009,17.2876,17.3743,17.4609,17.5474,17.6339,17.7203,17.8067,17.893,17.9792,18.0653,18.1513,18.2372,18.323,18.4087,18.4943,18.5798,18.6651,18.7504,18.8355,18.9205,19.0053,19.09,19.1746,19.2591,19.3434,19.4276,19.5116,19.5955
34.1586,32.1554,30.1507,28.1251,26.0704,24.0081,22.012,20.1994,18.6729,17.4656,16.5442,15.8488,15.3228,14.922,14.6147,14.378,14.1957,14.0561,13.9504,13.8721,13.8163,13.7791,13.7575,13.7491,13.7519,13.7643,13.785,13.813,13.8473,13.8871,13.9318,13.9809,14.0338,14.0901,14.1495,14.2116,14.2762,14.343,14.4118,14.4824,14.5546,14.6283,14.7033,14.7795,14.8568,14.9351,15.0143,15.0943,15.1751,15.2565,15.3385,15.4211,15.5042,15.5877,15.6716,15.7559,15.8405,15.9254,16.0106,16.096,16.1816,16.2673,16.3533,16.4393,16.5255,16.6117,16.698,16.7844,16.8709,16.9573,17.0438,17.1303,17.2167,17.3032,17.3896,17.476,17.5624,17.6487,17.7349,17.8211,17.9072,17.9932,18.0791,18.165,18.2507,18.3364,18.4219,18.5073,18.5927,18.6779,18.763,18.8479,18.9328,19.0175,19.1021,19.1866,19.2709,19.3551,19.4391,19.5231,19.6068
34.2717,32.2798,30.2901,28.2842,26.2538,24.2178,22.2428,20.4374,18.9014,17.6734,16.728,16.0101,15.4648,15.0481,14.7276,14.48,14.2887,14.1414,14.0292,13.9454,13.8847,13.8433,13.8179,13.8062,13.806,13.8157,13.8341,13.8598,13.8921,13.9301,13.9732,14.0207,14.0721,14.1271,14.1853,14.2462,14.3097,14.3755,14.4433,14.513,14.5844,14.6573,14.7315,14.807,14.8836,14.9613,15.0399,15.1193,15.1995,15.2804,15.3619,15.444,15.5266,15.6096,15.6931,15.777,15.8612,15.9457,16.0305,16.1156,16.2008,16.2862,16.3718,16.4576,16.5434,16.6294,16.7155,16.8016,16.8877,16.9739,17.0602,17.1464,17.2327,17.3189,17.4051,17.4913,17.5774,17.6635,17.7495,17.8355,17.9214,18.0073,18.093,18.1787,18.2643,18.3498,18.4352,18.5204,18.6056,18.6907,18.7756,18.8605,18.9452,19.0298,19.1142,19.1986,19.2828,19.3668,19.4508,19.5346,19.6182
34.3838,32.4027,30.4275,28.4403,26.433,24.4222,22.4679,20.6709,19.1274,17.8807,16.9124,16.1725,15.6081,15.1754,14.8417,14.5831,14.3826,14.2276,14.1089,14.0193,13.9538,13.9081,13.8789,13.8638,13.8606,13.8677,13.8835,13.9071,13.9374,13.9735,14.0148,14.0608,14.1108,14.1644,14.2213,14.2811,14.3435,14.4082,14.4751,14.5439,14.6144,14.6864,14.7599,14.8347,14.9106,14.9876,15.0656,15.1444,15.224,15.3044,15.3854,15.467,15.5491,15.6317,15.7148,15.7982,15.882,15.9662,16.0506,16.1353,16.2202,16.3053,16.3905,16.476,16.5615,16.6472,16.733,16.8188,16.9047,16.9907,17.0766,17.1626,17.2486,17.3346,17.4206,17.5066,17.5925,17.6784,17.7643,17.8501,17.9358,18.0214,18.107,18.1925,18.2779,18.3633,18.4485,18.5336,18.6186,18.7035,18.7884,18.873,18.9576,19.0421,19.1264,19.2106,19.2947,19.3786,19.4625,19.5461,19.6297
34.4948,32.5242,30.5628,28.5934,26.6082,24.6214,22.6877,20.8998,19.3509,18.0872,17.0972,16.336,15.7526,15.304,14.9569,14.6873,14.4776,14.3147,14.1893,14.0941,14.0235,13.9735,13.9405,13.922,13.9157,13.92,13.9334,13.9547,13.983,14.0172,14.0568,14.1012,14.1497,14.202,14.2576,14.3162,14.3775,14.4412,14.5071,14.5749,14.6446,14.7158,14.7885,14.8626,14.9378,15.0141,15.0915,15.1697,15.2487,15.3285,15.409,15.4901,15.5718,15.6539,15.7365,15.8196,15.903,15.9867,16.0708,16.1551,16.2396,16.3244,16.4093,16.4945,16.5797,16.6651,16.7506,16.8361,16.9218,17.0075,17.0932,17.179,17.2647,17.3505,17.4363,17.522,17.6078,17.6934,17.7791,17.8647,17.9502,18.0357,18.1211,18.2064,18.2917,18.3768,18.4619,18.5469,18.6317,18.7165,18.8011,18.8857,18.9701,19.0544,19.1386,19.2227,19.3067,19.3905,19.4742,19.5578,19.6412
34.6048,32.6443,30.6961,28.7438,26.7796,24.8159,22.9022,21.1243,19.5716,18.2928,17.2823,16.5003,15.8983,15.4337,15.0733,14.7926,14.5735,14.4027,14.2705,14.1695,14.0939,14.0395,14.0026,13.9806,13.9713,13.9728,13.9837,14.0028,14.0289,14.0613,14.0992,14.1419,14.1889,14.2398,14.2941,14.3516,14.4117,14.4744,14.5393,14.6062,14.675,14.7454,14.8173,14.8906,14.9651,15.0408,15.1175,15.1951,15.2736,15.3529,15.4328,15.5134,15.5946,15.6763,15.7584,15.841,15.924,16.0074,16.0911,16.175,16.2592,16.3436,16.4282,16.513,16.598,16.6831,16.7683,16.8536,16.9389,17.0244,17.1099,17.1954,17.2809,17.3664,17.452,17.5375,17.623,17.7085,17.794,17.8794,17.9647,18.05,18.1352,18.2204,18.3055,18.3905,18.4754,18.5602,18.6449,18.7295,18.814,18.8984,18.9827,19.0669,19.151,19.2349,19.3187,19.4024,19.486,19.5694,19.6528
34.7138,32.763,30.8275,28.8916,26.9473,25.0058,23.1116,21.3444,19.7894,18.4972,17.4676,16.6655,16.0451,15.5646,15.1908,14.8988,14.6703,14.4916,14.3526,14.2457,14.165,14.1061,14.0653,14.0398,14.0274,14.0261,14.0345,14.0512,14.0752,14.1057,14.1418,14.1829,14.2285,14.2779,14.331,14.3872,14.4462,14.5078,14.5717,14.6377,14.7056,14.7752,14.8463,14.9189,14.9927,15.0677,15.1437,15.2207,15.2986,15.3773,15.4568,15.5368,15.6175,15.6987,15.7805,15.8627,15.9452,16.0282,16.1115,16.195,16.2789,16.363,16.4473,16.5317,16.6164,16.7012,16.7861,16.8711,16.9562,17.0414,17.1266,17.2119,17.2972,17.3825,17.4678,17.5531,17.6384,17.7237,17.8089,17.8941,17.9793,18.0644,18.1495,18.2344,18.3193,18.4042,18.4889,18.5735,18.6581,18.7426,18.8269,18.9112,18.9953,19.0794,19.1633,19.2471,19.3308,19.4144,19.4979,19.5812,19.6644
34.8219,32.8804,30.9571,29.0368,27.1117,25.1914,23.3163,21.5602,20.0043,18.7002,17.6527,16.8312,16.1927,15.6965,15.3093,15.0061,14.768,14.5812,14.4354,14.3225,14.2367,14.1732,14.1285,14.0995,14.0839,14.0798,14.0856,14.1,14.1219,14.1505,14.1848,14.2242,14.2683,14.3164,14.3681,14.423,14.4809,14.5415,14.6044,14.6694,14.7364,14.8051,14.8755,14.9473,15.0204,15.0947,15.1701,15.2465,15.3238,15.402,15.4808,15.5604,15.6406,15.7214,15.8026,15.8844,15.9665,16.0491,16.132,16.2152,16.2987,16.3824,16.4664,16.5506,16.6349,16.7194,16.804,16.8887,16.9736,17.0585,17.1434,17.2285,17.3135,17.3986,17.4837,17.5688,17.6539,17.7389,17.824,17.909,17.994,18.0789,18.1637,18.2485,18.3333,18.4179,18.5025,18.587,18.6714,18.7557,18.8399,18.924,19.0081,19.092,19.1758,19.2594,19.343,19.4264,19.5098,19.593,19.6761
34.929,32.9965,31.0849,29.1796,27.2728,25.3728,23.5164,21.7717,20.2161,18.9018,17.8375,16.9974,16.3413,15.8294,15.4288,15.1143,14.8667,14.6717,14.5189,14.4001,14.309,14.241,14.1922,14.1597,14.1409,14.1339,14.1371,14.1492,14.169,14.1955,14.2281,14.2659,14.3084,14.355,14.4054,14.4592,14.5159,14.5753,14.6372,14.7013,14.7674,14.8353,14.9048,14.9759,15.0483,15.1219,15.1967,15.2724,15.3492,15.4267,15.5051,15.5841,15.6638,15.7441,15.8249,15.9062,15.988,16.0701,16.1526,16.2355,16.3186,16.402,16.4856,16.5695,16.6535,16.7377,16.822,16.9064,16.991,17.0756,17.1604,17.2451,17.3299,17.4148,17.4997,17.5845,17.6694,17.7543,17.8391,17.9239,18.0087,18.0934,18.1781,18.2627,18.3473,18.4318,18.5162,18.6005,18.6848,18.7689,18.853,18.9369,19.0208,19.1046,19.1882,19.2718,19.3552,19.4385,19.5217,19.6048,19.6878
35.0352,33.1114,31.2111,29.3202,27.4308,25.5503,23.7121,21.979,20.4248,19.1016,18.0219,17.164,16.4905,15.9632,15.5493,15.2234,14.9661,14.763,14.6032,14.4783,14.382,14.3094,14.2565,14.2203,14.1983,14.1885,14.1891,14.1988,14.2164,14.241,14.2717,14.3078,14.3487,14.394,14.443,14.4955,14.5511,14.6095,14.6703,14.7335,14.7986,14.8657,14.9344,15.0047,15.0763,15.1493,15.2234,15.2985,15.3746,15.4516,15.5294,15.608,15.6872,15.767,15.8474,15.9282,16.0096,16.0913,16.1734,16.2559,16.3386,16.4217,16.505,16.5885,16.6722,16.7561,16.8401,16.9243,17.0085,17.0929,17.1774,17.2619,17.3465,17.4311,17.5157,17.6004,17.685,17.7697,17.8543,17.9389,18.0235,18.108,18.1925,18.277,18.3614,18.4457,18.5299,18.6141,18.6982,18.7822,18.8661,18.9499,19.0336,19.1173,19.2008,19.2842,19.3675,19.4507,19.5338,19.6167,19.6996
35.1405,33.2252,31.3357,29.4585,27.5859,25.7241,23.9035,22.1823,20.6304,19.2997,18.2056,17.3307,16.6405,16.0978,15.6707,15.3334,15.0665,14.8551,14.6882,14.5572,14.4556,14.3783,14.3213,14.2815,14.2562,14.2435,14.2414,14.2487,14.2642,14.2867,14.3156,14.35,14.3894,14.4332,14.4809,14.5321,14.5865,14.6438,14.7036,14.7658,14.83,14.8962,14.9641,15.0336,15.1046,15.1768,15.2502,15.3248,15.4003,15.4767,15.554,15.632,15.7107,15.79,15.8699,15.9503,16.0312,16.1126,16.1943,16.2764,16.3588,16.4415,16.5244,16.6076,16.691,16.7746,16.8583,16.9422,17.0262,17.1103,17.1945,17.2787,17.3631,17.4474,17.5319,17.6163,17.7007,17.7852,17.8696,17.954,18.0384,18.1227,18.207,18.2913,18.3755,18.4597,18.5437,18.6277,18.7117,18.7955,18.8793,18.963,19.0465,19.13,19.2134,19.2967,19.3798,19.4629,19.5459,19.6287,19.7114
35.245,33.3378,31.4588,29.5948,27.7382,25.8944,24.0909,22.3816,20.8328,19.4958,18.3887,17.4976,16.7909,16.2332,15.7929,15.4443,15.1676,14.948,14.7739,14.6368,14.5298,14.4478,14.3867,14.3432,14.3146,14.2989,14.2942,14.299,14.3123,14.3328,14.3598,14.3926,14.4304,14.4727,14.519,14.569,14.6222,14.6784,14.7371,14.7983,14.8617,14.927,14.9941,15.0628,15.133,15.2045,15.2773,15.3512,15.4261,15.5019,15.5786,15.6561,15.7343,15.8132,15.8926,15.9726,16.053,16.134,16.2153,16.297,16.379,16.4614,16.544,16.6268,16.7099,16.7932,16.8766,16.9602,17.0439,17.1277,17.2117,17.2957,17.3798,17.4639,17.5481,17.6323,17.7165,17.8007,17.8849,17.9691,18.0533,18.1375,18.2216,18.3057,18.3897,18.4737,18.5576,18.6415,18.7252,18.8089,18.8925,18.9761,19.0595,19.1428,19.2261,19.3092,19.3922,19.4752,19.558,19.6407,19.7233
35.3487,33.4493,31.5804,29.729,27.8878,26.0612,24.2743,22.5771,21.0321,19.69,18.5708,17.6644,16.9418,16.3694,15.9159,15.5559,15.2696,15.0416,14.8604,14.717,14.6046,14.5179,14.4526,14.4053,14.3734,14.3547,14.3473,14.3497,14.3607,14.3792,14.4044,14.4354,14.4716,14.5124,14.5574,14.6061,14.6581,14.7131,14.7709,14.8311,14.8935,14.9579,15.0242,15.0921,15.1615,15.2324,15.3045,15.3777,15.452,15.5273,15.6034,15.6804,15.7581,15.8364,15.9154,15.9949,16.075,16.1555,16.2364,16.3177,16.3994,16.4814,16.5636,16.6461,16.7289,16.8118,16.895,16.9783,17.0617,17.1453,17.229,17.3127,17.3965,17.4804,17.5644,17.6483,17.7323,17.8164,17.9004,17.9844,18.0684,18.1523,18.2363,18.3202,18.404,18.4878,18.5716,18.6552,18.7388,18.8224,18.9058,18.9892,19.0725,19.1557,19.2388,19.3218,19.4047,19.4875,19.5702,19.6528,19.7353
35.4516,33.5597,31.7005,29.8613,28.0349,26.2248,24.4541,22.7688,21.2283,19.882,18.752,17.831,17.0931,16.5061,16.0397,15.6684,15.3723,15.1359,14.9475,14.7978,14.68,14.5885,14.5189,14.4679,14.4327,14.4109,14.4008,14.4008,14.4095,14.426,14.4492,14.4785,14.5131,14.5525,14.596,14.6434,14.6943,14.7481,14.8048,14.864,14.9255,14.989,15.0545,15.1216,15.1903,15.2604,15.3318,15.4044,15.4781,15.5528,15.6284,15.7048,15.782,15.8598,15.9383,16.0174,16.097,16.1771,16.2576,16.3386,16.4198,16.5015,16.5834,16.6656,16.748,16.8306,16.9135,16.9965,17.0796,17.1629,17.2463,17.3298,17.4134,17.4971,17.5808,17.6645,17.7483,17.8321,17.9159,17.9997,18.0835,18.1672,18.251,18.3347,18.4184,18.502,18.5856,18.6691,18.7525,18.8359,18.9192,19.0024,19.0856,19.1686,19.2516,19.3345,19.4172,19.4999,19.5825,19.6649,19.7473
35.5536,33.6691,31.8193,29.9918,28.1795,26.3854,24.6303,22.9569,21.4213,20.0719,18.932,17.9974,17.2446,16.6434,16.1641,15.7816,15.4757,15.231,15.0352,14.8793,14.7559,14.6596,14.5858,14.531,14.4924,14.4676,14.4547,14.4522,14.4587,14.4731,14.4944,14.5219,14.5549,14.5927,14.6349,14.681,14.7306,14.7834,14.839,14.8972,14.9577,15.0203,15.0849,15.1513,15.2192,15.2886,15.3593,15.4313,15.5044,15.5784,15.6535,15.7293,15.806,15.8834,15.9614,16.04,16.1192,16.1988,16.279,16.3595,16.4404,16.5217,16.6032,16.6851,16.7672,16.8495,16.9321,17.0148,17.0976,17.1806,17.2638,17.347,17.4304,17.5138,17.5972,17.6807,17.7643,17.8479,17.9315,18.0151,18.0986,18.1822,18.2658,18.3493,18.4328,18.5162,18.5996,18.683,18.7663,18.8495,18.9326,19.0157,19.0987,19.1816,19.2644,19.3472,19.4298,19.5123,19.5948,19.6771,19.7593
35.655,33.7775,31.9367,30.1205,28.3218,26.543,24.803,23.1415,21.6113,20.2596,19.1109,18.1633,17.3963,16.7812,16.2892,15.8955,15.5799,15.3267,15.1236,14.9613,14.8325,14.7312,14.6531,14.5945,14.5525,14.5246,14.509,14.5039,14.5081,14.5204,14.5399,14.5656,14.5969,14.6333,14.6741,14.7188,14.7672,14.8188,14.8733,14.9305,14.9901,15.0518,15.1156,15.1811,15.2483,15.317,15.387,15.4583,15.5307,15.6042,15.6787,15.754,15.8302,15.907,15.9846,16.0627,16.1415,16.2207,16.3004,16.3806,16.4611,16.542,16.6232,16.7047,16.7865,16.8685,16.9507,17.0331,17.1157,17.1985,17.2813,17.3643,17.4474,17.5305,17.6138,17.697,17.7804,17.8637,17.9471,18.0305,18.1139,18.1973,18.2806,18.364,18.4473,18.5306,18.6138,18.697,18.7801,18.8631,18.9461,19.029,19.1119,19.1947,19.2773,19.3599,19.4424,19.5248,19.6071,19.6893,19.7714
35.7556,33.8849,32.0528,30.2475,28.4618,26.6977,24.9724,23.3227,21.7983,20.4451,19.2884,18.3288,17.5481,16.9194,16.4148,16.01,15.6847,15.423,15.2127,15.044,14.9095,14.8034,14.721,14.6585,14.613,14.5821,14.5637,14.5561,14.558,14.5681,14.5856,14.6096,14.6393,14.6741,14.7134,14.7569,14.804,14.8545,14.9079,14.9641,15.0227,15.0835,15.1464,15.2111,15.2775,15.3455,15.4148,15.4855,15.5573,15.6302,15.704,15.7788,15.8544,15.9308,16.0079,16.0856,16.1639,16.2427,16.322,16.4017,16.4819,16.5624,16.6433,16.7244,16.8059,16.8876,16.9695,17.0516,17.1339,17.2164,17.299,17.3817,17.4645,17.5474,17.6304,17.7134,17.7965,17.8797,17.9628,18.046,18.1292,18.2124,18.2956,18.3787,18.4618,18.5449,18.628,18.711,18.794,18.8768,18.9597,19.0424,19.1251,19.2078,19.2903,19.3727,19.4551,19.5374,19.6196,19.7016,19.7836
35.8554,33.9914,32.1677,30.3728,28.5997,26.8498,25.1387,23.5006,21.9823,20.6283,19.4645,18.4936,17.6998,17.0579,16.541,16.1251,15.7901,15.52,15.3023,15.1272,14.9872,14.8761,14.7893,14.723,14.674,14.6399,14.6187,14.6085,14.6081,14.6162,14.6317,14.6538,14.6819,14.7151,14.753,14.7952,14.8411,14.8903,14.9427,14.9978,15.0555,15.1154,15.1774,15.2413,15.3069,15.3741,15.4428,15.5128,15.584,15.6562,15.7295,15.8038,15.8789,15.9547,16.0313,16.1085,16.1864,16.2648,16.3437,16.423,16.5028,16.5829,16.6634,16.7443,16.8254,16.9067,16.9884,17.0702,17.1522,17.2343,17.3167,17.3991,17.4817,17.5643,17.6471,17.7299,17.8128,17.8957,17.9786,18.0616,18.1446,18.2276,18.3106,18.3935,18.4765,18.5594,18.6423,18.7251,18.8079,18.8906,18.9733,19.0559,19.1384,19.2209,19.3033,19.3856,19.4678,19.55,19.632,19.714,19.7958
35.9546,34.097,32.2814,30.4966,28.7355,26.9993,25.302,23.6753,22.1634,20.8092,19.6392,18.6578,17.8514,17.1967,16.6677,16.2408,15.8962,15.6176,15.3926,15.211,15.0653,14.9493,14.8581,14.7879,14.7354,14.6982,14.6741,14.6614,14.6586,14.6645,14.678,14.6984,14.7247,14.7564,14.7929,14.8337,14.8783,14.9264,14.9777,15.0318,15.0884,15.1474,15.2086,15.2717,15.3365,15.403,15.4709,15.5402,15.6108,15.6825,15.7552,15.8289,15.9034,15.9788,16.0549,16.1316,16.209,16.287,16.3654,16.4444,16.5238,16.6036,16.6837,16.7642,16.845,16.926,17.0073,17.0888,17.1705,17.2524,17.3345,17.4167,17.499,17.5814,17.6639,17.7465,17.8291,17.9118,17.9945,18.0773,18.1601,18.2428,18.3256,18.4084,18.4912,18.5739,18.6566,18.7393,18.8219,18.9045,18.987,19.0694,19.1518,19.2341,19.3164,19.3986,19.4806,19.5626,19.6445,19.7264,19.8081
36.0531,34.2016,32.3939,30.6188,28.8694,27.1463,25.4623,23.8469,22.3416,20.9878,19.8123,18.8212,18.0029,17.3356,16.7948,16.3571,16.0028,15.7158,15.4834,15.2954,15.144,15.023,14.9274,14.8532,14.7972,14.7568,14.7298,14.7145,14.7094,14.7131,14.7247,14.7432,14.7678,14.798,14.833,14.8724,14.9158,14.9627,15.0128,15.0659,15.1216,15.1797,15.2399,15.3022,15.3662,15.432,15.4992,15.5678,15.6377,15.7088,15.7809,15.8541,15.9281,16.0029,16.0785,16.1548,16.2318,16.3093,16.3873,16.4659,16.5449,16.6243,16.7041,16.7842,16.8646,16.9454,17.0263,17.1076,17.189,17.2706,17.3524,17.4343,17.5163,17.5985,17.6807,17.7631,17.8455,17.928,18.0105,18.093,18.1756,18.2582,18.3408,18.4233,18.5059,18.5885,18.671,18.7535,18.8359,18.9184,19.0007,19.083,19.1652,19.2474,19.3295,19.4115,19.4935,19.5754,19.6571,19.7388,19.8204
36.1509,34.3055,32.5053,30.7396,29.0014,27.2909,25.6199,24.0155,22.517,21.1642,19.9839,18.9838,18.154,17.4747,16.9222,16.4738,16.11,15.8146,15.5747,15.3803,15.2232,15.0972,14.9971,14.9189,14.8594,14.8158,14.7859,14.768,14.7605,14.762,14.7716,14.7883,14.8112,14.8398,14.8733,14.9114,14.9535,14.9992,15.0482,15.1002,15.1549,15.2121,15.2714,15.3329,15.3961,15.4611,15.5276,15.5956,15.6648,15.7353,15.8068,15.8794,15.9529,16.0272,16.1023,16.1781,16.2546,16.3317,16.4093,16.4875,16.5661,16.6451,16.7245,16.8043,16.8844,16.9648,17.0455,17.1264,17.2075,17.2888,17.3703,17.452,17.5338,17.6157,17.6977,17.7798,17.862,17.9442,18.0265,18.1088,18.1912,18.2736,18.356,18.4384,18.5207,18.6031,18.6855,18.7678,18.8501,18.9323,19.0145,19.0966,19.1787,19.2607,19.3427,19.4246,19.5064,19.5881,19.6698,19.7513,19.8328
36.2481,34.4084,32.6156,30.859,29.1315,27.4332,25.7747,24.1812,22.6896,21.3382,20.1539,19.1454,18.3048,17.6138,17.0499,16.591,16.2177,15.9139,15.6666,15.4657,15.3029,15.1718,15.0672,14.9851,14.922,14.8752,14.8424,14.8218,14.8119,14.8113,14.8188,14.8336,14.8548,14.8818,14.9139,14.9506,14.9914,15.0359,15.0838,15.1347,15.1884,15.2446,15.3031,15.3637,15.4262,15.4904,15.5562,15.6235,15.6921,15.7619,15.8329,15.9049,15.9778,16.0516,16.1262,16.2016,16.2776,16.3542,16.4314,16.5092,16.5874,16.666,16.7451,16.8245,16.9043,16.9844,17.0647,17.1453,17.2261,17.3072,17.3884,17.4697,17.5513,17.6329,17.7147,17.7965,17.8785,17.9605,18.0426,18.1247,18.2069,18.289,18.3712,18.4534,18.5356,18.6178,18.7,18.7821,18.8642,18.9463,19.0284,19.1103,19.1923,19.2741,19.3559,19.4377,19.5193,19.6009,19.6824,19.7639,19.8452
36.3446,34.5106,32.7249,30.9769,29.2599,27.5734,25.927,24.3441,22.8595,21.51,20.3223,19.306,18.4552,17.753,17.1779,16.7086,16.3258,16.0136,15.759,15.5516,15.3831,15.2469,15.1378,15.0517,14.9849,14.9349,14.8992,14.876,14.8636,14.8608,14.8663,14.8792,14.8987,14.9241,14.9547,14.99,15.0295,15.0728,15.1196,15.1694,15.2221,15.2774,15.335,15.3947,15.4564,15.5199,15.585,15.6515,15.7195,15.7887,15.859,15.9305,16.0028,16.0761,16.1502,16.2251,16.3007,16.3769,16.4537,16.531,16.6088,16.6871,16.7658,16.8448,16.9243,17.004,17.084,17.1643,17.2448,17.3256,17.4065,17.4876,17.5689,17.6503,17.7318,17.8134,17.8951,17.9769,18.0587,18.1406,18.2226,18.3046,18.3866,18.4686,18.5506,18.6326,18.7146,18.7965,18.8785,18.9604,19.0423,19.1241,19.2059,19.2876,19.3692,19.4508,19.5324,19.6138,19.6952,19.7765,19.8577
36.4406,34.612,32.8331,31.0936,29.3866,27.7114,26.0768,24.5043,23.0268,21.6796,20.4889,19.4656,18.6051,17.892,17.3061,16.8265,16.4344,16.1139,15.8519,15.638,15.4637,15.3224,15.2088,15.1186,15.0483,14.995,14.9564,14.9305,14.9157,14.9106,14.9141,14.9251,14.9429,14.9666,14.9957,15.0296,15.0678,15.1099,15.1555,15.2043,15.256,15.3103,15.367,15.4259,15.4868,15.5495,15.6138,15.6797,15.747,15.8156,15.8853,15.9562,16.028,16.1008,16.1744,16.2488,16.3239,16.3996,16.476,16.5529,16.6303,16.7082,16.7865,16.8652,16.9443,17.0237,17.1034,17.1834,17.2636,17.3441,17.4247,17.5055,17.5865,17.6677,17.7489,17.8303,17.9118,17.9934,18.075,18.1567,18.2384,18.3202,18.402,18.4838,18.5656,18.6474,18.7292,18.811,18.8928,18.9745,19.0562,19.1379,19.2195,19.3011,19.3826,19.464,19.5454,19.6267,19.708,19.7891,19.8702
36.5359,34.7126,32.9404,31.209,29.5117,27.8474,26.2242,24.662,23.1916,21.8469,20.6539,19.6242,18.7545,18.0309,17.4344,16.9447,16.5434,16.2146,15.9453,15.7248,15.5448,15.3984,15.2803,15.186,15.112,15.0554,15.0139,14.9853,14.968,14.9607,14.9621,14.9713,14.9873,15.0094,15.037,15.0695,15.1064,15.1472,15.1917,15.2394,15.2901,15.3434,15.3992,15.4572,15.5173,15.5792,15.6429,15.708,15.7747,15.8426,15.9118,15.982,16.0533,16.1255,16.1986,16.2725,16.3472,16.4225,16.4984,16.5749,16.6519,16.7294,16.8074,16.8857,16.9645,17.0435,17.1229,17.2026,17.2825,17.3626,17.443,17.5236,17.6043,17.6852,17.7662,17.8473,17.9286,18.0099,18.0913,18.1728,18.2543,18.3358,18.4174,18.499,18.5807,18.6623,18.7439,18.8256,18.9072,18.9887,19.0703,19.1518,19.2332,19.3146,19.396,19.4773,19.5585,19.6397,19.7208,19.8018,19.8828
36.6307,34.8124,33.0467,31.3231,29.6352,27.9815,26.3693,24.817,23.3538,22.0119,20.8171,19.7815,18.9032,18.1696,17.5628,17.0632,16.6528,16.3158,16.0391,15.8121,15.6263,15.4748,15.3521,15.2538,15.1761,15.1163,15.0717,15.0404,15.0207,15.0111,15.0104,15.0177,15.0319,15.0524,15.0785,15.1095,15.1451,15.1848,15.2281,15.2747,15.3243,15.3767,15.4316,15.4887,15.548,15.6091,15.672,15.7365,15.8025,15.8698,15.9383,16.008,16.0787,16.1504,16.223,16.2964,16.3706,16.4454,16.5209,16.597,16.6736,16.7507,16.8283,16.9063,16.9847,17.0634,17.1425,17.2218,17.3014,17.3813,17.4614,17.5417,17.6221,17.7027,17.7835,17.8644,17.9454,18.0265,18.1077,18.1889,18.2702,18.3516,18.433,18.5144,18.5958,18.6773,18.7587,18.8402,18.9216,19.003,19.0844,19.1657,19.247,19.3283,19.4095,19.4906,19.5717,19.6528,19.7337,19.8146,19.8954
36.7248,34.9115,33.152,31.4361,29.7571,28.1137,26.5121,24.9697,23.5136,22.1748,20.9787,19.9377,19.0513,18.3081,17.6912,17.182,16.7625,16.4173,16.1333,15.8998,15.7083,15.5516,15.4243,15.3219,15.2406,15.1774,15.1298,15.0958,15.0736,15.0617,15.059,15.0643,15.0768,15.0956,15.1202,15.1498,15.1841,15.2225,15.2646,15.3101,15.3587,15.4101,15.4641,15.5204,15.5788,15.6392,15.7013,15.7651,15.8304,15.8971,15.965,16.0341,16.1043,16.1754,16.2475,16.3204,16.3941,16.4685,16.5436,16.6192,16.6954,16.7722,16.8494,16.927,17.005,17.0834,17.1621,17.2412,17.3205,17.4001,17.4798,17.5598,17.64,17.7204,17.8009,17.8815,17.9623,18.0432,18.1241,18.2051,18.2862,18.3674,18.4486,18.5298,18.611,18.6923,18.7735,18.8548,18.9361,19.0173,19.0985,19.1797,19.2608,19.3419,19.423,19.504,19.5849,19.6658,19.7467,19.8274,19.9081
36.8184,35.01,33.2564,31.5479,29.8777,28.244,26.6528,25.1199,23.671,22.3356,21.1385,20.0927,19.1986,18.4462,17.8197,17.3009,16.8726,16.5193,16.228,15.988,15.7906,15.6288,15.497,15.3904,15.3054,15.2389,15.1883,15.1515,15.1268,15.1127,15.1078,15.1112,15.1219,15.1391,15.1621,15.1903,15.2232,15.2604,15.3013,15.3458,15.3933,15.4438,15.4968,15.5522,15.6098,15.6694,15.7308,15.7939,15.8585,15.9245,15.9918,16.0603,16.1299,16.2006,16.2721,16.3445,16.4177,16.4917,16.5663,16.6415,16.7173,16.7937,16.8705,16.9478,17.0254,17.1035,17.1819,17.2606,17.3396,17.4189,17.4984,17.5781,17.658,17.7381,17.8184,17.8987,17.9793,18.0599,18.1406,18.2214,18.3023,18.3832,18.4642,18.5452,18.6263,18.7074,18.7884,18.8695,18.9506,19.0317,19.1127,19.1937,19.2747,19.3557,19.4366,19.5174,19.5982,19.679,19.7597,19.8403,19.9208
36.9115,35.1077,33.36,31.6586,29.9968,28.3727,26.7915,25.2679,23.8261,22.4942,21.2965,20.2464,19.3452,18.584,17.948,17.42,16.9829,16.6215,16.323,16.0765,15.8734,15.7064,15.57,15.4593,15.3706,15.3007,15.2471,15.2076,15.1803,15.1639,15.1569,15.1584,15.1673,15.1828,15.2042,15.231,15.2626,15.2985,15.3382,15.3816,15.4281,15.4775,15.5296,15.5842,15.6409,15.6997,15.7604,15.8227,15.8867,15.952,16.0187,16.0867,16.1557,16.2258,16.2968,16.3687,16.4415,16.515,16.5891,16.6639,16.7393,16.8153,16.8917,16.9686,17.046,17.1237,17.2017,17.2801,17.3588,17.4378,17.517,17.5964,17.6761,17.7559,17.8359,17.916,17.9963,18.0767,18.1572,18.2378,18.3184,18.3992,18.4799,18.5608,18.6416,18.7225,18.8034,18.8843,18.9652,19.0461,19.127,19.2078,19.2886,19.3694,19.4502,19.5309,19.6116,19.6922,19.7727,19.8532,19.9336
37.004,35.2047,33.4627,31.7682,30.1145,28.4996,26.9281,25.4137,23.9789,22.6508,21.4529,20.3989,19.491,18.7214,18.0763,17.5392,17.0934,16.7241,16.4184,16.1655,15.9565,15.7844,15.6433,15.5285,15.4361,15.3628,15.3062,15.2639,15.2341,15.2154,15.2063,15.2058,15.2128,15.2267,15.2466,15.2719,15.3021,15.3367,15.3753,15.4175,15.463,15.5115,15.5626,15.6163,15.6722,15.7302,15.7901,15.8517,15.915,15.9797,16.0458,16.1131,16.1816,16.2511,16.3216,16.3931,16.4653,16.5383,16.6121,16.6865,16.7615,16.837,16.9131,16.9896,17.0666,17.1439,17.2217,17.2997,17.3781,17.4568,17.5357,17.6148,17.6942,17.7738,17.8535,17.9334,18.0134,18.0936,18.1739,18.2542,18.3347,18.4152,18.4957,18.5764,18.657,18.7377,18.8184,18.8991,18.9799,19.0606,19.1413,19.222,19.3026,19.3833,19.4639,19.5444,19.6249,19.7054,19.7858,19.8662,19.9464
37.096,35.3011,33.5645,31.8767,30.2309,28.6249,27.0628,25.5573,24.1295,22.8053,21.6075,20.5501,19.6359,18.8583,18.2044,17.6584,17.2042,16.827,16.5141,16.2547,16.04,15.8628,15.7171,15.5981,15.5019,15.4253,15.3656,15.3205,15.2882,15.2671,15.2559,15.2534,15.2587,15.2708,15.2892,15.313,15.3419,15.3752,15.4126,15.4537,15.4981,15.5456,15.5958,15.6486,15.7036,15.7608,15.82,15.8809,15.9435,16.0075,16.073,16.1397,16.2076,16.2766,16.3466,16.4175,16.4893,16.5618,16.6351,16.7091,16.7836,16.8588,16.9345,17.0106,17.0872,17.1643,17.2417,17.3194,17.3975,17.4758,17.5545,17.6333,17.7124,17.7917,17.8712,17.9508,18.0306,18.1105,18.1906,18.2707,18.3509,18.4312,18.5116,18.592,18.6725,18.753,18.8335,18.914,18.9946,19.0751,19.1556,19.2362,19.3167,19.3972,19.4776,19.558,19.6384,19.7187,19.799,19.8792,19.9593
37.1875,35.3968,33.6656,31.9842,30.346,28.7487,27.1957,25.6989,24.278,22.9578,21.7604,20.6999,19.78,18.9948,18.3324,17.7777,17.3151,16.9301,16.6102,16.3444,16.1239,15.9415,15.7911,15.668,15.5681,15.488,15.4253,15.3774,15.3425,15.3191,15.3058,15.3013,15.3047,15.3152,15.3319,15.3543,15.3818,15.4139,15.4501,15.49,15.5334,15.5798,15.6291,15.681,15.7352,15.7916,15.85,15.9102,15.972,16.0354,16.1003,16.1664,16.2337,16.3022,16.3716,16.442,16.5133,16.5854,16.6583,16.7318,16.8059,16.8807,16.956,17.0318,17.108,17.1847,17.2617,17.3392,17.4169,17.495,17.5733,17.6519,17.7307,17.8097,17.889,17.9683,18.0479,18.1276,18.2074,18.2873,18.3673,18.4474,18.5275,18.6077,18.688,18.7683,18.8486,18.929,19.0093,19.0897,19.1701,19.2504,19.3308,19.4111,19.4914,19.5716,19.6519,19.732,19.8122,19.8922,19.9722
37.2785,35.4919,33.7658,32.0907,30.4599,28.8709,27.3268,25.8384,24.4244,23.1083,21.9116,20.8485,19.9231,19.1307,18.4601,17.8969,17.4261,17.0335,16.7065,16.4343,16.2081,16.0205,15.8655,15.7382,15.6345,15.5511,15.4852,15.4346,15.3972,15.3714,15.3559,15.3494,15.351,15.3597,15.3749,15.3958,15.4219,15.4527,15.4877,15.5265,15.5688,15.6143,15.6626,15.7136,15.7669,15.8225,15.8801,15.9396,16.0008,16.0635,16.1277,16.1932,16.26,16.3279,16.3968,16.4667,16.5375,16.6091,16.6815,16.7546,16.8283,16.9027,16.9776,17.053,17.1289,17.2052,17.2819,17.359,17.4365,17.5142,17.5922,17.6705,17.7491,17.8278,17.9068,17.9859,18.0652,18.1446,18.2242,18.3039,18.3837,18.4635,18.5435,18.6235,18.7036,18.7837,18.8638,18.944,19.0242,19.1044,19.1846,19.2647,19.3449,19.4251,19.5052,19.5853,19.6654,19.7454,19.8254,19.9053,19.9852
37.3691,35.5864,33.8653,32.1963,30.5726,28.9917,27.4561,25.976,24.5688,23.2568,22.0611,20.9957,20.0653,19.266,18.5875,18.0161,17.5373,17.1371,16.8031,16.5246,16.2926,16.0999,15.9403,15.8088,15.7013,15.6145,15.5455,15.492,15.452,15.4239,15.4062,15.3977,15.3975,15.4045,15.4181,15.4375,15.4623,15.4917,15.5255,15.5632,15.6044,15.6488,15.6962,15.7463,15.7988,15.8536,15.9104,15.9691,16.0296,16.0917,16.1552,16.2202,16.2863,16.3537,16.4221,16.4914,16.5617,16.6329,16.7048,16.7775,16.8508,16.9247,16.9993,17.0743,17.1498,17.2258,17.3022,17.3789,17.4561,17.5335,17.6112,17.6893,17.7675,17.846,17.9247,18.0036,18.0826,18.1618,18.2411,18.3206,18.4001,18.4798,18.5595,18.6393,18.7192,18.7991,18.8791,18.959,19.0391,19.1191,19.1991,19.2791,19.3591,19.4391,19.5191,19.5991,19.679,19.7589,19.8387,19.9185,19.9982
37.4591,35.6803,33.9641,32.3009,30.6842,29.111,27.5838,26.1117,24.7112,23.4035,22.2089,21.1415,20.2065,19.4007,18.7146,18.1352,17.6485,17.2409,16.9,16.6151,16.3775,16.1796,16.0153,15.8796,15.7684,15.6782,15.6061,15.5497,15.5072,15.4767,15.4568,15.4463,15.4442,15.4495,15.4615,15.4794,15.5028,15.5309,15.5635,15.6,15.6402,15.6836,15.73,15.7791,15.8308,15.8848,15.9408,15.9988,16.0586,16.12,16.1829,16.2472,16.3128,16.3796,16.4474,16.5163,16.5861,16.6568,16.7283,16.8005,16.8734,16.9469,17.021,17.0957,17.1708,17.2465,17.3225,17.399,17.4758,17.5529,17.6303,17.708,17.786,17.8642,17.9426,18.0213,18.1001,18.179,18.2581,18.3373,18.4167,18.4961,18.5756,18.6552,18.7349,18.8146,18.8944,18.9742,19.054,19.1338,19.2137,19.2935,19.3734,19.4532,19.533,19.6128,19.6926,19.7723,19.852,19.9317,20.0113
37.5487,35.7736,34.0621,32.4046,30.7946,29.229,27.7098,26.2456,24.8517,23.5483,22.3551,21.286,20.3468,19.5348,18.8413,18.2542,17.7598,17.3448,16.997,16.7059,16.4626,16.2596,16.0907,15.9508,15.8358,15.7421,15.6669,15.6077,15.5625,15.5297,15.5076,15.4951,15.4911,15.4947,15.5051,15.5215,15.5435,15.5703,15.6016,15.637,15.6761,15.7185,15.7639,15.8122,15.863,15.9161,15.9714,16.0286,16.0877,16.1484,16.2107,16.2744,16.3394,16.4056,16.4729,16.5413,16.6106,16.6808,16.7518,16.8236,16.896,16.9692,17.0429,17.1172,17.192,17.2672,17.3429,17.419,17.4955,17.5723,17.6495,17.7269,17.8046,17.8825,17.9607,18.039,18.1176,18.1963,18.2752,18.3541,18.4333,18.5125,18.5918,18.6712,18.7506,18.8302,18.9097,18.9894,19.069,19.1487,19.2283,19.308,19.3877,19.4674,19.547,19.6267,19.7063,19.7859,19.8654,19.9449,20.0244
37.6378,35.8664,34.1594,32.5074,30.9039,29.3457,27.8343,26.3777,24.9904,23.6913,22.4996,21.4292,20.486,19.6681,18.9677,18.3731,17.8711,17.4489,17.0943,16.797,16.548,16.3398,16.1663,16.0222,15.9034,15.8063,15.728,15.666,15.6182,15.5829,15.5586,15.5441,15.5383,15.5401,15.5489,15.5638,15.5843,15.6099,15.64,15.6742,15.7121,15.7535,15.798,15.8453,15.8952,15.9475,16.002,16.0585,16.1169,16.1769,16.2386,16.3016,16.3661,16.4317,16.4985,16.5663,16.6351,16.7049,16.7754,16.8468,16.9188,16.9915,17.0648,17.1387,17.2132,17.2881,17.3634,17.4392,17.5154,17.5919,17.6687,17.7458,17.8232,17.9009,17.9788,18.0569,18.1352,18.2136,18.2923,18.371,18.4499,18.5289,18.608,18.6872,18.7665,18.8458,18.9252,19.0046,19.084,19.1635,19.243,19.3225,19.4021,19.4816,19.5611,19.6406,19.72,19.7995,19.8789,19.9582,20.0376
37.7264,35.9586,34.256,32.6094,31.0122,29.461,27.9573,26.5081,25.1272,23.8325,22.6426,21.571,20.6242,19.8008,19.0937,18.4917,17.9824,17.553,17.1918,16.8883,16.6337,16.4204,16.2422,16.094,15.9714,15.8708,15.7893,15.7245,15.6741,15.6364,15.6099,15.5934,15.5856,15.5857,15.5929,15.6063,15.6254,15.6496,15.6785,15.7115,15.7484,15.7887,15.8322,15.8786,15.9277,15.9791,16.0328,16.0886,16.1462,16.2056,16.2666,16.329,16.3929,16.4579,16.5242,16.5915,16.6598,16.729,16.7991,16.87,16.9417,17.014,17.0869,17.1604,17.2344,17.309,17.384,17.4594,17.5353,17.6115,17.688,17.7648,17.842,17.9194,17.997,18.0748,18.1528,18.2311,18.3094,18.388,18.4666,18.5454,18.6243,18.7033,18.7823,18.8615,18.9406,19.0199,19.0992,19.1785,19.2578,19.3371,19.4165,19.4958,19.5752,19.6545,19.7338,19.8131,19.8924,19.9716,20.0508
37.8147,36.0502,34.3519,32.7105,31.1194,29.5751,28.0788,26.6369,25.2622,23.972,22.7839,21.7115,20.7614,19.9328,19.2192,18.6102,18.0937,17.6573,17.2894,16.9798,16.7196,16.5012,16.3184,16.166,16.0396,15.9356,15.851,15.7832,15.7302,15.6901,15.6614,15.6428,15.6332,15.6315,15.637,15.6489,15.6666,15.6895,15.7171,15.749,15.7848,15.8241,15.8666,15.912,15.9602,16.0109,16.0638,16.1188,16.1757,16.2344,16.2947,16.3565,16.4198,16.4843,16.55,16.6168,16.6846,16.7533,16.823,16.8934,16.9646,17.0365,17.109,17.1821,17.2558,17.33,17.4047,17.4798,17.5553,17.6312,17.7074,17.7839,17.8608,17.9379,18.0152,18.0928,18.1706,18.2485,18.3267,18.405,18.4834,18.562,18.6406,18.7194,18.7983,18.8772,18.9562,19.0352,19.1143,19.1934,19.2726,19.3518,19.4309,19.5101,19.5893,19.6685,19.7477,19.8268,19.9059,19.985,20.064
37.9025,36.1413,34.4472,32.8108,31.2256,29.688,28.1988,26.764,25.3955,24.1097,22.9237,21.8507,20.8975,20.064,19.3442,18.7284,18.2049,17.7616,17.3872,17.0715,16.8057,16.5823,16.3949,16.2383,16.108,16.0006,15.9128,15.8422,15.7865,15.744,15.7131,15.6925,15.6809,15.6775,15.6814,15.6918,15.708,15.7296,15.7559,15.7866,15.8213,15.8595,15.9011,15.9456,15.9929,16.0427,16.0948,16.1491,16.2053,16.2633,16.323,16.3842,16.4468,16.5107,16.5759,16.6421,16.7094,16.7777,16.8469,16.9169,16.9876,17.0591,17.1312,17.204,17.2773,17.3511,17.4254,17.5002,17.5753,17.6509,17.7268,17.8031,17.8796,17.9565,18.0335,18.1108,18.1884,18.2661,18.344,18.4221,18.5003,18.5786,18.657,18.7356,18.8143,18.893,18.9718,19.0506,19.1295,19.2085,19.2875,19.3665,19.4455,19.5245,19.6035,19.6825,19.7615,19.8405,19.9195,19.9984,20.0773
37.9898,36.2319,34.5418,32.9104,31.3309,29.7998,28.3175,26.8896,25.5272,24.2458,23.0619,21.9885,21.0326,20.1945,19.4688,18.8463,18.3159,17.8659,17.4851,17.1634,16.8921,16.6636,16.4716,16.3108,16.1768,16.0659,15.9749,15.9014,15.8431,15.7982,15.7651,15.7423,15.7289,15.7237,15.7259,15.7348,15.7496,15.7698,15.7949,15.8244,15.858,15.8952,15.9357,15.9793,16.0257,16.0747,16.126,16.1795,16.235,16.2923,16.3513,16.4119,16.4739,16.5373,16.6019,16.6676,16.7344,16.8022,16.8709,16.9404,17.0107,17.0818,17.1535,17.2259,17.2988,17.3723,17.4462,17.5206,17.5955,17.6707,17.7464,17.8223,17.8986,17.9751,18.0519,18.129,18.2062,18.2837,18.3614,18.4392,18.5172,18.5953,18.6735,18.7519,18.8303,18.9088,18.9874,19.0661,19.1448,19.2236,19.3024,19.3812,19.46,19.5389,19.6178,19.6966,19.7755,19.8543,19.9331,20.0119,20.0907
38.0768,36.322,34.6358,33.0091,31.4352,29.9104,28.4348,27.0136,25.6572,24.3803,23.1986,22.125,21.1666,20.3242,19.5928,18.964,18.4269,17.9702,17.5831,17.2555,16.9787,16.7451,16.5485,16.3836,16.2457,16.1314,16.0373,15.9609,15.9,15.8526,15.8172,15.7924,15.7771,15.7701,15.7707,15.778,15.7914,15.8102,15.8341,15.8624,15.8948,15.931,15.9705,16.0132,16.0587,16.1068,16.1573,16.2101,16.2648,16.3214,16.3798,16.4397,16.5011,16.5639,16.6279,16.6932,16.7594,16.8267,16.895,16.964,17.0339,17.1046,17.1759,17.2478,17.3204,17.3935,17.4671,17.5412,17.6157,17.6906,17.7659,17.8416,17.9176,17.9938,18.0704,18.1471,18.2242,18.3014,18.3788,18.4564,18.5341,18.612,18.69,18.7682,18.8464,18.9247,19.0031,19.0816,19.1601,19.2387,19.3173,19.396,19.4747,19.5533,19.632,19.7107,19.7894,19.8681,19.9468,20.0255,20.1041
38.1634,36.4116,34.7292,33.1071,31.5386,30.0198,28.5509,27.1362,25.7857,24.5131,23.3337,22.2601,21.2996,20.453,19.7163,19.0813,18.5377,18.0746,17.6812,17.3477,17.0654,16.8269,16.6257,16.4566,16.3149,16.1971,16.0999,16.0206,15.957,15.9072,15.8696,15.8427,15.8254,15.8167,15.8156,15.8213,15.8333,15.8508,15.8734,15.9005,15.9318,15.9669,16.0055,16.0472,16.0918,16.1391,16.1888,16.2407,16.2947,16.3507,16.4083,16.4677,16.5285,16.5907,16.6541,16.7188,16.7846,16.8514,16.9191,16.9878,17.0572,17.1274,17.1983,17.2699,17.3421,17.4148,17.4881,17.5618,17.636,17.7106,17.7856,17.861,17.9366,18.0126,18.0889,18.1654,18.2422,18.3191,18.3963,18.4736,18.5512,18.6288,18.7066,18.7845,18.8626,18.9407,19.0189,19.0972,19.1755,19.2539,19.3323,19.4108,19.4893,19.5678,19.6464,19.7249,19.8035,19.882,19.9605,20.039,20.1175
38.2495,36.5007,34.822,33.2044,31.6411,30.1283,28.6656,27.2574,25.9126,24.6444,23.4675,22.394,21.4314,20.5811,19.8392,19.1982,18.6483,18.1788,17.7793,17.44,17.1523,16.9088,16.7031,16.5298,16.3844,16.2631,16.1627,16.0805,16.0142,15.962,15.9221,15.8932,15.874,15.8634,15.8607,15.8649,15.8754,15.8915,15.9128,15.9388,15.9689,16.003,16.0405,16.0813,16.125,16.1714,16.2203,16.2715,16.3248,16.38,16.437,16.4957,16.5559,16.6175,16.6804,16.7446,16.8098,16.8761,16.9434,17.0116,17.0806,17.1504,17.2209,17.2921,17.3639,17.4362,17.5091,17.5825,17.6564,17.7307,17.8054,17.8804,17.9558,18.0315,18.1075,18.1837,18.2602,18.3369,18.4138,18.491,18.5682,18.6457,18.7233,18.801,18.8788,18.9567,19.0347,19.1128,19.1909,19.2691,19.3474,19.4257,19.504,19.5824,19.6608,19.7392,19.8175,19.8959,19.9743,20.0527,20.131
38.3353,36.5893,34.9142,33.3009,31.7427,30.2356,28.7792,27.3772,26.038,24.7742,23.5997,22.5266,21.5622,20.7083,19.9616,19.3148,18.7588,18.2831,17.8775,17.5324,17.2394,16.9909,16.7807,16.6032,16.454,16.3293,16.2257,16.1406,16.0717,16.017,15.9749,15.9438,15.9227,15.9104,15.9059,15.9086,15.9176,15.9324,15.9524,15.9772,16.0062,16.0392,16.0757,16.1155,16.1583,16.2039,16.252,16.3024,16.355,16.4095,16.4658,16.5239,16.5834,16.6445,16.7068,16.7704,16.8352,16.901,16.9678,17.0355,17.1041,17.1734,17.2435,17.3143,17.3857,17.4577,17.5302,17.6033,17.6768,17.7508,17.8252,17.8999,17.975,18.0504,18.1261,18.2021,18.2783,18.3548,18.4315,18.5083,18.5854,18.6626,18.7399,18.8174,18.895,18.9728,19.0506,19.1285,19.2064,19.2844,19.3625,19.4407,19.5188,19.597,19.6752,19.7534,19.8317,19.9099,19.9881,20.0663,20.1445
38.4207,36.6775,35.0058,33.3968,31.8435,30.342,28.8916,27.4956,26.1619,24.9025,23.7305,22.6579,21.692,20.8347,20.0833,19.431,18.869,18.3872,17.9756,17.6249,17.3266,17.0733,16.8585,16.6769,16.5239,16.3957,16.2889,16.2009,16.1294,16.0722,16.0278,15.9947,15.9716,15.9575,15.9514,15.9525,15.96,15.9735,15.9922,16.0157,16.0436,16.0755,16.1111,16.1499,16.1918,16.2365,16.2838,16.3334,16.3852,16.4391,16.4947,16.5521,16.6111,16.6715,16.7333,16.7964,16.8606,16.9259,16.9922,17.0595,17.1276,17.1965,17.2662,17.3366,17.4076,17.4793,17.5514,17.6242,17.6973,17.771,17.845,17.9195,17.9943,18.0694,18.1448,18.2205,18.2965,18.3727,18.4491,18.5258,18.6026,18.6796,18.7567,18.834,18.9114,18.9889,19.0665,19.1442,19.222,19.2998,19.3777,19.4556,19.5336,19.6117,19.6897,19.7678,19.8458,19.9239,20.002,20.08,20.1581
38.5057,36.7652,35.0969,33.4919,31.9434,30.4474,29.0028,27.6127,26.2845,25.0293,23.86,22.788,21.8206,20.9603,20.2044,19.5468,18.979,18.4912,18.0738,17.7175,17.414,17.1557,16.9365,16.7507,16.594,16.4623,16.3524,16.2615,16.1872,16.1276,16.0809,16.0457,16.0207,16.0048,15.997,15.9965,16.0026,16.0147,16.0321,16.0544,16.0812,16.112,16.1465,16.1844,16.2254,16.2693,16.3157,16.3646,16.4156,16.4687,16.5237,16.5805,16.6388,16.6987,16.7599,16.8224,16.8861,16.9509,17.0168,17.0836,17.1512,17.2197,17.289,17.359,17.4296,17.5009,17.5727,17.6451,17.7179,17.7912,17.865,17.9391,18.0136,18.0884,18.1636,18.239,18.3147,18.3907,18.4669,18.5433,18.6198,18.6966,18.7735,18.8506,18.9277,19.0051,19.0825,19.16,19.2375,19.3152,19.3929,19.4707,19.5485,19.6264,19.7042,19.7821,19.86,19.938,20.0159,20.0938,20.1717
38.5904,36.8524,35.1874,33.5864,32.0426,30.5518,29.1129,27.7285,26.4056,25.1547,23.988,22.9167,21.9482,21.085,20.3249,19.6622,19.0887,18.5951,18.172,17.8102,17.5014,17.2383,17.0146,16.8248,16.6642,16.5291,16.416,16.3222,16.2453,16.1832,16.1343,16.0969,16.07,16.0522,16.0427,16.0407,16.0453,16.056,16.0722,16.0933,16.1189,16.1486,16.1821,16.2191,16.2591,16.3021,16.3477,16.3958,16.4461,16.4985,16.5528,16.6089,16.6667,16.7259,16.7866,16.8486,16.9117,16.9761,17.0414,17.1077,17.175,17.243,17.3119,17.3815,17.4517,17.5226,17.5941,17.6661,17.7386,17.8116,17.885,17.9588,18.033,18.1076,18.1824,18.2576,18.333,18.4087,18.4847,18.5608,18.6372,18.7137,18.7904,18.8672,18.9442,19.0213,19.0985,19.1758,19.2532,19.3307,19.4082,19.4858,19.5634,19.6411,19.7188,19.7966,19.8743,19.9521,20.0298,20.1076,20.1854
38.6747,36.9392,35.2774,33.6803,32.141,30.6553,29.2218,27.8431,26.5254,25.2787,24.1147,23.0443,22.0748,21.2088,20.4447,19.7771,19.1981,18.6989,18.2701,17.9029,17.589,17.3211,17.0929,16.899,16.7347,16.5961,16.4799,16.3832,16.3035,16.239,16.1878,16.1483,16.1194,16.0999,16.0887,16.0851,16.0882,16.0975,16.1124,16.1323,16.1567,16.1854,16.2179,16.2538,16.293,16.3351,16.3799,16.4272,16.4767,16.5284,16.5821,16.6375,16.6946,16.7533,16.8134,16.8748,16.9374,17.0012,17.0661,17.132,17.1988,17.2664,17.3348,17.404,17.4739,17.5444,17.6155,17.6871,17.7593,17.832,17.9051,17.9786,18.0525,18.1268,18.2013,18.2762,18.3514,18.4269,18.5025,18.5784,18.6545,18.7308,18.8073,18.8839,18.9607,19.0376,19.1146,19.1917,19.2689,19.3462,19.4235,19.5009,19.5784,19.6559,19.7334,19.811,19.8886,19.9662,20.0438,20.1215,20.1991
38.7586,37.0256,35.3669,33.7735,32.2386,30.7578,29.3298,27.9565,26.6439,25.4014,24.2401,23.1706,22.2002,21.3318,20.5639,19.8915,19.3073,18.8025,18.3682,17.9956,17.6766,17.404,17.1714,16.9734,16.8053,16.6633,16.5439,16.4443,16.362,16.295,16.2415,16.1999,16.169,16.1476,16.1348,16.1296,16.1313,16.1392,16.1527,16.1714,16.1947,16.2223,16.2537,16.2887,16.3269,16.3682,16.4121,16.4586,16.5075,16.5584,16.6114,16.6662,16.7227,16.7807,16.8402,16.9011,16.9632,17.0265,17.0909,17.1563,17.2226,17.2898,17.3579,17.4266,17.4961,17.5662,17.637,17.7083,17.7801,17.8524,17.9252,17.9984,18.072,18.146,18.2203,18.2949,18.3698,18.445,18.5204,18.5961,18.672,18.748,18.8243,18.9007,18.9772,19.0539,19.1307,19.2076,19.2846,19.3617,19.4389,19.5161,19.5934,19.6707,19.7481,19.8255,19.903,19.9804,20.0579,20.1354,20.2128
