CH4 Viscosity [uPa_s] PelePhys
14.3206,11.0215,10.5657,10.3581,10.2564,10.2132,10.207,10.2258,10.2626,10.3129,10.3734,10.442,10.5171,10.5973,10.6818,10.7698,10.8607,10.954,11.0494,11.1465,11.245,11.3448,11.4455,11.5471,11.6494,11.7523,11.8557,11.9595,12.0636,12.1679,12.2724,12.3771,12.4818,12.5866,12.6913,12.7961,12.9007,13.0053,13.1098,13.2142,13.3184,13.4224,13.5262,13.6299,13.7334,13.8366,13.9396,14.0424,14.1449,14.2472,14.3492,14.451,14.5525,14.6537,14.7547,14.8554,14.9558,15.0559,15.1558,15.2554,15.3546,15.4537,15.5524,15.6508,15.749,15.8468,15.9444,16.0417,16.1387,16.2354,16.3319,16.4281,16.5239,16.6195,16.7149,16.8099,16.9047,16.9991,17.0934,17.1873,17.281,17.3744,17.4675,17.5604,17.653,17.7453,17.8374,17.9292,18.0207,18.112,18.203,18.2938,18.3843,18.4746,18.5646,18.6544,18.7439,18.8332,18.9223,19.0111,19.0996
18.1457,11.3544,10.7594,10.4998,10.3698,10.3086,10.2896,10.2989,10.3284,10.3727,10.4284,10.4929,10.5645,10.6417,10.7236,10.8093,10.8981,10.9896,11.0833,11.1789,11.2761,11.3745,11.4741,11.5747,11.676,11.778,11.8806,11.9835,12.0869,12.1905,12.2944,12.3985,12.5026,12.6068,12.7111,12.8153,12.9196,13.0237,13.1278,13.2317,13.3355,13.4392,13.5427,13.646,13.7492,13.8521,13.9548,14.0573,14.1596,14.2616,14.3634,14.4649,14.5662,14.6672,14.7679,14.8684,14.9686,15.0686,15.1683,15.2676,15.3668,15.4656,15.5642,15.6624,15.7604,15.8581,15.9556,16.0527,16.1496,16.2462,16.3425,16.4385,16.5343,16.6298,16.725,16.8199,16.9146,17.0089,17.1031,17.1969,17.2905,17.3838,17.4768,17.5696,17.6621,17.7543,17.8463,17.938,18.0295,18.1207,18.2116,18.3023,18.3928,18.483,18.5729,18.6626,18.7521,18.8413,18.9303,19.019,19.1075
19.1065,11.7644,10.9744,10.6522,10.4899,10.4086,10.3758,10.3749,10.3964,10.4345,10.485,10.5452,10.6131,10.6872,10.7664,10.8496,10.9364,11.026,11.118,11.212,11.3077,11.4049,11.5033,11.6028,11.7031,11.8042,11.9058,12.008,12.1106,12.2136,12.3168,12.4202,12.5238,12.6274,12.7312,12.8349,12.9387,13.0424,13.146,13.2495,13.353,13.4563,13.5594,13.6624,13.7652,13.8678,13.9702,14.0725,14.1744,14.2762,14.3777,14.479,14.5801,14.6808,14.7814,14.8816,14.9817,15.0814,15.1809,15.2801,15.379,15.4777,15.5761,15.6742,15.772,15.8696,15.9669,16.0639,16.1606,16.2571,16.3533,16.4492,16.5448,16.6401,16.7352,16.83,16.9246,17.0189,17.1129,17.2066,17.3,17.3932,17.4862,17.5789,17.6713,17.7634,17.8553,17.9469,18.0383,18.1294,18.2203,18.3109,18.4013,18.4914,18.5813,18.6709,18.7603,18.8495,18.9384,19.027,19.1155
19.7997,12.2944,11.2147,10.8165,10.6173,10.5137,10.4657,10.4537,10.4669,10.4982,10.5433,10.599,10.6631,10.7339,10.8102,10.891,10.9755,11.0631,11.1533,11.2457,11.34,11.4359,11.5331,11.6314,11.7307,11.8308,11.9316,12.0329,12.1348,12.237,12.3395,12.4423,12.5452,12.6483,12.7515,12.8548,12.958,13.0613,13.1645,13.2676,13.3706,13.4736,13.5763,13.679,13.7815,13.8838,13.9859,14.0878,14.1895,14.291,14.3923,14.4933,14.5941,14.6947,14.795,14.895,14.9948,15.0944,15.1936,15.2927,15.3914,15.4899,15.5881,15.6861,15.7837,15.8812,15.9783,16.0752,16.1717,16.2681,16.3641,16.4599,16.5554,16.6506,16.7456,16.8403,16.9347,17.0289,17.1227,17.2164,17.3097,17.4028,17.4957,17.5882,17.6806,17.7726,17.8644,17.956,18.0473,18.1383,18.2291,18.3196,18.4099,18.5,18.5898,18.6793,18.7686,18.8577,18.9465,19.0351,19.1235
20.3633,13.0291,11.4859,10.9942,10.7525,10.624,10.5594,10.5356,10.5397,10.564,10.6033,10.6543,10.7144,10.7817,10.855,10.9332,11.0154,11.101,11.1894,11.2801,11.3729,11.4674,11.5633,11.6605,11.7587,11.8579,11.9577,12.0582,12.1593,12.2607,12.3626,12.4647,12.567,12.6695,12.7722,12.8749,12.9777,13.0805,13.1832,13.2859,13.3885,13.4911,13.5935,13.6958,13.7979,13.8999,14.0017,14.1033,14.2048,14.306,14.407,14.5078,14.6083,14.7086,14.8087,14.9086,15.0081,15.1075,15.2066,15.3054,15.404,15.5023,15.6003,15.6981,15.7956,15.8929,15.9898,16.0865,16.183,16.2792,16.3751,16.4707,16.5661,16.6612,16.756,16.8506,16.9449,17.039,17.1327,17.2263,17.3195,17.4125,17.5052,17.5977,17.6899,17.7819,17.8736,17.9651,18.0563,18.1472,18.2379,18.3284,18.4186,18.5086,18.5983,18.6878,18.777,18.866,18.9548,19.0433,19.1316
20.8474,14.1204,11.7951,11.187,10.8962,10.7399,10.6573,10.6206,10.6151,10.6319,10.6651,10.7111,10.7669,10.8307,10.9009,10.9764,11.0562,11.1397,11.2261,11.3152,11.4064,11.4995,11.5942,11.6902,11.7873,11.8854,11.9843,12.084,12.1842,12.2849,12.386,12.4874,12.5892,12.6911,12.7932,12.8953,12.9976,13.0999,13.2022,13.3045,13.4067,13.5088,13.6109,13.7128,13.8146,13.9163,14.0178,14.1191,14.2202,14.3211,14.4219,14.5224,14.6227,14.7228,14.8226,14.9222,15.0216,15.1208,15.2196,15.3183,15.4166,15.5148,15.6126,15.7102,15.8076,15.9047,16.0015,16.0981,16.1944,16.2904,16.3862,16.4817,16.5769,16.6719,16.7666,16.8611,16.9552,17.0492,17.1428,17.2362,17.3294,17.4223,17.5149,17.6073,17.6994,17.7913,17.8829,17.9743,18.0654,18.1562,18.2469,18.3372,18.4274,18.5173,18.6069,18.6963,18.7855,18.8744,18.9631,19.0516,19.1398
21.2768,15.5268,12.1514,11.3968,11.0491,10.8618,10.7594,10.7089,10.6931,10.7018,10.7287,10.7694,10.8209,10.8809,10.9479,11.0206,11.0979,11.1791,11.2637,11.351,11.4406,11.5322,11.6255,11.7203,11.8163,11.9134,12.0114,12.1101,12.2095,12.3094,12.4098,12.5105,12.6116,12.7129,12.8144,12.9161,13.0178,13.1196,13.2215,13.3233,13.4251,13.5268,13.6285,13.7301,13.8315,13.9328,14.034,14.135,14.2358,14.3365,14.437,14.5372,14.6373,14.7371,14.8367,14.9361,15.0353,15.1342,15.2329,15.3313,15.4295,15.5274,15.6251,15.7225,15.8197,15.9166,16.0133,16.1097,16.2059,16.3017,16.3974,16.4927,16.5878,16.6827,16.7773,16.8716,16.9657,17.0595,17.153,17.2463,17.3394,17.4321,17.5247,17.617,17.709,17.8008,17.8923,17.9835,18.0746,18.1653,18.2559,18.3462,18.4362,18.526,18.6156,18.7049,18.794,18.8829,18.9715,19.0599,19.148
21.6659,16.7355,12.5667,11.6258,11.2121,10.9901,10.866,10.8006,10.7737,10.774,10.7941,10.8293,10.8762,10.9323,10.996,11.0657,11.1405,11.2194,11.3019,11.3874,11.4754,11.5655,11.6575,11.751,11.8458,11.9418,12.0388,12.1366,12.2352,12.3343,12.4339,12.534,12.6344,12.7351,12.836,12.9371,13.0383,13.1396,13.241,13.3424,13.4437,13.5451,13.6463,13.7475,13.8486,13.9496,14.0504,14.1511,14.2517,14.352,14.4522,14.5522,14.652,14.7516,14.851,14.9501,15.049,15.1477,15.2462,15.3444,15.4424,15.5402,15.6377,15.7349,15.832,15.9287,16.0252,16.1215,16.2175,16.3132,16.4087,16.5039,16.5989,16.6936,16.788,16.8823,16.9762,17.0699,17.1633,17.2565,17.3494,17.4421,17.5345,17.6267,17.7186,17.8103,17.9017,17.9929,18.0838,18.1745,18.265,18.3552,18.4451,18.5349,18.6244,18.7136,18.8026,18.8914,18.9799,19.0683,19.1563
22.0237,17.6432,13.0544,11.8767,11.3859,11.1251,10.9773,10.8957,10.8571,10.8484,10.8614,10.8908,10.9329,10.9849,11.0451,11.1118,11.1839,11.2605,11.3409,11.4245,11.5108,11.5994,11.6899,11.7822,11.8758,11.9707,12.0667,12.1636,12.2612,12.3595,12.4584,12.5578,12.6575,12.7575,12.8579,12.9584,13.0591,13.1599,13.2607,13.3617,13.4626,13.5635,13.6644,13.7652,13.8659,13.9666,14.0671,14.1674,14.2677,14.3677,14.4676,14.5674,14.6669,14.7662,14.8654,14.9643,15.063,15.1615,15.2597,15.3577,15.4555,15.5531,15.6504,15.7475,15.8443,15.9409,16.0373,16.1333,16.2292,16.3248,16.4201,16.5152,16.61,16.7046,16.7989,16.893,16.9868,17.0804,17.1737,17.2668,17.3596,17.4522,17.5445,17.6366,17.7284,17.8199,17.9113,18.0024,18.0932,18.1838,18.2742,18.3643,18.4542,18.5438,18.6332,18.7224,18.8113,18.9,18.9885,19.0767,19.1647
22.3563,18.3596,13.6261,12.1523,11.5715,11.2672,11.0935,10.9945,10.9434,10.9251,10.9306,10.9539,10.991,11.0388,11.0953,11.1589,11.2282,11.3024,11.3807,11.4623,11.5469,11.6339,11.723,11.8139,11.9063,12.0001,12.095,12.191,12.2877,12.3852,12.4833,12.5819,12.6809,12.7803,12.88,12.98,13.0801,13.1804,13.2808,13.3812,13.4817,13.5822,13.6827,13.7831,13.8835,13.9837,14.0839,14.184,14.2839,14.3836,14.4832,14.5827,14.682,14.781,14.8799,14.9786,15.0771,15.1753,15.2734,15.3712,15.4688,15.5662,15.6633,15.7602,15.8568,15.9532,16.0494,16.1453,16.241,16.3365,16.4317,16.5266,16.6213,16.7157,16.8099,16.9039,16.9976,17.091,17.1842,17.2772,17.3699,17.4623,17.5545,17.6465,17.7382,17.8297,17.9209,18.0119,18.1026,18.1931,18.2834,18.3734,18.4632,18.5528,18.6421,18.7312,18.8201,18.9087,18.9971,19.0852,19.1732
22.6683,18.9564,14.2807,12.4555,11.7699,11.4169,11.2148,11.097,11.0325,11.0042,11.0018,11.0187,11.0505,11.0939,11.1466,11.2069,11.2735,11.3451,11.4212,11.5008,11.5835,11.6689,11.7565,11.8461,11.9373,12.0299,12.1238,12.2187,12.3146,12.4112,12.5085,12.6063,12.7047,12.8034,12.9025,13.0018,13.1014,13.2012,13.3011,13.401,13.5011,13.6011,13.7012,13.8012,13.9012,14.0011,14.1009,14.2007,14.3002,14.3997,14.499,14.5982,14.6972,14.796,14.8946,14.9931,15.0913,15.1893,15.2872,15.3848,15.4822,15.5793,15.6763,15.773,15.8695,15.9657,16.0617,16.1575,16.253,16.3483,16.4433,16.5381,16.6326,16.727,16.821,16.9148,17.0084,17.1017,17.1948,17.2876,17.3802,17.4726,17.5647,17.6565,17.7481,17.8395,17.9306,18.0215,18.1122,18.2026,18.2928,18.3827,18.4724,18.5619,18.6511,18.7401,18.8289,18.9174,19.0058,19.0938,19.1817
22.9628,19.4725,14.9919,12.7893,11.9822,11.5747,11.3415,11.2035,11.1247,11.0856,11.0749,11.0852,11.1114,11.1503,11.1991,11.256,11.3196,11.3887,11.4624,11.54,11.6209,11.7046,11.7907,11.8788,11.9688,12.0602,12.153,12.2469,12.3418,12.4376,12.534,12.6311,12.7287,12.8268,12.9252,13.024,13.123,13.2222,13.3216,13.4211,13.5207,13.6203,13.7199,13.8195,13.9191,14.0187,14.1182,14.2175,14.3168,14.416,14.515,14.6139,14.7126,14.8111,14.9095,15.0077,15.1057,15.2035,15.3011,15.3985,15.4957,15.5927,15.6894,15.7859,15.8822,15.9783,16.0741,16.1697,16.2651,16.3602,16.4551,16.5497,16.6441,16.7383,16.8322,16.9259,17.0193,17.1125,17.2055,17.2982,17.3907,17.4829,17.5749,17.6666,17.7581,17.8494,17.9404,18.0312,18.1218,18.2121,18.3022,18.392,18.4816,18.571,18.6602,18.7491,18.8378,18.9263,19.0145,19.1025,19.1903
23.2425,19.9306,15.7106,13.1559,12.2093,11.7409,11.4737,11.314,11.2199,11.1695,11.1501,11.1533,11.1739,11.2079,11.2527,11.3061,11.3666,11.433,11.5044,11.5799,11.6588,11.7408,11.8253,11.9121,12.0007,12.091,12.1826,12.2755,12.3695,12.4643,12.5599,12.6562,12.7531,12.8505,12.9483,13.0464,13.1449,13.2435,13.3424,13.4414,13.5405,13.6396,13.7389,13.8381,13.9373,14.0365,14.1356,14.2346,14.3336,14.4324,14.5311,14.6297,14.7282,14.8264,14.9245,15.0225,15.1203,15.2178,15.3152,15.4124,15.5093,15.6061,15.7027,15.799,15.8951,15.991,16.0866,16.1821,16.2773,16.3722,16.4669,16.5614,16.6557,16.7497,16.8435,16.937,17.0304,17.1234,17.2163,17.3088,17.4012,17.4933,17.5852,17.6768,17.7682,17.8594,17.9503,18.041,18.1315,18.2217,18.3117,18.4014,18.4909,18.5802,18.6693,18.7582,18.8468,18.9352,19.0233,19.1113,19.199
23.5092,20.3448,16.3923,13.5561,12.4522,11.9161,11.6118,11.4286,11.3183,11.256,11.2273,11.2232,11.2378,11.2668,11.3074,11.3572,11.4146,11.4782,11.5471,11.6204,11.6975,11.7777,11.8606,11.9459,12.0331,12.1222,12.2127,12.3045,12.3975,12.4914,12.5862,12.6817,12.7778,12.8745,12.9716,13.0692,13.167,13.2651,13.3634,13.4619,13.5605,13.6593,13.758,13.8568,13.9556,14.0544,14.1532,14.2519,14.3505,14.449,14.5474,14.6457,14.7439,14.8419,14.9397,15.0374,15.1349,15.2323,15.3294,15.4264,15.5231,15.6197,15.716,15.8122,15.9081,16.0038,16.0993,16.1945,16.2896,16.3844,16.4789,16.5733,16.6674,16.7613,16.8549,16.9483,17.0415,17.1344,17.2271,17.3196,17.4118,17.5038,17.5956,17.6871,17.7784,17.8695,17.9603,18.0509,18.1412,18.2313,18.3212,18.4109,18.5003,18.5895,18.6785,18.7673,18.8558,18.9441,19.0322,19.1201,19.2077
23.7646,20.7248,17.0162,13.9881,12.7118,12.1006,11.756,11.5475,11.4199,11.345,11.3066,11.2949,11.3032,11.3271,11.3632,11.4093,11.4635,11.5243,11.5906,11.6617,11.7367,11.8151,11.8964,11.9801,12.0661,12.1538,12.2432,12.3339,12.4259,12.5189,12.6128,12.7075,12.8029,12.8988,12.9953,13.0922,13.1894,13.2869,13.3847,13.4827,13.5808,13.6791,13.7774,13.8758,13.9742,14.0726,14.171,14.2693,14.3676,14.4658,14.5639,14.6619,14.7598,14.8575,14.9551,15.0525,15.1498,15.2469,15.3438,15.4405,15.5371,15.6334,15.7296,15.8255,15.9212,16.0167,16.112,16.2071,16.302,16.3966,16.491,16.5852,16.6792,16.7729,16.8664,16.9597,17.0527,17.1455,17.2381,17.3304,17.4225,17.5144,17.6061,17.6975,17.7887,17.8796,17.9703,18.0608,18.1511,18.2411,18.3309,18.4205,18.5098,18.5989,18.6878,18.7765,18.8649,18.9532,19.0412,19.1289,19.2165
24.01,21.0771,17.5803,14.4469,12.9886,12.2949,11.9064,11.6709,11.5249,11.4366,11.388,11.3683,11.3701,11.3886,11.4203,11.4625,11.5132,11.5711,11.6349,11.7037,11.7766,11.8531,11.9327,12.015,12.0995,12.1859,12.2741,12.3638,12.4547,12.5468,12.6398,12.7336,12.8282,12.9235,13.0192,13.1155,13.2121,13.309,13.4063,13.5037,13.6014,13.6991,13.797,13.895,13.993,14.091,14.189,14.287,14.3849,14.4828,14.5806,14.6783,14.7758,14.8733,14.9706,15.0678,15.1648,15.2616,15.3583,15.4548,15.5511,15.6473,15.7432,15.8389,15.9345,16.0298,16.1249,16.2198,16.3145,16.409,16.5032,16.5973,16.6911,16.7847,16.878,16.9711,17.064,17.1567,17.2492,17.3414,17.4334,17.5251,17.6166,17.7079,17.799,17.8898,17.9805,18.0708,18.161,18.2509,18.3406,18.4301,18.5194,18.6084,18.6972,18.7858,18.8741,18.9623,19.0502,19.1379,19.2254
24.2465,21.4064,18.0907,14.9237,13.2828,12.4993,12.0633,11.7988,11.6333,11.5308,11.4716,11.4435,11.4386,11.4515,11.4785,11.5166,11.564,11.6188,11.6799,11.7463,11.8171,11.8918,11.9696,12.0503,12.1334,12.2185,12.3055,12.394,12.4839,12.575,12.6671,12.7601,12.8539,12.9484,13.0435,13.139,13.235,13.3314,13.4281,13.525,13.6221,13.7194,13.8168,13.9144,14.012,14.1096,14.2072,14.3048,14.4024,14.4999,14.5974,14.6948,14.792,14.8892,14.9862,15.0832,15.1799,15.2765,15.373,15.4692,15.5653,15.6612,15.757,15.8525,15.9478,16.043,16.1379,16.2326,16.3272,16.4215,16.5156,16.6094,16.7031,16.7965,16.8897,16.9827,17.0755,17.168,17.2603,17.3524,17.4443,17.5359,17.6273,17.7185,17.8094,17.9002,17.9907,18.081,18.171,18.2608,18.3504,18.4398,18.529,18.6179,18.7066,18.7951,18.8834,18.9714,19.0593,19.1469,19.2343
24.4749,21.7165,18.5555,15.4078,13.5939,12.7141,12.2269,11.9314,11.7451,11.6278,11.5574,11.5206,11.5086,11.5157,11.5378,11.5719,11.6156,11.6674,11.7257,11.7897,11.8583,11.931,12.0071,12.0861,12.1677,12.2515,12.3373,12.4246,12.5135,12.6036,12.6948,12.7869,12.8799,12.9736,13.068,13.1629,13.2582,13.354,13.4501,13.5465,13.6431,13.7399,13.8369,13.934,14.0311,14.1283,14.2256,14.3228,14.4201,14.5173,14.6144,14.7115,14.8084,14.9053,15.0021,15.0987,15.1952,15.2915,15.3877,15.4838,15.5797,15.6754,15.7709,15.8662,15.9613,16.0563,16.151,16.2456,16.3399,16.4341,16.528,16.6217,16.7152,16.8085,16.9015,16.9944,17.087,17.1794,17.2716,17.3635,17.4553,17.5468,17.6381,17.7291,17.82,17.9106,18.001,18.0911,18.1811,18.2708,18.3603,18.4496,18.5387,18.6275,18.7161,18.8045,18.8927,18.9807,19.0684,19.156,19.2433
24.696,22.0102,18.982,15.8884,13.9209,12.9394,12.3973,12.0687,11.8605,11.7276,11.6455,11.5995,11.5802,11.5813,11.5984,11.6281,11.6682,11.7167,11.7723,11.8337,11.9002,11.9708,12.0451,12.1225,12.2026,12.285,12.3695,12.4557,12.5434,12.6325,12.7228,12.814,12.9062,12.9992,13.0928,13.187,13.2817,13.3769,13.4724,13.5682,13.6643,13.7607,13.8571,13.9538,14.0505,14.1473,14.2442,14.341,14.4379,14.5348,14.6316,14.7283,14.825,14.9215,15.018,15.1144,15.2106,15.3067,15.4027,15.4985,15.5941,15.6896,15.7849,15.88,15.975,16.0697,16.1643,16.2586,16.3528,16.4468,16.5405,16.6341,16.7274,16.8205,16.9134,17.0061,17.0986,17.1909,17.2829,17.3747,17.4663,17.5577,17.6489,17.7398,17.8306,17.9211,18.0114,18.1014,18.1913,18.2809,18.3703,18.4595,18.5484,18.6372,18.7257,18.814,18.9021,18.99,19.0777,19.1651,19.2524
24.9105,22.2895,19.3765,16.3567,14.2617,13.1751,12.5746,12.2109,11.9795,11.8301,11.7358,11.6802,11.6534,11.6482,11.6601,11.6855,11.7217,11.767,11.8196,11.8785,11.9427,12.0113,12.0837,12.1594,12.238,12.319,12.4021,12.4871,12.5738,12.6618,12.7511,12.8415,12.9328,13.025,13.1179,13.2114,13.3055,13.4,13.4949,13.5902,13.6858,13.7816,13.8776,13.9738,14.0701,14.1665,14.2629,14.3594,14.4559,14.5524,14.6489,14.7453,14.8417,14.938,15.0341,15.1302,15.2262,15.322,15.4177,15.5133,15.6087,15.704,15.799,15.894,15.9887,16.0832,16.1776,16.2718,16.3658,16.4596,16.5531,16.6465,16.7397,16.8327,16.9254,17.018,17.1103,17.2024,17.2944,17.386,17.4775,17.5688,17.6598,17.7506,17.8413,17.9316,18.0218,18.1118,18.2015,18.291,18.3803,18.4694,18.5583,18.6469,18.7354,18.8236,18.9116,18.9994,19.087,19.1743,19.2615
25.1189,22.5564,19.744,16.8072,14.6136,13.421,12.7589,12.358,12.1021,11.9355,11.8283,11.7629,11.7281,11.7165,11.723,11.7438,11.7762,11.8181,11.8677,11.924,11.9858,12.0523,12.1228,12.1968,12.2738,12.3534,12.4352,12.519,12.6045,12.6915,12.7798,12.8693,12.9598,13.0511,13.1433,13.2361,13.3295,13.4234,13.5177,13.6124,13.7075,13.8028,13.8983,13.994,14.0899,14.1858,14.2819,14.378,14.4741,14.5703,14.6664,14.7625,14.8585,14.9545,15.0504,15.1462,15.2419,15.3375,15.4329,15.5283,15.6234,15.7185,15.8133,15.908,16.0026,16.0969,16.1911,16.2851,16.3789,16.4725,16.5659,16.6591,16.7521,16.8449,16.9375,17.0299,17.1221,17.2141,17.3059,17.3974,17.4888,17.5799,17.6708,17.7615,17.852,17.9423,18.0324,18.1222,18.2118,18.3012,18.3904,18.4794,18.5682,18.6567,18.7451,18.8332,18.9211,19.0088,19.0963,19.1836,19.2707
25.3217,22.8122,20.0883,17.2367,14.9734,13.6768,12.9502,12.5101,12.2285,12.0438,11.9232,11.8474,11.8045,11.7862,11.7871,11.8033,11.8316,11.87,11.9166,11.9702,12.0296,12.0939,12.1625,12.2347,12.3101,12.3882,12.4687,12.5512,12.6356,12.7215,12.8089,12.8974,12.987,13.0776,13.169,13.261,13.3538,13.447,13.5407,13.6349,13.7294,13.8242,13.9192,14.0144,14.1098,14.2054,14.301,14.3967,14.4925,14.5883,14.6841,14.7798,14.8756,14.9712,15.0668,15.1623,15.2578,15.3531,15.4483,15.5434,15.6383,15.7331,15.8277,15.9222,16.0165,16.1107,16.2047,16.2985,16.3921,16.4855,16.5787,16.6718,16.7646,16.8573,16.9497,17.042,17.134,17.2259,17.3175,17.4089,17.5001,17.5911,17.6819,17.7725,17.8629,17.953,18.043,18.1327,18.2222,18.3115,18.4006,18.4895,18.5782,18.6666,18.7549,18.8429,18.9307,19.0184,19.1058,19.193,19.28
25.5194,23.0582,20.4129,17.6445,15.3374,13.9416,13.1485,12.6672,12.3586,12.1549,12.0204,11.9339,11.8824,11.8573,11.8525,11.8638,11.888,11.9228,11.9663,12.0171,12.074,12.1362,12.2028,12.2732,12.3469,12.4235,12.5026,12.5839,12.6671,12.7519,12.8383,12.9259,13.0146,13.1043,13.1949,13.2863,13.3783,13.4709,13.564,13.6576,13.7515,13.8458,13.9403,14.0351,14.13,14.2251,14.3204,14.4157,14.5111,14.6065,14.7019,14.7973,14.8927,14.9881,15.0834,15.1786,15.2738,15.3688,15.4638,15.5586,15.6533,15.7478,15.8422,15.9365,16.0306,16.1246,16.2184,16.312,16.4054,16.4986,16.5917,16.6846,16.7773,16.8697,16.962,17.0541,17.146,17.2377,17.3292,17.4205,17.5116,17.6024,17.6931,17.7836,17.8738,17.9639,18.0537,18.1433,18.2327,18.3219,18.4109,18.4997,18.5882,18.6766,18.7647,18.8527,18.9404,19.0279,19.1153,19.2024,19.2893
25.7123,23.2953,20.7203,18.031,15.7019,14.2145,13.3535,12.8293,12.4924,12.269,12.1199,12.0223,11.962,11.9297,11.919,11.9253,11.9453,11.9764,12.0167,12.0647,12.1191,12.179,12.2435,12.3121,12.3842,12.4593,12.537,12.617,12.699,12.7827,12.868,12.9546,13.0425,13.1314,13.2212,13.3118,13.4031,13.495,13.5875,13.6805,13.7739,13.8676,13.9616,14.0559,14.1504,14.2451,14.3399,14.4348,14.5298,14.6248,14.7199,14.815,14.9101,15.0051,15.1001,15.195,15.2899,15.3847,15.4794,15.5739,15.6684,15.7627,15.8569,15.9509,16.0448,16.1386,16.2322,16.3256,16.4188,16.5119,16.6048,16.6975,16.79,16.8823,16.9744,17.0664,17.1581,17.2497,17.341,17.4322,17.5231,17.6138,17.7044,17.7947,17.8848,17.9747,18.0645,18.154,18.2433,18.3323,18.4212,18.5099,18.5984,18.6866,18.7747,18.8625,18.9502,19.0376,19.1248,19.2119,19.2987
25.9007,23.5244,21.0125,18.3974,16.0635,14.4944,13.565,12.9964,12.63,12.386,12.2218,12.1126,12.0432,12.0036,11.9868,11.988,12.0036,12.0309,12.0679,12.113,12.1648,12.2224,12.2849,12.3516,12.422,12.4955,12.5718,12.6504,12.7312,12.8138,12.8981,12.9837,13.0707,13.1587,13.2477,13.3375,13.4282,13.5194,13.6113,13.7037,13.7965,13.8896,13.9832,14.0769,14.171,14.2652,14.3596,14.4541,14.5487,14.6433,14.7381,14.8328,14.9275,15.0223,15.117,15.2116,15.3062,15.4007,15.4951,15.5894,15.6836,15.7777,15.8717,15.9655,16.0592,16.1527,16.2461,16.3393,16.4323,16.5252,16.6179,16.7105,16.8028,16.895,16.9869,17.0787,17.1703,17.2617,17.3529,17.4439,17.5347,17.6253,17.7157,17.8059,17.8959,17.9857,18.0753,18.1647,18.2539,18.3429,18.4316,18.5202,18.6086,18.6967,18.7847,18.8724,18.96,19.0473,19.1345,19.2214,19.3081
26.0851,23.7462,21.2915,18.7451,16.4197,14.7799,13.7827,13.1683,12.7713,12.5059,12.326,12.2049,12.1261,12.0788,12.0558,12.0517,12.0628,12.0862,12.1199,12.162,12.2112,12.2664,12.3268,12.3916,12.4602,12.5322,12.607,12.6843,12.7638,12.8453,12.9285,13.0132,13.0992,13.1863,13.2745,13.3636,13.4535,13.5441,13.6353,13.727,13.8193,13.9119,14.0049,14.0982,14.1917,14.2855,14.3794,14.4735,14.5677,14.662,14.7564,14.8508,14.9452,15.0396,15.134,15.2283,15.3226,15.4168,15.511,15.605,15.699,15.7928,15.8866,15.9802,16.0736,16.1669,16.2601,16.3531,16.446,16.5387,16.6312,16.7235,16.8157,16.9077,16.9995,17.0911,17.1826,17.2738,17.3649,17.4558,17.5464,17.6369,17.7272,17.8172,17.9071,17.9968,18.0863,18.1755,18.2646,18.3535,18.4421,18.5306,18.6189,18.7069,18.7948,18.8824,18.9699,19.0571,19.1442,19.231,19.3177
26.2655,23.9614,21.5587,19.0758,16.7683,15.0693,14.0061,13.345,12.9164,12.6288,12.4326,12.2991,12.2106,12.1555,12.1259,12.1165,12.123,12.1425,12.1726,12.2117,12.2582,12.311,12.3693,12.4321,12.499,12.5693,12.6426,12.7186,12.7968,12.8772,12.9592,13.0429,13.128,13.2142,13.3016,13.3899,13.4791,13.569,13.6595,13.7507,13.8423,13.9344,14.0268,14.1196,14.2127,14.306,14.3995,14.4932,14.587,14.6809,14.7749,14.8689,14.963,15.0571,15.1511,15.2452,15.3392,15.4331,15.527,15.6208,15.7145,15.8081,15.9016,15.9949,16.0882,16.1813,16.2742,16.3671,16.4597,16.5522,16.6446,16.7367,16.8287,16.9206,17.0122,17.1037,17.195,17.286,17.377,17.4677,17.5582,17.6485,17.7387,17.8286,17.9184,18.0079,18.0973,18.1864,18.2754,18.3641,18.4527,18.541,18.6292,18.7172,18.8049,18.8925,18.9798,19.067,19.1539,19.2407,19.3272
26.4424,24.1705,21.8152,19.391,17.1078,15.3613,14.2348,13.5263,13.0651,12.7546,12.5416,12.3953,12.2967,12.2335,12.1974,12.1823,12.1841,12.1995,12.2261,12.2621,12.3059,12.3562,12.4123,12.4731,12.5382,12.6068,12.6787,12.7532,12.8302,12.9093,12.9903,13.073,13.1571,13.2424,13.329,13.4165,13.5049,13.5941,13.684,13.7745,13.8656,13.9571,14.049,14.1413,14.2338,14.3267,14.4198,14.513,14.6064,14.6999,14.7935,14.8872,14.9809,15.0747,15.1684,15.2622,15.3559,15.4495,15.5431,15.6367,15.7301,15.8235,15.9167,16.0098,16.1029,16.1958,16.2885,16.3811,16.4736,16.5659,16.658,16.75,16.8418,16.9335,17.025,17.1163,17.2074,17.2984,17.3891,17.4797,17.5701,17.6603,17.7503,17.8401,17.9297,18.0191,18.1084,18.1974,18.2862,18.3749,18.4633,18.5516,18.6396,18.7275,18.8151,18.9026,18.9898,19.0769,19.1638,19.2504,19.3369
26.6158,24.374,22.0622,19.692,17.4374,15.6541,14.468,13.7121,13.2175,12.8833,12.6529,12.4934,12.3845,12.313,12.27,12.2492,12.2462,12.2574,12.2804,12.3132,12.3542,12.402,12.4558,12.5146,12.5778,12.6448,12.7151,12.7883,12.864,12.9419,13.0218,13.1034,13.1865,13.2709,13.3566,13.4433,13.531,13.6195,13.7087,13.7986,13.889,13.98,14.0713,14.1631,14.2552,14.3476,14.4402,14.533,14.626,14.7191,14.8123,14.9057,14.999,15.0925,15.1859,15.2793,15.3727,15.4661,15.5594,15.6527,15.7459,15.839,15.932,16.0249,16.1177,16.2103,16.3029,16.3953,16.4875,16.5796,16.6716,16.7634,16.8551,16.9465,17.0379,17.129,17.22,17.3108,17.4014,17.4918,17.582,17.6721,17.762,17.8516,17.9411,18.0304,18.1195,18.2085,18.2972,18.3857,18.474,18.5622,18.6501,18.7379,18.8254,18.9128,18.9999,19.0869,19.1737,19.2602,19.3466
26.786,24.5723,22.3006,19.9803,17.7566,15.9464,14.705,13.9019,13.3733,13.0148,12.7666,12.5935,12.4739,12.3938,12.3438,12.3172,12.3092,12.3162,12.3355,12.365,12.4031,12.4484,12.4999,12.5567,12.618,12.6833,12.752,12.8237,12.8981,12.9748,13.0535,13.1341,13.2162,13.2997,13.3845,13.4705,13.5574,13.6451,13.7337,13.8229,13.9127,14.0031,14.0939,14.1851,14.2767,14.3686,14.4608,14.5532,14.6457,14.7385,14.8313,14.9243,15.0173,15.1104,15.2035,15.2966,15.3897,15.4828,15.5758,15.6688,15.7617,15.8546,15.9473,16.04,16.1326,16.225,16.3173,16.4095,16.5016,16.5935,16.6853,16.7769,16.8684,16.9597,17.0508,17.1418,17.2326,17.3232,17.4137,17.504,17.5941,17.684,17.7737,17.8633,17.9526,18.0418,18.1308,18.2196,18.3082,18.3966,18.4848,18.5728,18.6607,18.7483,18.8358,18.923,19.0101,19.0969,19.1836,19.2701,19.3564
26.9532,24.7658,22.5311,20.2568,18.0653,16.2368,14.9452,14.0957,13.5326,13.1491,12.8825,12.6954,12.5649,12.4761,12.4189,12.3863,12.3732,12.3758,12.3913,12.4175,12.4527,12.4954,12.5446,12.5992,12.6586,12.7222,12.7893,12.8596,12.9326,13.008,13.0856,13.1651,13.2462,13.3288,13.4127,13.4978,13.584,13.671,13.7588,13.8474,13.9366,14.0264,14.1167,14.2074,14.2985,14.3899,14.4816,14.5735,14.6657,14.758,14.8505,14.943,15.0357,15.1284,15.2212,15.314,15.4068,15.4996,15.5924,15.6851,15.7777,15.8703,15.9628,16.0553,16.1476,16.2398,16.3319,16.4239,16.5158,16.6075,16.6991,16.7905,16.8818,16.9729,17.0639,17.1547,17.2453,17.3358,17.4261,17.5162,17.6062,17.696,17.7856,17.875,17.9642,18.0533,18.1421,18.2308,18.3193,18.4076,18.4957,18.5836,18.6713,18.7588,18.8462,18.9333,19.0203,19.1071,19.1936,19.28,19.3662
27.1176,24.9548,22.7544,20.5228,18.3638,16.5242,15.1877,14.2929,13.6951,13.2863,13.0008,12.7993,12.6576,12.5597,12.4952,12.4564,12.4381,12.4363,12.4479,12.4708,12.5029,12.543,12.5897,12.6423,12.6997,12.7615,12.827,12.8958,12.9675,13.0416,13.118,13.1964,13.2765,13.3582,13.4412,13.5255,13.6108,13.6971,13.7843,13.8722,13.9608,14.0499,14.1396,14.2298,14.3204,14.4113,14.5025,14.594,14.6858,14.7777,14.8697,14.962,15.0543,15.1466,15.2391,15.3316,15.4241,15.5165,15.609,15.7015,15.7938,15.8862,15.9784,16.0706,16.1627,16.2547,16.3466,16.4384,16.53,16.6216,16.7129,16.8042,16.8953,16.9862,17.077,17.1677,17.2582,17.3485,17.4386,17.5286,17.6184,17.708,17.7975,17.8868,17.9759,18.0648,18.1535,18.2421,18.3304,18.4186,18.5066,18.5944,18.682,18.7694,18.8567,18.9437,19.0306,19.1172,19.2037,19.29,19.3761
27.2792,25.1396,22.9711,20.7791,18.6522,16.8077,15.4318,14.4934,13.8607,13.4261,13.1213,12.9051,12.7519,12.6448,12.5726,12.5276,12.5039,12.4976,12.5053,12.5247,12.5538,12.5911,12.6355,12.6858,12.7413,12.8013,12.8652,12.9324,13.0027,13.0756,13.1508,13.2281,13.3072,13.3878,13.47,13.5534,13.6379,13.7235,13.8099,13.8971,13.9851,14.0737,14.1628,14.2524,14.3425,14.4329,14.5237,14.6147,14.706,14.7975,14.8892,14.981,15.073,15.165,15.2571,15.3493,15.4414,15.5336,15.6258,15.718,15.8101,15.9022,15.9942,16.0861,16.178,16.2697,16.3614,16.453,16.5444,16.6357,16.7269,16.818,16.9089,16.9997,17.0903,17.1808,17.2711,17.3612,17.4512,17.541,17.6307,17.7202,17.8095,17.8986,17.9876,18.0764,18.165,18.2534,18.3416,18.4297,18.5176,18.6053,18.6928,18.7801,18.8672,18.9542,19.0409,19.1275,19.2139,19.3001,19.3861
27.4383,25.3205,23.1817,21.0265,18.9311,17.0866,15.6766,14.6965,14.0293,13.5684,13.244,13.0128,12.8477,12.7312,12.6513,12.5998,12.5707,12.5597,12.5634,12.5793,12.6053,12.6399,12.6817,12.7299,12.7833,12.8415,12.9037,12.9694,13.0383,13.1099,13.1839,13.26,13.3381,13.4178,13.499,13.5815,13.6653,13.7501,13.8358,13.9223,14.0096,14.0976,14.1862,14.2752,14.3648,14.4547,14.545,14.6356,14.7264,14.8175,14.9088,15.0002,15.0918,15.1835,15.2753,15.3671,15.4589,15.5508,15.6427,15.7346,15.8265,15.9183,16.01,16.1017,16.1933,16.2849,16.3763,16.4677,16.5589,16.65,16.741,16.8319,16.9226,17.0132,17.1036,17.1939,17.2841,17.3741,17.4639,17.5536,17.6431,17.7324,17.8216,17.9106,17.9994,18.0881,18.1765,18.2648,18.3529,18.4409,18.5286,18.6162,18.7036,18.7908,18.8778,18.9647,19.0513,19.1378,19.2241,19.3102,19.3961
27.5949,25.4977,23.3867,21.2657,19.2009,17.3603,15.9214,14.9021,14.2006,13.7134,13.3689,13.1223,12.9452,12.8189,12.7312,12.6731,12.6385,12.6227,12.6223,12.6345,12.6574,12.6892,12.7285,12.7744,12.8258,12.8821,12.9426,13.0068,13.0742,13.1445,13.2173,13.2923,13.3693,13.448,13.5283,13.61,13.6929,13.7769,13.8619,13.9478,14.0344,14.1218,14.2097,14.2982,14.3872,14.4767,14.5665,14.6566,14.747,14.8377,14.9286,15.0196,15.1108,15.2021,15.2936,15.385,15.4766,15.5682,15.6598,15.7514,15.8429,15.9345,16.026,16.1174,16.2088,16.3001,16.3913,16.4824,16.5735,16.6644,16.7552,16.8458,16.9364,17.0268,17.1171,17.2072,17.2972,17.387,17.4767,17.5662,17.6555,17.7447,17.8338,17.9226,18.0113,18.0998,18.1882,18.2763,18.3643,18.4521,18.5398,18.6272,18.7145,18.8016,18.8885,18.9752,19.0618,19.1482,19.2344,19.3204,19.4062
27.7492,25.6715,23.5865,21.4974,19.4621,17.6284,16.1656,15.1095,14.3745,13.8607,13.4959,13.2336,13.0442,12.9081,12.8122,12.7474,12.7071,12.6865,12.6819,12.6905,12.7101,12.7391,12.7759,12.8194,12.8688,12.9232,12.982,13.0446,13.1106,13.1795,13.251,13.3249,13.4008,13.4785,13.5579,13.6386,13.7207,13.804,13.8882,13.9734,14.0594,14.1461,14.2335,14.3214,14.4099,14.4988,14.5881,14.6778,14.7678,14.858,14.9485,15.0391,15.13,15.2209,15.312,15.4032,15.4944,15.5856,15.6769,15.7682,15.8595,15.9508,16.0421,16.1332,16.2244,16.3154,16.4064,16.4973,16.5881,16.6788,16.7694,16.8599,16.9503,17.0405,17.1306,17.2205,17.3103,17.4,17.4895,17.5789,17.6681,17.7571,17.846,17.9347,18.0233,18.1116,18.1999,18.2879,18.3758,18.4635,18.551,18.6383,18.7255,18.8125,18.8993,18.9859,19.0723,19.1586,19.2447,19.3306,19.4163
27.9013,25.842,23.7814,21.7222,19.7151,17.8907,16.4085,15.3184,14.5506,14.0102,13.6249,13.3467,13.1447,12.9985,12.8944,12.8228,12.7767,12.7512,12.7423,12.7472,12.7635,12.7895,12.8237,12.865,12.9122,12.9647,13.0217,13.0828,13.1472,13.2148,13.2851,13.3578,13.4326,13.5093,13.5877,13.6676,13.7488,13.8313,13.9148,13.9993,14.0846,14.1707,14.2574,14.3448,14.4327,14.5211,14.61,14.6992,14.7887,14.8785,14.9685,15.0588,15.1492,15.2398,15.3306,15.4214,15.5123,15.6032,15.6942,15.7852,15.8763,15.9673,16.0582,16.1492,16.2401,16.3309,16.4217,16.5123,16.6029,16.6934,16.7838,16.8741,16.9642,17.0543,17.1442,17.234,17.3236,17.4131,17.5024,17.5916,17.6807,17.7696,17.8583,17.9469,18.0353,18.1236,18.2116,18.2995,18.3873,18.4748,18.5622,18.6495,18.7365,18.8234,18.9101,18.9966,19.0829,19.1691,19.2551,19.3409,19.4265
28.0512,26.0094,23.9717,21.9406,19.9605,18.1472,16.6495,15.5283,14.7287,14.162,13.7559,13.4616,13.2468,13.0903,12.9778,12.8992,12.8472,12.8166,12.8034,12.8045,12.8175,12.8406,12.8721,12.911,12.9561,13.0066,13.0619,13.1213,13.1843,13.2505,13.3195,13.391,13.4647,13.5403,13.6178,13.6968,13.7772,13.8588,13.9416,14.0253,14.11,14.1954,14.2816,14.3684,14.4558,14.5436,14.632,14.7207,14.8098,14.8991,14.9888,15.0786,15.1687,15.2589,15.3493,15.4398,15.5303,15.621,15.7117,15.8024,15.8931,15.9838,16.0745,16.1652,16.2559,16.3465,16.437,16.5274,16.6178,16.7081,16.7983,16.8883,16.9783,17.0682,17.1579,17.2475,17.3369,17.4263,17.5155,17.6045,17.6934,17.7821,17.8707,17.9592,18.0474,18.1355,18.2235,18.3113,18.3989,18.4863,18.5736,18.6607,18.7476,18.8344,18.921,19.0074,19.0936,19.1797,19.2655,19.3513,19.4368
28.1992,26.1739,24.1578,22.1529,20.1987,18.3977,16.8883,15.7387,14.9086,14.3157,13.8889,13.5781,13.3503,13.1834,13.0623,12.9766,12.9186,12.8829,12.8653,12.8625,12.8721,12.8922,12.9211,12.9575,13.0004,13.049,13.1025,13.1602,13.2217,13.2865,13.3542,13.4245,13.4971,13.5717,13.6481,13.7262,13.8057,13.8866,13.9686,14.0516,14.1356,14.2204,14.3059,14.3922,14.479,14.5663,14.6541,14.7424,14.831,14.9199,15.0091,15.0986,15.1883,15.2781,15.3681,15.4583,15.5485,15.6388,15.7292,15.8196,15.9101,16.0005,16.091,16.1814,16.2718,16.3621,16.4524,16.5426,16.6328,16.7229,16.8128,16.9027,16.9925,17.0821,17.1717,17.2611,17.3504,17.4395,17.5286,17.6174,17.7062,17.7948,17.8832,17.9715,18.0596,18.1476,18.2354,18.323,18.4105,18.4978,18.585,18.672,18.7588,18.8454,18.9319,19.0182,19.1043,19.1903,19.2761,19.3617,19.4471
28.3452,26.3357,24.34,22.3597,20.4301,18.6424,17.1243,15.9494,15.09,14.4713,14.0236,13.6963,13.4553,13.2778,13.148,13.055,12.9909,12.95,12.9279,12.9212,12.9274,12.9443,12.9705,13.0045,13.0452,13.0918,13.1434,13.1995,13.2594,13.3228,13.3892,13.4583,13.5297,13.6033,13.6788,13.7559,13.8346,13.9146,13.9958,14.0781,14.1614,14.2456,14.3305,14.4161,14.5024,14.5892,14.6765,14.7642,14.8524,14.9409,15.0296,15.1187,15.208,15.2975,15.3871,15.4769,15.5668,15.6568,15.7469,15.837,15.9271,16.0173,16.1075,16.1977,16.2878,16.3779,16.4679,16.5579,16.6479,16.7377,16.8275,16.9172,17.0067,17.0962,17.1856,17.2748,17.3639,17.4529,17.5417,17.6305,17.719,17.8075,17.8958,17.9839,18.0719,18.1597,18.2474,18.3349,18.4223,18.5094,18.5965,18.6833,18.77,18.8566,18.9429,19.0291,19.1151,19.201,19.2866,19.3722,19.4575
28.4894,26.4948,24.5184,22.5614,20.6552,18.8813,17.3574,16.1598,15.2727,14.6286,14.16,13.816,13.5617,13.3734,13.2347,13.1344,13.0641,13.0179,12.9912,12.9805,12.9832,12.9971,13.0205,13.052,13.0905,13.135,13.1848,13.2391,13.2975,13.3595,13.4245,13.4924,13.5627,13.6352,13.7096,13.7859,13.8636,13.9428,14.0233,14.1048,14.1874,14.2709,14.3552,14.4402,14.5259,14.6122,14.699,14.7863,14.8739,14.962,15.0503,15.139,15.2278,15.3169,15.4062,15.4957,15.5852,15.6749,15.7647,15.8545,15.9443,16.0342,16.1241,16.214,16.3039,16.3938,16.4836,16.5733,16.663,16.7527,16.8422,16.9317,17.0211,17.1103,17.1995,17.2886,17.3775,17.4663,17.555,17.6436,17.732,17.8203,17.9084,17.9964,18.0842,18.1719,18.2594,18.3468,18.4341,18.5211,18.608,18.6948,18.7813,18.8677,18.954,19.0401,19.126,19.2117,19.2973,19.3827,19.4679
28.6318,26.6514,24.6932,22.7582,20.8743,19.1146,17.5872,16.3696,15.4563,14.7875,14.2981,13.9373,13.6695,13.4702,13.3226,13.2148,13.1382,13.0866,13.0552,13.0405,13.0396,13.0504,13.0709,13.0999,13.1362,13.1786,13.2265,13.2792,13.336,13.3964,13.4602,13.5268,13.5959,13.6673,13.7408,13.816,13.8929,13.9713,14.0509,14.1318,14.2136,14.2965,14.3801,14.4646,14.5497,14.6354,14.7217,14.8084,14.8956,14.9832,15.0711,15.1594,15.2478,15.3366,15.4255,15.5146,15.6038,15.6931,15.7826,15.8721,15.9616,16.0512,16.1409,16.2305,16.3201,16.4097,16.4993,16.5888,16.6783,16.7677,16.8571,16.9463,17.0355,17.1246,17.2136,17.3024,17.3912,17.4798,17.5683,17.6567,17.745,17.8331,17.9211,18.0089,18.0966,18.1842,18.2716,18.3588,18.4459,18.5329,18.6196,18.7062,18.7927,18.879,18.9651,19.0511,19.1369,19.2225,19.308,19.3933,19.4784
28.7725,26.8057,24.8648,22.9504,21.0877,19.3424,17.8136,16.5786,15.6406,14.9477,14.4377,14.0601,13.7787,13.5683,13.4116,13.2961,13.2131,13.1561,13.12,13.1011,13.0967,13.1042,13.1219,13.1484,13.1823,13.2227,13.2686,13.3195,13.3748,13.4338,13.4961,13.5614,13.6294,13.6997,13.7722,13.8465,13.9225,14,14.0788,14.1589,14.2401,14.3222,14.4052,14.4891,14.5736,14.6588,14.7445,14.8308,14.9175,15.0046,15.0921,15.1799,15.268,15.3563,15.4449,15.5336,15.6225,15.7115,15.8006,15.8898,15.9791,16.0684,16.1577,16.2471,16.3365,16.4258,16.5152,16.6045,16.6937,16.7829,16.872,16.9611,17.05,17.1389,17.2277,17.3164,17.405,17.4934,17.5818,17.67,17.7581,17.8461,17.9339,18.0216,18.1091,18.1965,18.2838,18.3709,18.4579,18.5447,18.6313,18.7178,18.8041,18.8903,18.9763,19.0622,19.1479,19.2334,19.3188,19.4039,19.489
28.9115,26.9577,25.0332,23.1384,21.2959,19.5649,18.0364,16.7863,15.8253,15.109,14.5787,14.1843,13.8891,13.6676,13.5016,13.3784,13.2889,13.2263,13.1854,13.1624,13.1543,13.1586,13.1734,13.1973,13.2288,13.2671,13.3112,13.3603,13.4139,13.4714,13.5324,13.5964,13.6632,13.7324,13.8038,13.8772,13.9522,14.0289,14.1069,14.1862,14.2667,14.3482,14.4305,14.5137,14.5977,14.6823,14.7675,14.8533,14.9395,15.0262,15.1132,15.2006,15.2883,15.3762,15.4644,15.5527,15.6413,15.7299,15.8187,15.9076,15.9966,16.0856,16.1747,16.2638,16.3529,16.442,16.5311,16.6202,16.7092,16.7981,16.887,16.9759,17.0647,17.1533,17.2419,17.3304,17.4188,17.5071,17.5953,17.6833,17.7713,17.8591,17.9467,18.0343,18.1217,18.2089,18.2961,18.383,18.4699,18.5565,18.6431,18.7294,18.8156,18.9017,18.9876,19.0733,19.1589,19.2443,19.3296,19.4147,19.4996
29.049,27.1075,25.1986,23.3223,21.4991,19.7824,18.2555,16.9925,16.0102,15.2714,14.721,14.3097,14.0008,13.768,13.5926,13.4617,13.3656,13.2973,13.2516,13.2244,13.2125,13.2135,13.2254,13.2466,13.2758,13.312,13.3541,13.4014,13.4534,13.5094,13.569,13.6317,13.6973,13.7654,13.8357,13.9081,13.9823,14.058,14.1353,14.2138,14.2935,14.3743,14.456,14.5386,14.622,14.706,14.7907,14.876,14.9617,15.0479,15.1345,15.2214,15.3087,15.3962,15.484,15.572,15.6602,15.7485,15.837,15.9256,16.0143,16.103,16.1918,16.2806,16.3694,16.4583,16.5471,16.6359,16.7247,16.8135,16.9022,16.9908,17.0794,17.1678,17.2562,17.3446,17.4328,17.5209,17.6089,17.6967,17.7845,17.8722,17.9597,18.0471,18.1343,18.2214,18.3084,18.3952,18.4819,18.5685,18.6549,18.7411,18.8272,18.9131,18.9989,19.0845,19.17,19.2553,19.3405,19.4254,19.5103
29.185,27.2553,25.3612,23.5025,21.6977,19.995,18.471,17.1971,16.1951,15.4347,14.8645,14.4365,14.1137,13.8695,13.6847,13.5459,13.4431,13.3691,13.3184,13.2869,13.2713,13.269,13.2779,13.2965,13.3233,13.3572,13.3973,13.4429,13.4932,13.5477,13.6058,13.6673,13.7316,13.7986,13.8679,13.9393,14.0125,14.0874,14.1638,14.2416,14.3205,14.4006,14.4817,14.5637,14.6464,14.7299,14.814,14.8988,14.984,15.0697,15.1559,15.2424,15.3293,15.4164,15.5038,15.5914,15.6793,15.7673,15.8554,15.9437,16.032,16.1205,16.209,16.2975,16.3861,16.4747,16.5633,16.6518,16.7404,16.8289,16.9174,17.0058,17.0942,17.1824,17.2706,17.3588,17.4468,17.5347,17.6225,17.7102,17.7978,17.8853,17.9727,18.0599,18.147,18.234,18.3208,18.4075,18.4941,18.5805,18.6667,18.7529,18.8388,18.9246,19.0103,19.0958,19.1812,19.2664,19.3514,19.4363,19.521
29.3196,27.4011,25.5211,23.6791,21.8917,20.2029,18.6827,17.3997,16.3797,15.5986,15.009,14.5644,14.2278,13.9721,13.7778,13.6309,13.5214,13.4416,13.386,13.3501,13.3307,13.325,13.3309,13.3468,13.3711,13.4029,13.441,13.4847,13.5333,13.5863,13.643,13.7031,13.7663,13.8321,13.9003,13.9707,14.043,14.117,14.1925,14.2695,14.3478,14.4271,14.5075,14.5889,14.671,14.754,14.8375,14.9218,15.0065,15.0917,15.1774,15.2635,15.3499,15.4367,15.5237,15.611,15.6984,15.7861,15.8739,15.9618,16.0499,16.138,16.2263,16.3145,16.4028,16.4912,16.5795,16.6678,16.7562,16.8444,16.9327,17.0209,17.109,17.1971,17.2851,17.373,17.4609,17.5486,17.6363,17.7238,17.8112,17.8986,17.9858,18.0728,18.1598,18.2466,18.3333,18.4199,18.5063,18.5926,18.6787,18.7647,18.8505,18.9362,19.0217,19.1071,19.1924,19.2775,19.3624,19.4472,19.5318
29.4527,27.545,25.6785,23.8523,22.0816,20.4063,18.8907,17.6003,16.5638,15.763,15.1545,14.6934,14.343,14.0757,13.8718,13.7169,13.6005,13.5149,13.4542,13.4139,13.3906,13.3815,13.3844,13.3975,13.4194,13.4489,13.485,13.5269,13.5738,13.6252,13.6805,13.7393,13.8012,13.8658,13.933,14.0023,14.0737,14.1468,14.2215,14.2977,14.3752,14.4538,14.5336,14.6143,14.6958,14.7782,14.8612,14.9449,15.0291,15.1139,15.1991,15.2848,15.3708,15.4571,15.5437,15.6306,15.7177,15.805,15.8925,15.9801,16.0679,16.1557,16.2437,16.3317,16.4197,16.5078,16.5958,16.6839,16.772,16.8601,16.9481,17.0361,17.124,17.2119,17.2997,17.3874,17.4751,17.5626,17.6501,17.7375,17.8247,17.9119,17.9989,18.0858,18.1726,18.2593,18.3459,18.4323,18.5186,18.6047,18.6907,18.7766,18.8623,18.9478,19.0333,19.1185,19.2037,19.2886,19.3734,19.4581,19.5426
29.5845,27.6872,25.8334,24.0223,22.2676,20.6054,19.0951,17.7987,16.7473,15.9277,15.3009,14.8235,14.4592,14.1803,13.9667,13.8037,13.6804,13.5889,13.523,13.4783,13.4511,13.4385,13.4383,13.4487,13.4681,13.4954,13.5294,13.5694,13.6146,13.6644,13.7183,13.7757,13.8363,13.8998,13.9659,14.0342,14.1046,14.1768,14.2507,14.3261,14.4028,14.4807,14.5598,14.6398,14.7208,14.8025,14.885,14.9682,15.0519,15.1362,15.221,15.3062,15.3917,15.4777,15.5639,15.6504,15.7372,15.8241,15.9113,15.9986,16.086,16.1735,16.2612,16.3489,16.4366,16.5244,16.6123,16.7001,16.788,16.8758,16.9636,17.0513,17.1391,17.2267,17.3143,17.4019,17.4893,17.5767,17.664,17.7512,17.8383,17.9253,18.0122,18.0989,18.1856,18.2721,18.3585,18.4448,18.5309,18.6169,18.7028,18.7885,18.8741,18.9595,19.0448,19.13,19.215,19.2998,19.3846,19.4691,19.5535
29.715,27.8275,25.986,24.1893,22.4497,20.8004,19.2958,17.9948,16.9298,16.0926,15.4479,14.9545,14.5764,14.2859,14.0626,13.8913,13.7611,13.6636,13.5926,13.5433,13.5122,13.4961,13.4928,13.5003,13.5173,13.5422,13.5742,13.6123,13.6558,13.704,13.7563,13.8124,13.8718,13.9341,13.999,14.0663,14.1357,14.207,14.2801,14.3546,14.4306,14.5078,14.5862,14.6656,14.7459,14.8271,14.909,14.9916,15.0748,15.1586,15.2429,15.3277,15.4128,15.4984,15.5842,15.6703,15.7567,15.8433,15.9301,16.0171,16.1042,16.1914,16.2788,16.3662,16.4537,16.5412,16.6288,16.7164,16.804,16.8916,16.9792,17.0667,17.1542,17.2417,17.3291,17.4164,17.5037,17.5909,17.678,17.765,17.8519,17.9387,18.0255,18.1121,18.1985,18.2849,18.3712,18.4573,18.5433,18.6292,18.7149,18.8005,18.886,18.9713,19.0565,19.1415,19.2264,19.3111,19.3957,19.4802,19.5645
29.8442,27.9662,26.1364,24.3533,22.6283,20.9915,19.493,18.1885,17.1114,16.2575,15.5956,15.0863,14.6945,14.3925,14.1594,13.9798,13.8425,13.7389,13.6627,13.6089,13.5738,13.5541,13.5477,13.5524,13.5668,13.5895,13.6194,13.6555,13.6973,13.7438,13.7947,13.8494,13.9075,13.9686,14.0324,14.0987,14.1671,14.2375,14.3096,14.3834,14.4586,14.5351,14.6128,14.6915,14.7712,14.8518,14.9331,15.0152,15.0979,15.1812,15.2651,15.3493,15.4341,15.5192,15.6046,15.6904,15.7764,15.8626,15.9491,16.0357,16.1225,16.2095,16.2965,16.3836,16.4708,16.5581,16.6454,16.7328,16.8201,16.9075,16.9948,17.0821,17.1694,17.2567,17.3439,17.431,17.5181,17.6051,17.692,17.7789,17.8656,17.9523,18.0388,18.1253,18.2116,18.2978,18.3839,18.4699,18.5558,18.6415,18.7271,18.8126,18.8979,18.9831,19.0682,19.1531,19.2378,19.3225,19.407,19.4913,19.5755
29.9722,28.1033,26.2847,24.5147,22.8035,21.1788,19.6867,18.3798,17.2918,16.4223,15.7437,15.2189,14.8136,14.4999,14.257,14.0691,13.9247,13.815,13.7335,13.6751,13.6359,13.6127,13.6031,13.6049,13.6167,13.6371,13.6649,13.6991,13.739,13.784,13.8334,13.8866,13.9434,14.0033,14.066,14.1312,14.1987,14.2681,14.3394,14.4124,14.4868,14.5625,14.6395,14.7176,14.7967,14.8766,14.9574,15.039,15.1212,15.204,15.2873,15.3711,15.4554,15.5401,15.6252,15.7105,15.7962,15.882,15.9682,16.0545,16.1409,16.2276,16.3143,16.4012,16.4881,16.5751,16.6621,16.7492,16.8363,16.9235,17.0106,17.0977,17.1847,17.2718,17.3588,17.4457,17.5326,17.6194,17.7062,17.7928,17.8794,17.9659,18.0523,18.1386,18.2247,18.3108,18.3968,18.4826,18.5683,18.6539,18.7394,18.8247,18.9099,18.995,19.0799,19.1647,19.2494,19.3339,19.4182,19.5025,19.5865
30.099,28.2389,26.4309,24.6734,22.9755,21.3625,19.8771,18.5686,17.471,16.5868,15.8922,15.3522,14.9334,14.6082,14.3554,14.1592,14.0076,13.8918,13.805,13.7419,13.6986,13.6718,13.6589,13.6579,13.6671,13.6851,13.7107,13.743,13.7812,13.8245,13.8723,13.9242,13.9797,14.0384,14.0999,14.164,14.2305,14.299,14.3694,14.4415,14.5152,14.5902,14.6664,14.7438,14.8223,14.9017,14.9819,15.0628,15.1445,15.2268,15.3097,15.3931,15.4769,15.5612,15.6458,15.7308,15.8161,15.9016,15.9874,16.0733,16.1595,16.2458,16.3322,16.4188,16.5054,16.5922,16.679,16.7658,16.8527,16.9395,17.0264,17.1133,17.2001,17.287,17.3738,17.4605,17.5472,17.6338,17.7204,17.8069,17.8933,17.9796,18.0658,18.1519,18.2379,18.3238,18.4097,18.4953,18.5809,18.6664,18.7517,18.8369,18.922,19.0069,19.0917,19.1764,19.2609,19.3453,19.4296,19.5137,19.5977
30.2247,28.3729,26.5753,24.8296,23.1444,21.5428,20.0642,18.7549,17.6487,16.7509,16.0409,15.4861,15.054,14.7172,14.4546,14.25,14.0912,13.9692,13.877,13.8092,13.7618,13.7313,13.7152,13.7113,13.7178,13.7335,13.7569,13.7873,13.8236,13.8652,13.9115,13.962,14.0161,14.0736,14.134,14.1971,14.2625,14.3301,14.3996,14.4709,14.5437,14.618,14.6935,14.7703,14.8481,14.9268,15.0065,15.0869,15.168,15.2498,15.3322,15.4151,15.4985,15.5824,15.6666,15.7512,15.8361,15.9212,16.0067,16.0923,16.1781,16.2641,16.3503,16.4365,16.5229,16.6093,16.6959,16.7824,16.8691,16.9557,17.0423,17.129,17.2156,17.3022,17.3888,17.4754,17.5618,17.6483,17.7347,17.821,17.9072,17.9933,18.0794,18.1653,18.2512,18.337,18.4226,18.5082,18.5936,18.6789,18.7641,18.8492,18.9341,19.0189,19.1036,19.1881,19.2726,19.3568,19.441,19.525,19.6088
30.3493,28.5056,26.7177,24.9835,23.3104,21.7198,20.248,18.9387,17.825,16.9145,16.1898,15.6205,15.1752,14.8271,14.5546,14.3415,14.1755,14.0472,13.9496,13.8771,13.8255,13.7913,13.7719,13.7651,13.769,13.7822,13.8035,13.8318,13.8663,13.9063,13.951,14.0001,14.0529,14.1091,14.1684,14.2303,14.2948,14.3614,14.43,14.5004,14.5725,14.646,14.7208,14.7969,14.874,14.9522,15.0312,15.1111,15.1917,15.273,15.3549,15.4373,15.5203,15.6037,15.6875,15.7717,15.8562,15.941,16.0261,16.1114,16.1969,16.2826,16.3684,16.4544,16.5404,16.6266,16.7129,16.7992,16.8855,16.9719,17.0584,17.1448,17.2312,17.3176,17.404,17.4903,17.5766,17.6628,17.749,17.8351,17.9212,18.0071,18.093,18.1788,18.2645,18.3501,18.4356,18.521,18.6063,18.6915,18.7765,18.8615,18.9463,19.031,19.1155,19.1999,19.2842,19.3684,19.4524,19.5363,19.6201
30.4728,28.6368,26.8584,25.135,23.4736,21.8937,20.4288,19.12,17.9997,17.0775,16.3387,15.7553,15.2971,14.9376,14.6553,14.4337,14.2604,14.1259,14.0228,13.9456,13.8897,13.8519,13.8291,13.8193,13.8205,13.8313,13.8504,13.8767,13.9094,13.9476,13.9908,14.0384,14.0899,14.1449,14.2029,14.2638,14.3272,14.3929,14.4606,14.5302,14.6014,14.6741,14.7483,14.8236,14.9001,14.9777,15.0561,15.1354,15.2155,15.2963,15.3777,15.4597,15.5422,15.6252,15.7086,15.7923,15.8765,15.9609,16.0456,16.1306,16.2157,16.3011,16.3866,16.4723,16.5581,16.644,16.73,16.816,16.9021,16.9883,17.0745,17.1606,17.2468,17.333,17.4192,17.5053,17.5914,17.6774,17.7634,17.8494,17.9352,18.021,18.1068,18.1924,18.2779,18.3634,18.4487,18.534,18.6191,18.7041,18.789,18.8738,18.9585,19.0431,19.1275,19.2118,19.296,19.38,19.4639,19.5477,19.6313
30.5953,28.7667,26.9973,25.2844,23.6341,22.0645,20.6066,19.2988,18.1728,17.2397,16.4875,15.8905,15.4196,15.0488,14.7566,14.5266,14.346,14.2052,14.0966,14.0145,13.9545,13.9128,13.8868,13.8739,13.8725,13.8808,13.8977,13.9219,13.9527,13.9893,14.0309,14.077,14.1271,14.1808,14.2377,14.2975,14.3599,14.4246,14.4914,14.5601,14.6305,14.7025,14.7759,14.8506,14.9264,15.0033,15.0812,15.1599,15.2395,15.3197,15.4006,15.4821,15.5642,15.6467,15.7297,15.8131,15.8968,15.9809,16.0652,16.1498,16.2347,16.3197,16.4049,16.4903,16.5758,16.6614,16.7472,16.8329,16.9188,17.0047,17.0906,17.1766,17.2626,17.3485,17.4345,17.5204,17.6063,17.6921,17.778,17.8637,17.9494,18.035,18.1206,18.206,18.2914,18.3767,18.4619,18.547,18.632,18.7169,18.8016,18.8863,18.9708,19.0552,19.1396,19.2237,19.3078,19.3917,19.4755,19.5591,19.6427
30.7168,28.8953,27.1346,25.4317,23.7921,22.2325,20.7814,19.4751,18.3443,17.4011,16.6362,16.0259,15.5426,15.1606,14.8587,14.6202,14.4323,14.2851,14.1709,14.084,14.0197,13.9743,13.9448,13.929,13.9248,13.9306,13.9452,13.9675,13.9964,14.0312,14.0712,14.1159,14.1646,14.2171,14.2728,14.3314,14.3928,14.4565,14.5224,14.5902,14.6598,14.731,14.8037,14.8777,14.9528,15.0291,15.1064,15.1845,15.2635,15.3433,15.4237,15.5047,15.5863,15.6684,15.751,15.834,15.9173,16.001,16.085,16.1692,16.2537,16.3385,16.4234,16.5084,16.5937,16.679,16.7644,16.85,16.9356,17.0212,17.1069,17.1926,17.2784,17.3641,17.4498,17.5356,17.6213,17.7069,17.7925,17.8781,17.9636,18.0491,18.1344,18.2197,18.3049,18.3901,18.4751,18.56,18.6449,18.7296,18.8143,18.8988,18.9832,19.0675,19.1517,19.2357,19.3196,19.4034,19.4871,19.5707,19.6541
30.8373,29.0227,27.2703,25.577,23.9477,22.3976,20.9535,19.649,18.514,17.5617,16.7847,16.1616,15.666,15.2729,14.9613,14.7144,14.5191,14.3655,14.2458,14.154,14.0854,14.0362,14.0033,13.9844,13.9774,13.9808,13.9932,14.0133,14.0404,14.0734,14.1119,14.155,14.2024,14.2535,14.308,14.3656,14.4259,14.4886,14.5536,14.6205,14.6893,14.7597,14.8316,14.9049,14.9794,15.0551,15.1317,15.2093,15.2878,15.367,15.4469,15.5274,15.6086,15.6902,15.7724,15.8549,15.9379,16.0212,16.1048,16.1887,16.2729,16.3573,16.4419,16.5267,16.6116,16.6966,16.7818,16.8671,16.9524,17.0378,17.1233,17.2088,17.2943,17.3798,17.4653,17.5508,17.6363,17.7218,17.8072,17.8926,17.9779,18.0632,18.1484,18.2335,18.3185,18.4035,18.4884,18.5732,18.6579,18.7425,18.827,18.9113,18.9956,19.0798,19.1638,19.2477,19.3315,19.4152,19.4988,19.5822,19.6655
30.9569,29.1489,27.4044,25.7204,24.1009,22.5602,21.1228,19.8205,18.682,17.7212,16.9328,16.2973,15.7898,15.3858,15.0645,14.8091,14.6065,14.4465,14.3213,14.2246,14.1516,14.0985,14.0622,14.0402,14.0305,14.0314,14.0414,14.0595,14.0846,14.1159,14.1527,14.1944,14.2404,14.2902,14.3435,14.3999,14.4592,14.5209,14.5849,14.651,14.7189,14.7886,14.8598,14.9323,15.0062,15.0812,15.1572,15.2342,15.3121,15.3908,15.4702,15.5503,15.631,15.7122,15.7939,15.876,15.9586,16.0415,16.1248,16.2084,16.2922,16.3762,16.4605,16.545,16.6296,16.7144,16.7993,16.8843,16.9693,17.0545,17.1397,17.225,17.3102,17.3955,17.4808,17.5661,17.6514,17.7367,17.8219,17.9071,17.9922,18.0773,18.1624,18.2473,18.3322,18.417,18.5017,18.5864,18.6709,18.7554,18.8397,18.924,19.0081,19.0921,19.176,19.2598,19.3435,19.4271,19.5105,19.5938,19.677
31.0756,29.2739,27.5371,25.8619,24.2519,22.7201,21.2895,19.9896,18.8482,17.8797,17.0805,16.4331,15.9139,15.4992,15.1683,14.9045,14.6945,14.5281,14.3972,14.2956,14.2182,14.1613,14.1215,14.0964,14.0839,14.0823,14.09,14.106,14.1292,14.1587,14.1939,14.234,14.2786,14.3271,14.3792,14.4345,14.4927,14.5534,14.6165,14.6817,14.7488,14.8176,14.888,14.9599,15.0331,15.1074,15.1829,15.2593,15.3366,15.4148,15.4937,15.5733,15.6535,15.7342,15.8155,15.8973,15.9794,16.062,16.1449,16.2281,16.3116,16.3953,16.4792,16.5634,16.6477,16.7322,16.8168,16.9015,16.9864,17.0713,17.1562,17.2412,17.3263,17.4114,17.4965,17.5815,17.6666,17.7517,17.8367,17.9217,18.0067,18.0916,18.1764,18.2612,18.3459,18.4306,18.5152,18.5996,18.684,18.7683,18.8525,18.9366,19.0206,19.1045,19.1883,19.272,19.3555,19.439,19.5223,19.6055,19.6885
31.1933,29.3978,27.6684,26.0016,24.4008,22.8777,21.4536,20.1564,19.0127,18.0371,17.2277,16.5689,16.0383,15.6129,15.2725,15.0003,14.783,14.6102,14.4737,14.3671,14.2853,14.2245,14.1812,14.153,14.1377,14.1335,14.1389,14.1528,14.174,14.2018,14.2353,14.2739,14.3171,14.3643,14.4152,14.4693,14.5264,14.5861,14.6482,14.7125,14.7788,14.8468,14.9165,14.9876,15.0601,15.1338,15.2087,15.2845,15.3613,15.4389,15.5173,15.5964,15.6761,15.7564,15.8373,15.9186,16.0003,16.0825,16.165,16.2479,16.331,16.4144,16.4981,16.5819,16.6659,16.7501,16.8345,16.9189,17.0035,17.0881,17.1728,17.2576,17.3424,17.4273,17.5121,17.597,17.6819,17.7667,17.8516,17.9364,18.0212,18.1059,18.1906,18.2752,18.3597,18.4442,18.5286,18.613,18.6972,18.7813,18.8654,18.9494,19.0332,19.117,19.2006,19.2842,19.3676,19.4509,19.5341,19.6172,19.7001
31.3102,29.5206,27.7983,26.1397,24.5476,23.0328,21.6153,20.321,19.1753,18.1933,17.3744,16.7046,16.1629,15.7271,15.3773,15.0967,14.8721,14.6928,14.5506,14.439,14.3529,14.2881,14.2413,14.21,14.1918,14.185,14.1881,14.1999,14.2192,14.2451,14.277,14.3141,14.3558,14.4017,14.4513,14.5043,14.5603,14.619,14.6802,14.7435,14.809,14.8762,14.9451,15.0155,15.0873,15.1604,15.2346,15.3098,15.386,15.4631,15.541,15.6196,15.6988,15.7787,15.8591,15.94,16.0214,16.1032,16.1853,16.2678,16.3506,16.4337,16.517,16.6005,16.6842,16.7681,16.8522,16.9364,17.0207,17.1051,17.1895,17.2741,17.3586,17.4433,17.5279,17.6126,17.6972,17.7819,17.8665,17.9511,18.0357,18.1203,18.2048,18.2892,18.3736,18.4579,18.5422,18.6263,18.7104,18.7944,18.8783,18.9622,19.0459,19.1295,19.213,19.2964,19.3797,19.4629,19.546,19.629,19.7118
31.4263,29.6423,27.9268,26.2761,24.6924,23.1857,21.7745,20.4833,19.3362,18.3484,17.5204,16.8401,16.2876,15.8416,15.4824,15.1936,14.9616,14.7759,14.628,14.5114,14.4209,14.3521,14.3019,14.2673,14.2463,14.2369,14.2377,14.2473,14.2646,14.2887,14.3189,14.3544,14.3947,14.4393,14.4877,14.5395,14.5944,14.6521,14.7123,14.7748,14.8393,14.9057,14.9739,15.0436,15.1147,15.1871,15.2607,15.3353,15.4109,15.4875,15.5648,15.6429,15.7217,15.8011,15.8811,15.9616,16.0425,16.1239,16.2057,16.2878,16.3703,16.453,16.536,16.6192,16.7026,16.7862,16.87,16.9539,17.0379,17.1221,17.2063,17.2906,17.3749,17.4593,17.5437,17.6282,17.7126,17.7971,17.8815,17.966,18.0504,18.1347,18.219,18.3033,18.3875,18.4717,18.5558,18.6398,18.7237,18.8076,18.8913,18.975,19.0586,19.1421,19.2255,19.3087,19.3919,19.475,19.5579,19.6408,19.7235
31.5415,29.763,28.0541,26.4109,24.8353,23.3365,21.9315,20.6434,19.4953,18.5022,17.6658,16.9754,16.4124,15.9564,15.588,15.2909,15.0516,14.8594,14.7059,14.5843,14.4893,14.4166,14.3627,14.325,14.3011,14.2892,14.2875,14.2949,14.3103,14.3326,14.3611,14.3951,14.4339,14.4771,14.5243,14.5749,14.6287,14.6853,14.7446,14.8061,14.8698,14.9354,15.0028,15.0718,15.1422,15.2139,15.2869,15.3609,15.436,15.512,15.5888,15.6664,15.7447,15.8236,15.9032,15.9832,16.0638,16.1448,16.2262,16.3079,16.39,16.4724,16.5551,16.638,16.7211,16.8044,16.8879,16.9715,17.0553,17.1392,17.2231,17.3072,17.3913,17.4755,17.5597,17.6439,17.7281,17.8124,17.8966,17.9809,18.0651,18.1492,18.2334,18.3175,18.4015,18.4855,18.5694,18.6533,18.7371,18.8208,18.9044,18.9879,19.0714,19.1547,19.238,19.3211,19.4042,19.4871,19.5699,19.6526,19.7352
31.656,29.8827,28.1801,26.5442,24.9764,23.4851,22.0863,20.8015,19.6526,18.6548,17.8105,17.1104,16.5373,16.0714,15.6939,15.3886,15.1421,14.9434,14.7842,14.6576,14.5581,14.4814,14.424,14.3831,14.3563,14.3417,14.3377,14.3429,14.3563,14.3767,14.4035,14.4359,14.4733,14.5152,14.561,14.6105,14.6632,14.7188,14.7771,14.8377,14.9005,14.9653,15.0319,15.1001,15.1698,15.2409,15.3132,15.3867,15.4612,15.5366,15.6129,15.69,15.7678,15.8463,15.9254,16.005,16.0852,16.1658,16.2468,16.3282,16.4099,16.492,16.5743,16.6569,16.7397,16.8227,16.9059,16.9893,17.0727,17.1564,17.2401,17.3239,17.4077,17.4917,17.5756,17.6597,17.7437,17.8277,17.9118,17.9958,18.0798,18.1638,18.2478,18.3317,18.4156,18.4994,18.5832,18.6669,18.7505,18.834,18.9175,19.0009,19.0842,19.1674,19.2505,19.3335,19.4165,19.4993,19.582,19.6646,19.7471
31.7696,30.0014,28.305,26.676,25.1157,23.6318,22.2389,20.9574,19.8082,18.8061,17.9544,17.2451,16.6621,16.1866,15.8002,15.4868,15.2329,15.0279,14.863,14.7313,14.6273,14.5466,14.4856,14.4415,14.4118,14.3946,14.3881,14.3912,14.4025,14.4211,14.4462,14.477,14.513,14.5535,14.598,14.6463,14.6979,14.7525,14.8097,14.8694,14.9314,14.9954,15.0612,15.1286,15.1976,15.268,15.3397,15.4126,15.4865,15.5613,15.6371,15.7137,15.791,15.869,15.9477,16.0269,16.1066,16.1868,16.2675,16.3485,16.4299,16.5116,16.5936,16.6759,16.7584,16.8411,16.924,17.0071,17.0903,17.1736,17.2571,17.3406,17.4243,17.508,17.5917,17.6755,17.7593,17.8432,17.927,18.0108,18.0947,18.1785,18.2623,18.346,18.4297,18.5133,18.5969,18.6805,18.764,18.8474,18.9307,19.0139,19.0971,19.1801,19.2631,19.346,19.4288,19.5115,19.5941,19.6765,19.7589
31.8826,30.1192,28.4287,26.8064,25.2533,23.7764,22.3895,21.1113,19.962,18.9561,18.0975,17.3794,16.7869,16.302,15.9067,15.5853,15.3242,15.1128,14.9421,14.8054,14.6969,14.6122,14.5476,14.5003,14.4676,14.4477,14.4389,14.4397,14.449,14.4658,14.4891,14.5184,14.5528,14.5919,14.6353,14.6823,14.7328,14.7863,14.8426,14.9014,14.9624,15.0255,15.0906,15.1573,15.2256,15.2953,15.3663,15.4386,15.5119,15.5862,15.6615,15.7375,15.8144,15.8919,15.9701,16.0489,16.1282,16.208,16.2882,16.3689,16.4499,16.5313,16.613,16.6949,16.7771,16.8595,16.9421,17.0249,17.1079,17.191,17.2742,17.3575,17.4409,17.5243,17.6079,17.6914,17.775,17.8587,17.9423,18.0259,18.1096,18.1932,18.2768,18.3603,18.4439,18.5274,18.6108,18.6942,18.7775,18.8607,18.9439,19.027,19.11,19.1929,19.2758,19.3585,19.4412,19.5238,19.6062,19.6886,19.7708
31.9947,30.2361,28.5512,26.9354,25.3893,23.9193,22.538,21.2633,20.1142,19.1048,18.2398,17.5133,16.9116,16.4175,16.0135,15.6841,15.4159,15.198,15.0217,14.8799,14.7669,14.6782,14.61,14.5593,14.5238,14.5012,14.4899,14.4885,14.4958,14.5107,14.5323,14.5599,14.5929,14.6306,14.6727,14.7185,14.7678,14.8203,14.8756,14.9334,14.9936,15.0559,15.1201,15.1861,15.2537,15.3227,15.3931,15.4647,15.5375,15.6112,15.6859,15.7615,15.8378,15.9149,15.9926,16.071,16.1499,16.2293,16.3091,16.3894,16.4701,16.5511,16.6325,16.7141,16.796,16.8781,16.9604,17.0429,17.1256,17.2084,17.2913,17.3744,17.4575,17.5408,17.6241,17.7074,17.7908,17.8742,17.9577,18.0411,18.1245,18.208,18.2914,18.3748,18.4581,18.5414,18.6247,18.7079,18.7911,18.8742,18.9572,19.0401,19.123,19.2058,19.2885,19.3711,19.4536,19.5361,19.6184,19.7006,19.7828
32.1062,30.3521,28.6727,27.0631,25.5237,24.0603,22.6846,21.4133,20.2646,19.2522,18.3812,17.6467,17.0362,16.5331,16.1206,15.7832,15.5079,15.2837,15.1017,14.9548,14.8373,14.7445,14.6727,14.6188,14.5802,14.555,14.5413,14.5376,14.5428,14.5558,14.5757,14.6017,14.6332,14.6696,14.7103,14.7549,14.8031,14.8545,14.9088,14.9657,15.025,15.0864,15.1498,15.215,15.2819,15.3503,15.42,15.491,15.5631,15.6363,15.7105,15.7855,15.8614,15.938,16.0153,16.0932,16.1717,16.2507,16.3301,16.41,16.4904,16.571,16.652,16.7333,16.8149,16.8967,16.9787,17.0609,17.1433,17.2259,17.3086,17.3914,17.4743,17.5573,17.6403,17.7235,17.8066,17.8898,17.9731,18.0563,18.1396,18.2228,18.306,18.3892,18.4724,18.5556,18.6387,18.7217,18.8047,18.8877,18.9705,19.0533,19.1361,19.2187,19.3013,19.3838,19.4662,19.5485,19.6307,19.7128,19.7948
32.217,30.4673,28.793,27.1896,25.6566,24.1995,22.8293,21.5615,20.4133,19.3982,18.5217,17.7797,17.1605,16.6487,16.2278,15.8827,15.6003,15.3697,15.182,15.0301,14.908,14.8112,14.7357,14.6785,14.637,14.6091,14.5929,14.587,14.5901,14.6012,14.6194,14.6438,14.6737,14.7087,14.7481,14.7915,14.8386,14.8889,14.9421,14.9981,15.0565,15.1171,15.1797,15.2441,15.3103,15.378,15.447,15.5174,15.589,15.6616,15.7352,15.8097,15.8851,15.9612,16.038,16.1155,16.1935,16.2721,16.3512,16.4308,16.5107,16.591,16.6717,16.7526,16.8339,16.9154,16.9971,17.0791,17.1612,17.2435,17.3259,17.4085,17.4911,17.5739,17.6567,17.7396,17.8226,17.9056,17.9886,18.0716,18.1547,18.2377,18.3208,18.4038,18.4868,18.5698,18.6527,18.7356,18.8184,18.9012,18.9839,19.0666,19.1492,19.2317,19.3141,19.3964,19.4787,19.5609,19.643,19.7249,19.8068
32.327,30.5815,28.9124,27.3147,25.788,24.3371,22.9722,21.7079,20.5604,19.543,18.6612,17.912,17.2846,16.7643,16.3351,15.9823,15.6929,15.456,15.2627,15.1057,14.9791,14.8782,14.7991,14.7386,14.6941,14.6634,14.6448,14.6366,14.6377,14.6469,14.6633,14.686,14.7145,14.748,14.7861,14.8283,14.8742,14.9234,14.9757,15.0307,15.0881,15.1479,15.2097,15.2734,15.3388,15.4058,15.4742,15.544,15.6149,15.687,15.76,15.834,15.9089,15.9845,16.0609,16.1379,16.2155,16.2937,16.3724,16.4516,16.5311,16.6111,16.6914,16.7721,16.853,16.9342,17.0156,17.0973,17.1791,17.2611,17.3433,17.4256,17.508,17.5905,17.6731,17.7558,17.8385,17.9213,18.0041,18.087,18.1698,18.2527,18.3355,18.4184,18.5012,18.584,18.6668,18.7495,18.8322,18.9148,18.9974,19.0799,19.1623,19.2447,19.327,19.4092,19.4913,19.5734,19.6553,19.7372,19.8189
32.4365,30.695,29.0308,27.4387,25.918,24.4731,23.1133,21.8524,20.7059,19.6864,18.7998,18.0438,17.4085,16.8798,16.4426,16.0822,15.7859,15.5427,15.3437,15.1816,15.0505,14.9455,14.8628,14.7989,14.7515,14.7181,14.6969,14.6865,14.6855,14.6928,14.7074,14.7285,14.7554,14.7875,14.8243,14.8653,14.91,14.9581,15.0094,15.0634,15.12,15.1789,15.2399,15.3028,15.3675,15.4338,15.5015,15.5706,15.641,15.7124,15.785,15.8584,15.9328,16.008,16.0839,16.1604,16.2376,16.3154,16.3937,16.4725,16.5517,16.6313,16.7113,16.7916,16.8722,16.9531,17.0342,17.1156,17.1971,17.2789,17.3608,17.4428,17.525,17.6073,17.6896,17.7721,17.8546,17.9372,18.0198,18.1024,18.1851,18.2677,18.3504,18.4331,18.5157,18.5983,18.6809,18.7635,18.846,18.9285,19.0109,19.0932,19.1755,19.2578,19.3399,19.422,19.504,19.5859,19.6677,19.7494,19.8311
32.5452,30.8077,29.1482,27.5615,26.0466,24.6075,23.2527,21.9953,20.8498,19.8285,18.9375,18.175,17.532,16.9953,16.5502,16.1823,15.8791,15.6297,15.4251,15.2579,15.1223,15.0132,14.9267,14.8596,14.8091,14.773,14.7494,14.7367,14.7336,14.7389,14.7517,14.7712,14.7966,14.8273,14.8627,14.9024,14.946,14.993,15.0433,15.0963,15.152,15.21,15.2702,15.3323,15.3963,15.4618,15.5289,15.5974,15.6672,15.7381,15.81,15.883,15.9568,16.0315,16.1069,16.1831,16.2598,16.3372,16.4151,16.4935,16.5723,16.6516,16.7312,16.8112,16.8915,16.972,17.0529,17.1339,17.2152,17.2967,17.3783,17.4601,17.542,17.6241,17.7062,17.7884,17.8707,17.9531,18.0355,18.1179,18.2004,18.2828,18.3653,18.4478,18.5303,18.6127,18.6951,18.7775,18.8599,18.9422,19.0244,19.1067,19.1888,19.2709,19.3529,19.4348,19.5167,19.5985,19.6801,19.7618,19.8433
32.6534,30.9196,29.2646,27.6831,26.1739,24.7403,23.3905,22.1365,20.9921,19.9693,19.0742,18.3055,17.6552,17.1107,16.6578,16.2826,15.9726,15.7169,15.5067,15.3345,15.1943,15.0812,14.991,14.9206,14.8671,14.8282,14.8021,14.7871,14.7819,14.7853,14.7963,14.8141,14.8379,14.8672,14.9013,14.9398,14.9822,15.0281,15.0773,15.1294,15.1841,15.2413,15.3006,15.362,15.4252,15.4901,15.5565,15.6243,15.6935,15.7638,15.8352,15.9076,15.981,16.0551,16.1301,16.2058,16.2821,16.3591,16.4366,16.5146,16.593,16.6719,16.7512,16.8309,16.9108,16.9911,17.0716,17.1524,17.2334,17.3146,17.396,17.4775,17.5592,17.6409,17.7228,17.8048,17.8869,17.969,18.0512,18.1334,18.2157,18.298,18.3803,18.4626,18.5449,18.6271,18.7094,18.7916,18.8738,18.956,19.0381,19.1201,19.2021,19.284,19.3659,19.4477,19.5294,19.6111,19.6926,19.7741,19.8555
32.7609,31.0308,29.3802,27.8037,26.2999,24.8717,23.5267,22.276,21.1329,20.1087,19.2098,18.4354,17.778,17.2259,16.7655,16.383,16.0663,15.8045,15.5887,15.4114,15.2667,15.1495,15.0556,14.9818,14.9253,14.8837,14.855,14.8377,14.8304,14.8318,14.8411,14.8572,14.8795,14.9073,14.9401,14.9773,15.0185,15.0634,15.1115,15.1626,15.2164,15.2727,15.3312,15.3918,15.4543,15.5184,15.5842,15.6514,15.7199,15.7896,15.8605,15.9324,16.0052,16.0789,16.1534,16.2286,16.3045,16.381,16.4581,16.5357,16.6138,16.6924,16.7713,16.8506,16.9303,17.0102,17.0904,17.1709,17.2516,17.3326,17.4137,17.4949,17.5763,17.6579,17.7396,17.8213,17.9032,17.9851,18.067,18.1491,18.2311,18.3132,18.3953,18.4774,18.5595,18.6416,18.7237,18.8058,18.8878,18.9698,19.0517,19.1336,19.2155,19.2973,19.379,19.4607,19.5422,19.6238,19.7052,19.7865,19.8678
32.8678,31.1412,29.4948,27.9232,26.4246,25.0017,23.6613,22.414,21.2722,20.2469,19.3445,18.5646,17.9004,17.341,16.8731,16.4836,16.1601,15.8922,15.6709,15.4886,15.3394,15.218,15.1205,15.0434,14.9838,14.9394,14.9082,14.8886,14.8792,14.8786,14.8861,14.9005,14.9213,14.9476,14.9791,15.015,15.055,15.0988,15.1459,15.196,15.2489,15.3043,15.362,15.4217,15.4835,15.5469,15.612,15.6785,15.7465,15.8156,15.8859,15.9572,16.0295,16.1027,16.1768,16.2515,16.327,16.4031,16.4798,16.557,16.6347,16.7129,16.7915,16.8705,16.9498,17.0294,17.1093,17.1895,17.27,17.3506,17.4314,17.5124,17.5936,17.6749,17.7563,17.8379,17.9195,18.0012,18.0829,18.1648,18.2466,18.3285,18.4104,18.4923,18.5743,18.6562,18.7381,18.82,18.9018,18.9837,19.0655,19.1472,19.2289,19.3106,19.3921,19.4737,19.5551,19.6365,19.7178,19.799,19.8802
32.9742,31.2509,29.6086,28.0417,26.5482,25.1303,23.7944,22.5504,21.41,20.3838,19.4782,18.693,18.0224,17.4559,16.9808,16.5842,16.2542,15.9802,15.7533,15.5661,15.4123,15.2869,15.1857,15.1052,15.0426,14.9954,14.9617,14.9398,14.9282,14.9257,14.9313,14.9441,14.9632,14.9882,15.0182,15.0529,15.0917,15.1343,15.1804,15.2295,15.2815,15.336,15.3928,15.4518,15.5128,15.5755,15.6399,15.7058,15.7731,15.8417,15.9114,15.9822,16.054,16.1267,16.2003,16.2746,16.3496,16.4253,16.5015,16.5784,16.6557,16.7335,16.8118,16.8904,16.9694,17.0487,17.1283,17.2082,17.2884,17.3687,17.4493,17.53,17.6109,17.692,17.7732,17.8545,17.9359,18.0173,18.0989,18.1805,18.2622,18.3438,18.4256,18.5073,18.589,18.6708,18.7525,18.8342,18.9159,18.9976,19.0792,19.1608,19.2424,19.3239,19.4053,19.4867,19.568,19.6493,19.7304,19.8115,19.8925
33.0799,31.3599,29.7216,28.1591,26.6705,25.2575,23.926,22.6853,21.5464,20.5195,19.6108,18.8208,18.144,17.5706,17.0884,16.6849,16.3484,16.0684,15.8361,15.6438,15.4855,15.356,15.2511,15.1673,15.1016,15.0516,15.0154,14.9911,14.9774,14.9729,14.9767,14.9878,15.0054,15.0289,15.0575,15.0909,15.1286,15.1701,15.2151,15.2632,15.3142,15.3678,15.4239,15.4821,15.5423,15.6043,15.668,15.7332,15.7999,15.8679,15.937,16.0073,16.0786,16.1508,16.2238,16.2977,16.3723,16.4475,16.5234,16.5998,16.6768,16.7542,16.8321,16.9104,16.9891,17.0681,17.1474,17.227,17.3068,17.3869,17.4672,17.5477,17.6283,17.7092,17.7901,17.8712,17.9523,18.0336,18.1149,18.1963,18.2778,18.3593,18.4408,18.5223,18.6039,18.6855,18.767,18.8486,18.9301,19.0116,19.0931,19.1745,19.2559,19.3373,19.4186,19.4998,19.581,19.6621,19.7431,19.8241,19.905
33.1851,31.4682,29.8337,28.2756,26.7917,25.3835,24.0563,22.8187,21.6814,20.6539,19.7424,18.9478,18.2651,17.685,17.1959,16.7857,16.4428,16.1568,15.919,15.7218,15.559,15.4255,15.3168,15.2296,15.1609,15.1081,15.0693,15.0427,15.0268,15.0204,15.0223,15.0317,15.0478,15.0697,15.0971,15.1292,15.1656,15.206,15.2499,15.297,15.3471,15.3998,15.455,15.5124,15.5719,15.6332,15.6962,15.7608,15.8268,15.8942,15.9628,16.0325,16.1032,16.1749,16.2475,16.3209,16.3951,16.4699,16.5453,16.6214,16.698,16.775,16.8526,16.9305,17.0089,17.0875,17.1665,17.2458,17.3254,17.4052,17.4852,17.5654,17.6458,17.7264,17.8071,17.8879,17.9688,18.0499,18.131,18.2122,18.2934,18.3747,18.4561,18.5374,18.6188,18.7002,18.7816,18.8629,18.9443,19.0257,19.107,19.1883,19.2695,19.3507,19.4318,19.5129,19.594,19.675,19.7559,19.8367,19.9175
33.2898,31.5759,29.945,28.3912,26.9118,25.5082,24.1851,22.9508,21.815,20.787,19.8731,19.0741,18.3856,17.7991,17.3033,16.8865,16.5372,16.2454,16.0022,15.8001,15.6328,15.4951,15.3828,15.2922,15.2204,15.1649,15.1235,15.0946,15.0765,15.0681,15.0682,15.0759,15.0903,15.1108,15.1368,15.1676,15.2028,15.242,15.2849,15.331,15.3801,15.432,15.4863,15.5429,15.6016,15.6622,15.7245,15.7884,15.8538,15.9206,15.9886,16.0578,16.128,16.1992,16.2713,16.3442,16.4179,16.4923,16.5674,16.643,16.7192,16.7959,16.8731,16.9507,17.0287,17.1071,17.1857,17.2647,17.344,17.4235,17.5033,17.5832,17.6634,17.7437,17.8241,17.9047,17.9854,18.0662,18.1471,18.2281,18.3092,18.3903,18.4714,18.5526,18.6337,18.715,18.7962,18.8774,18.9586,19.0398,19.1209,19.202,19.2831,19.3642,19.4452,19.5261,19.607,19.6879,19.7686,19.8494,19.93
33.3939,31.6829,30.0556,28.5058,27.0308,25.6316,24.3126,23.0814,21.9472,20.919,20.0027,19.1996,18.5057,17.9129,17.4106,16.9872,16.6318,16.3342,16.0856,15.8785,15.7067,15.565,15.449,15.3551,15.2802,15.2218,15.1779,15.1466,15.1264,15.116,15.1142,15.1202,15.133,15.1521,15.1766,15.2061,15.2402,15.2783,15.32,15.3652,15.4133,15.4643,15.5177,15.5735,15.6314,15.6913,15.7529,15.8162,15.881,15.9471,16.0146,16.0832,16.1529,16.2236,16.2952,16.3677,16.4409,16.5149,16.5895,16.6648,16.7406,16.8169,16.8937,16.971,17.0486,17.1267,17.205,17.2837,17.3627,17.4419,17.5214,17.6011,17.681,17.761,17.8412,17.9216,18.0021,18.0827,18.1633,18.2441,18.3249,18.4058,18.4868,18.5678,18.6488,18.7298,18.8108,18.8919,18.9729,19.0539,19.1349,19.2159,19.2968,19.3777,19.4586,19.5394,19.6201,19.7008,19.7815,19.8621,19.9426
33.4974,31.7893,30.1654,28.6195,27.1488,25.7539,24.4389,23.2107,22.0781,21.0497,20.1313,19.3243,18.6252,18.0264,17.5177,17.088,16.7264,16.423,16.1691,15.9572,15.7809,15.6352,15.5154,15.4181,15.3402,15.279,15.2325,15.1989,15.1765,15.1641,15.1605,15.1647,15.176,15.1935,15.2167,15.2449,15.2777,15.3146,15.3553,15.3994,15.4466,15.4967,15.5493,15.6043,15.6614,15.7205,15.7815,15.8441,15.9082,15.9738,16.0406,16.1087,16.1779,16.2481,16.3192,16.3912,16.464,16.5375,16.6117,16.6866,16.762,16.838,16.9144,16.9913,17.0686,17.1464,17.2244,17.3028,17.3815,17.4604,17.5396,17.619,17.6987,17.7785,17.8584,17.9385,18.0188,18.0992,18.1796,18.2602,18.3408,18.4215,18.5022,18.583,18.6638,18.7447,18.8255,18.9064,18.9873,19.0681,19.1489,19.2298,19.3105,19.3913,19.472,19.5527,19.6333,19.7139,19.7944,19.8748,19.9552
33.6005,31.8951,30.2744,28.7323,27.2658,25.8751,24.5638,23.3386,22.2077,21.1793,20.2589,19.4483,18.7442,18.1396,17.6247,17.1887,16.8211,16.512,16.2528,16.036,15.8554,15.7055,15.5821,15.4814,15.4004,15.3365,15.2874,15.2514,15.2268,15.2123,15.2069,15.2094,15.2191,15.2351,15.2569,15.2838,15.3154,15.3512,15.3908,15.4339,15.4801,15.5292,15.581,15.6352,15.6915,15.7499,15.8101,15.8721,15.9356,16.0005,16.0668,16.1343,16.2029,16.2726,16.3433,16.4148,16.4871,16.5602,16.634,16.7085,16.7835,16.8591,16.9352,17.0117,17.0887,17.1661,17.2439,17.3219,17.4003,17.479,17.5579,17.6371,17.7164,17.796,17.8757,17.9556,18.0356,18.1157,18.196,18.2763,18.3567,18.4372,18.5177,18.5983,18.679,18.7596,18.8403,18.921,19.0017,19.0824,19.163,19.2437,19.3243,19.4049,19.4855,19.566,19.6465,19.7269,19.8073,19.8876,19.9678
33.7031,32.0002,30.3827,28.8443,27.3818,25.9951,24.6876,23.4653,22.3361,21.3076,20.3855,19.5714,18.8626,18.2524,17.7314,17.2894,16.9159,16.6012,16.3367,16.1151,15.93,15.7761,15.649,15.545,15.4609,15.3941,15.3425,15.304,15.2773,15.2608,15.2535,15.2543,15.2623,15.2769,15.2972,15.3229,15.3532,15.3878,15.4264,15.4684,15.5137,15.5619,15.6128,15.6662,15.7217,15.7794,15.8389,15.9002,15.9631,16.0274,16.0931,16.16,16.2281,16.2973,16.3674,16.4385,16.5104,16.583,16.6564,16.7305,16.8051,16.8803,16.956,17.0322,17.1089,17.186,17.2634,17.3412,17.4192,17.4976,17.5763,17.6551,17.7342,17.8135,17.893,17.9726,18.0524,18.1323,18.2123,18.2925,18.3727,18.453,18.5333,18.6137,18.6942,18.7746,18.8551,18.9356,19.0162,19.0967,19.1772,19.2577,19.3382,19.4186,19.499,19.5794,19.6597,19.74,19.8203,19.9004,19.9806
33.8052,32.1048,30.4904,28.9555,27.4968,26.114,24.8101,23.5907,22.4632,21.4349,20.5111,19.6938,18.9804,18.3648,17.838,17.39,17.0106,16.6904,16.4207,16.1943,16.0048,15.8469,15.7161,15.6087,15.5216,15.452,15.3977,15.3569,15.328,15.3095,15.3003,15.2994,15.3058,15.3188,15.3378,15.3621,15.3912,15.4247,15.4621,15.5032,15.5475,15.5948,15.6448,15.6973,15.7521,15.809,15.8678,15.9284,15.9906,16.0544,16.1195,16.1859,16.2534,16.3221,16.3917,16.4623,16.5337,16.6059,16.6789,16.7525,16.8268,16.9016,16.977,17.0528,17.1291,17.2059,17.283,17.3604,17.4382,17.5163,17.5947,17.6733,17.7521,17.8312,17.9104,17.9898,18.0693,18.149,18.2288,18.3087,18.3887,18.4688,18.5489,18.6291,18.7094,18.7897,18.87,18.9503,19.0307,19.111,19.1914,19.2717,19.352,19.4323,19.5126,19.5928,19.673,19.7532,19.8333,19.9133,19.9933
33.9068,32.2088,30.5973,29.0659,27.6109,26.2319,24.9315,23.715,22.5891,21.561,20.6358,19.8154,19.0977,18.4768,17.9443,17.4905,17.1054,16.7796,16.5049,16.2737,16.0798,15.9179,15.7834,15.6727,15.5824,15.51,15.4532,15.41,15.3789,15.3584,15.3473,15.3446,15.3494,15.3609,15.3785,15.4015,15.4293,15.4617,15.498,15.538,15.5813,15.6277,15.6769,15.7285,15.7826,15.8387,15.8968,15.9568,16.0183,16.0814,16.146,16.2118,16.2788,16.3469,16.4161,16.4862,16.5571,16.6289,16.7015,16.7747,16.8485,16.923,16.998,17.0735,17.1495,17.2259,17.3026,17.3798,17.4573,17.5351,17.6132,17.6915,17.7701,17.8488,17.9278,18.007,18.0863,18.1657,18.2453,18.325,18.4048,18.4847,18.5646,18.6446,18.7247,18.8048,18.8849,18.9651,19.0453,19.1255,19.2056,19.2858,19.366,19.4461,19.5262,19.6063,19.6864,19.7664,19.8463,19.9263,20.0061
34.0079,32.3122,30.7036,29.1754,27.724,26.3487,25.0518,23.838,22.7138,21.686,20.7594,19.9362,19.2143,18.5884,18.0504,17.5908,17.2001,16.869,16.5891,16.3532,16.155,15.9891,15.851,15.7368,15.6435,15.5683,15.5089,15.4633,15.43,15.4074,15.3945,15.39,15.3932,15.4032,15.4193,15.441,15.4676,15.4988,15.534,15.573,15.6153,15.6608,15.7091,15.7599,15.8132,15.8686,15.926,15.9852,16.0461,16.1086,16.1725,16.2378,16.3043,16.3719,16.4405,16.5102,16.5807,16.652,16.7241,16.7969,16.8704,16.9445,17.0191,17.0942,17.1699,17.2459,17.3224,17.3992,17.4764,17.5539,17.6317,17.7098,17.7881,17.8666,17.9453,18.0242,18.1033,18.1825,18.2619,18.3414,18.4209,18.5006,18.5804,18.6602,18.74,18.82,18.8999,18.9799,19.0599,19.1399,19.2199,19.3,19.38,19.46,19.5399,19.6199,19.6998,19.7796,19.8595,19.9392,20.019
34.1085,32.4151,30.8092,29.2842,27.8363,26.4646,25.171,23.9599,22.8374,21.8099,20.8821,20.0562,19.3304,18.6996,18.1562,17.6911,17.2948,16.9584,16.6735,16.4329,16.2303,16.0604,15.9187,15.8012,15.7048,15.6268,15.5647,15.5168,15.4813,15.4567,15.4418,15.4356,15.4372,15.4457,15.4604,15.4807,15.5061,15.5361,15.5702,15.6081,15.6495,15.694,15.7414,15.7914,15.8439,15.8985,15.9552,16.0138,16.074,16.1359,16.1992,16.2639,16.3299,16.3969,16.4651,16.5342,16.6043,16.6752,16.7468,16.8192,16.8923,16.966,17.0403,17.1151,17.1903,17.2661,17.3422,17.4187,17.4956,17.5728,17.6503,17.7281,17.8062,17.8844,17.9629,18.0416,18.1204,18.1994,18.2785,18.3578,18.4371,18.5166,18.5961,18.6758,18.7554,18.8352,18.915,18.9948,19.0746,19.1544,19.2343,19.3141,19.394,19.4738,19.5536,19.6334,19.7132,19.7929,19.8726,19.9523,20.0318
34.2087,32.5174,30.9142,29.3923,27.9478,26.5795,25.2891,24.0806,22.9598,21.9327,21.0038,20.1754,19.4458,18.8103,18.2617,17.7912,17.3895,17.0478,16.7579,16.5127,16.3058,16.132,15.9866,15.8657,15.7663,15.6854,15.6208,15.5705,15.5327,15.5061,15.4894,15.4814,15.4813,15.4883,15.5015,15.5205,15.5447,15.5735,15.6065,15.6434,15.6838,15.7274,15.7739,15.823,15.8747,15.9286,15.9846,16.0424,16.102,16.1633,16.226,16.2901,16.3555,16.4221,16.4897,16.5584,16.628,16.6984,16.7697,16.8417,16.9143,16.9876,17.0615,17.1359,17.2109,17.2863,17.3621,17.4383,17.5149,17.5918,17.669,17.7465,17.8243,17.9023,17.9805,18.059,18.1376,18.2163,18.2952,18.3742,18.4534,18.5327,18.612,18.6914,18.7709,18.8504,18.93,19.0097,19.0893,19.169,19.2487,19.3284,19.4081,19.4878,19.5674,19.6471,19.7267,19.8063,19.8858,19.9653,20.0448
34.3085,32.6192,31.0186,29.4996,28.0584,26.6934,25.4061,24.2003,23.0812,22.0544,21.1246,20.2938,19.5606,18.9206,18.367,17.8911,17.4841,17.1372,16.8425,16.5926,16.3815,16.2037,16.0546,15.9305,15.8279,15.7443,15.677,15.6243,15.5844,15.5557,15.537,15.5273,15.5256,15.531,15.5429,15.5605,15.5834,15.611,15.6429,15.6788,15.7182,15.7608,15.8064,15.8548,15.9056,15.9588,16.014,16.0712,16.1302,16.1908,16.2529,16.3165,16.3813,16.4473,16.5145,16.5826,16.6518,16.7218,16.7926,16.8641,16.9364,17.0093,17.0828,17.1569,17.2315,17.3066,17.3821,17.458,17.5342,17.6109,17.6878,17.765,17.8425,17.9203,17.9982,18.0764,18.1548,18.2333,18.312,18.3908,18.4697,18.5488,18.6279,18.7071,18.7864,18.8658,18.9452,19.0246,19.1041,19.1836,19.2631,19.3427,19.4222,19.5017,19.5812,19.6607,19.7402,19.8196,19.8991,19.9784,20.0578
34.4078,32.7205,31.1223,29.6063,28.1681,26.8064,25.5222,24.3189,23.2014,22.1752,21.2445,20.4114,19.6748,19.0305,18.4719,17.9908,17.5786,17.2266,16.927,16.6726,16.4573,16.2755,16.1229,15.9954,15.8898,15.8033,15.7335,15.6784,15.6362,15.6055,15.5849,15.5734,15.5701,15.5739,15.5844,15.6007,15.6223,15.6487,15.6795,15.7143,15.7527,15.7944,15.8391,15.8866,15.9367,15.9891,16.0436,16.1001,16.1584,16.2184,16.2799,16.3429,16.4072,16.4727,16.5393,16.607,16.6756,16.7452,16.8156,16.8867,16.9586,17.0311,17.1042,17.178,17.2522,17.3269,17.4021,17.4777,17.5536,17.63,17.7066,17.7836,17.8608,17.9383,18.016,18.0939,18.172,18.2503,18.3288,18.4074,18.4861,18.5649,18.6439,18.7229,18.802,18.8811,18.9604,19.0396,19.1189,19.1983,19.2776,19.357,19.4364,19.5157,19.5951,19.6745,19.7538,19.8331,19.9123,19.9916,20.0708
34.5068,32.8213,31.2255,29.7122,28.2771,26.9185,25.6372,24.4364,23.3206,22.2949,21.3634,20.5282,19.7883,19.1399,18.5765,18.0904,17.673,17.3161,17.0117,16.7527,16.5331,16.3475,16.1912,16.0604,15.9518,15.8625,15.7901,15.7326,15.6882,15.6554,15.6329,15.6197,15.6147,15.617,15.626,15.6409,15.6613,15.6865,15.7162,15.7499,15.7874,15.8281,15.872,15.9186,15.9679,16.0195,16.0733,16.1291,16.1867,16.2461,16.307,16.3694,16.4331,16.4981,16.5642,16.6314,16.6996,16.7687,16.8386,16.9094,16.9808,17.053,17.1257,17.1991,17.273,17.3473,17.4222,17.4975,17.5731,17.6491,17.7255,17.8022,17.8791,17.9564,18.0338,18.1115,18.1894,18.2674,18.3456,18.424,18.5025,18.5811,18.6599,18.7387,18.8176,18.8966,18.9756,19.0547,19.1338,19.213,19.2922,19.3714,19.4506,19.5298,19.609,19.6882,19.7674,19.8466,19.9257,20.0048,20.0838
34.6052,32.9216,31.328,29.8174,28.3853,27.0297,25.7513,24.5529,23.4387,22.4136,21.4814,20.6442,19.9012,19.2488,18.6808,18.1897,17.7673,17.4055,17.0963,16.8329,16.6092,16.4196,16.2598,16.1257,16.014,15.9218,15.8468,15.7869,15.7403,15.7055,15.6811,15.6661,15.6594,15.6602,15.6678,15.6814,15.7004,15.7245,15.7531,15.7857,15.8221,15.862,15.9049,15.9507,15.9991,16.05,16.103,16.1581,16.2151,16.2739,16.3342,16.396,16.4592,16.5236,16.5892,16.6559,16.7236,16.7923,16.8618,16.9321,17.0032,17.0749,17.1473,17.2203,17.2938,17.3678,17.4424,17.5173,17.5927,17.6684,17.7445,17.8209,17.8975,17.9745,18.0517,18.1291,18.2068,18.2846,18.3626,18.4407,18.519,18.5974,18.6759,18.7546,18.8333,18.9121,18.9909,19.0698,19.1488,19.2278,19.3068,19.3858,19.4649,19.5439,19.623,19.702,19.7811,19.8601,19.9391,20.018,20.0969
34.7033,33.0214,31.43,29.922,28.4927,27.1401,25.8645,24.6684,23.5559,22.5313,21.5985,20.7595,20.0135,19.3572,18.7847,18.2888,17.8616,17.4948,17.181,16.9132,16.6853,16.4919,16.3285,16.191,16.0763,15.9813,15.9038,15.8414,15.7926,15.7557,15.7295,15.7127,15.7043,15.7036,15.7097,15.7219,15.7397,15.7626,15.79,15.8216,15.857,15.8959,15.938,15.9829,16.0305,16.0806,16.1329,16.1873,16.2437,16.3017,16.3615,16.4227,16.4853,16.5492,16.6143,16.6805,16.7477,16.8159,16.885,16.9549,17.0256,17.0969,17.1689,17.2415,17.3147,17.3884,17.4626,17.5372,17.6123,17.6877,17.7635,17.8396,17.916,17.9927,18.0696,18.1468,18.2242,18.3018,18.3795,18.4575,18.5355,18.6137,18.6921,18.7705,18.849,18.9276,19.0063,19.085,19.1638,19.2426,19.3214,19.4003,19.4792,19.5581,19.637,19.7159,19.7948,19.8736,19.9525,20.0313,20.1101
34.801,33.1207,31.5315,30.026,28.5994,27.2496,25.9768,24.783,23.672,22.6481,21.7148,20.874,20.1252,19.4651,18.8883,18.3877,17.9556,17.5841,17.2657,16.9935,16.7615,16.5643,16.3973,16.2566,16.1388,16.041,15.9608,15.8961,15.8451,15.8061,15.778,15.7594,15.7494,15.7471,15.7517,15.7626,15.7792,15.8008,15.8271,15.8577,15.8921,15.93,15.9711,16.0152,16.062,16.1113,16.1629,16.2166,16.2723,16.3297,16.3888,16.4495,16.5115,16.5749,16.6395,16.7052,16.772,16.8397,16.9083,16.9778,17.048,17.119,17.1906,17.2629,17.3357,17.4091,17.4829,17.5572,17.632,17.7071,17.7826,17.8584,17.9345,18.011,18.0876,18.1646,18.2417,18.3191,18.3966,18.4743,18.5521,18.6301,18.7082,18.7864,18.8648,18.9432,19.0216,19.1002,19.1788,19.2574,19.3361,19.4148,19.4935,19.5723,19.651,19.7298,19.8085,19.8872,19.9659,20.0446,20.1233
34.8983,33.2196,31.6324,30.1293,28.7054,27.3584,26.0881,24.8966,23.7872,22.7639,21.8301,20.9877,20.2362,19.5725,18.9915,18.4864,18.0496,17.6734,17.3504,17.0739,16.8378,16.6367,16.4662,16.3222,16.2014,16.1009,16.0181,15.951,15.8977,15.8567,15.8266,15.8063,15.7946,15.7907,15.7939,15.8035,15.8187,15.8392,15.8643,15.8938,15.9272,15.9642,16.0044,16.0477,16.0936,16.1422,16.193,16.246,16.301,16.3578,16.4163,16.4763,16.5378,16.6007,16.6647,16.73,16.7962,16.8635,16.9317,17.0008,17.0706,17.1412,17.2124,17.2843,17.3568,17.4298,17.5033,17.5773,17.6517,17.7265,17.8017,17.8773,17.9531,18.0293,18.1057,18.1824,18.2593,18.3364,18.4137,18.4911,18.5688,18.6466,18.7245,18.8025,18.8806,18.9588,19.0371,19.1155,19.1939,19.2723,19.3508,19.4294,19.5079,19.5865,19.6651,19.7437,19.8223,19.9009,19.9794,20.058,20.1365
34.9952,33.318,31.7328,30.2319,28.8106,27.4663,26.1986,25.0093,23.9014,22.8788,21.9446,21.1006,20.3465,19.6794,19.0943,18.5848,18.1433,17.7625,17.4351,17.1543,16.9141,16.7093,16.5353,16.388,16.2642,16.1608,16.0755,16.006,15.9505,15.9074,15.8754,15.8533,15.8399,15.8345,15.8363,15.8444,15.8584,15.8777,15.9017,15.9301,15.9625,15.9985,16.0378,16.0802,16.1254,16.1731,16.2232,16.2755,16.3298,16.386,16.4439,16.5033,16.5642,16.6265,16.6901,16.7548,16.8206,16.8874,16.9552,17.0238,17.0932,17.1634,17.2343,17.3058,17.3779,17.4505,17.5237,17.5974,17.6715,17.746,17.8209,17.8962,17.9718,18.0477,18.1238,18.2002,18.2769,18.3538,18.4308,18.5081,18.5855,18.663,18.7407,18.8185,18.8965,18.9745,19.0526,19.1308,19.209,19.2873,19.3656,19.444,19.5224,19.6008,19.6793,19.7577,19.8361,19.9146,19.993,20.0714,20.1498
35.0917,33.416,31.8326,30.334,28.9152,27.5735,26.3083,25.1211,24.0147,22.9928,22.0582,21.2128,20.4563,19.7858,19.1968,18.6829,18.2369,17.8516,17.5197,17.2347,16.9905,16.782,16.6044,16.454,16.3271,16.221,16.133,16.0611,16.0034,15.9583,15.9244,15.9004,15.8854,15.8785,15.8787,15.8855,15.8982,15.9163,15.9392,15.9665,15.9978,16.0329,16.0713,16.1128,16.1572,16.2041,16.2535,16.3051,16.3587,16.4142,16.4715,16.5304,16.5907,16.6525,16.7155,16.7797,16.8451,16.9114,16.9787,17.0469,17.1159,17.1857,17.2562,17.3273,17.3991,17.4714,17.5442,17.6176,17.6914,17.7656,17.8402,17.9152,17.9905,18.0661,18.142,18.2182,18.2946,18.3712,18.448,18.525,18.6022,18.6796,18.7571,18.8347,18.9124,18.9902,19.0681,19.1461,19.2242,19.3023,19.3805,19.4587,19.5369,19.6152,19.6934,19.7717,19.85,19.9283,20.0066,20.0848,20.1631
35.1879,33.5135,31.9319,30.4355,29.0191,27.6799,26.4171,25.232,24.1272,23.1059,22.171,21.3243,20.5653,19.8917,19.2989,18.7807,18.3304,17.9406,17.6044,17.3151,17.067,16.8547,16.6737,16.52,16.3901,16.2812,16.1907,16.1164,16.0565,16.0093,15.9734,15.9477,15.931,15.9225,15.9213,15.9268,15.9382,15.955,15.9767,16.003,16.0333,16.0674,16.1049,16.1456,16.1891,16.2353,16.2839,16.3348,16.3877,16.4426,16.4992,16.5575,16.6173,16.6785,16.741,16.8048,16.8696,16.9355,17.0023,17.0701,17.1387,17.2081,17.2782,17.3489,17.4203,17.4923,17.5648,17.6378,17.7113,17.7852,17.8595,17.9342,18.0093,18.0846,18.1602,18.2361,18.3123,18.3887,18.4653,18.5421,18.619,18.6962,18.7734,18.8509,18.9284,19.006,19.0837,19.1615,19.2394,19.3173,19.3953,19.4734,19.5514,19.6295,19.7077,19.7858,19.8639,19.9421,20.0202,20.0983,20.1764
35.2837,33.6106,32.0308,30.5364,29.1224,27.7855,26.5251,25.342,24.2387,23.2181,22.283,21.435,20.6738,19.9971,19.4006,18.8783,18.4236,18.0295,17.689,17.3956,17.1435,16.9276,16.7431,16.5861,16.4533,16.3416,16.2485,16.1718,16.1097,16.0604,16.0227,15.9951,15.9768,15.9667,15.9641,15.9681,15.9782,15.9938,16.0144,16.0396,16.0689,16.1021,16.1386,16.1784,16.2211,16.2665,16.3144,16.3646,16.4168,16.4711,16.5271,16.5848,16.644,16.7047,16.7666,16.8299,16.8942,16.9596,17.026,17.0934,17.1616,17.2305,17.3002,17.3706,17.4417,17.5133,17.5855,17.6582,17.7313,17.8049,17.8789,17.9533,18.0281,18.1032,18.1785,18.2542,18.3301,18.4062,18.4826,18.5592,18.6359,18.7128,18.7899,18.8671,18.9444,19.0218,19.0994,19.177,19.2547,19.3324,19.4103,19.4881,19.566,19.644,19.7219,19.7999,19.8779,19.9559,20.0339,20.1119,20.1898
