CH4 Density [kg/m3] CoolProp
171.454,87.2066,76.4638,69.8257,64.9937,61.1954,58.0709,55.4217,53.1262,51.1043,49.3003,47.674,46.1952,44.841,43.5933,42.4376,41.3622,40.3576,39.4156,38.5297,37.694,36.9038,36.1547,35.4431,34.7658,34.1201,33.5033,32.9134,32.3482,31.8062,31.2856,30.7851,30.3034,29.8392,29.3916,28.9595,28.542,28.1383,27.7477,27.3694,27.0029,26.6474,26.3025,25.9677,25.6424,25.3262,25.0187,24.7196,24.4283,24.1447,23.8683,23.5989,23.3362,23.0799,22.8298,22.5856,22.3471,22.114,21.8863,21.6636,21.4459,21.2328,21.0244,20.8203,20.6205,20.4249,20.2332,20.0453,19.8612,19.6807,19.5037,19.3301,19.1598,18.9927,18.8287,18.6677,18.5096,18.3543,18.2018,18.0519,17.9047,17.76,17.6178,17.4779,17.3404,17.2052,17.0721,16.9413,16.8125,16.6858,16.5611,16.4383,16.3174,16.1984,16.0812,15.9658,15.8521,15.74,15.6296,15.5209,15.4137
214.386,92.7712,79.9333,72.503,67.2325,63.1485,59.8198,57.0158,54.598,52.4764,50.5892,48.8921,47.3522,45.9445,44.6495,43.4515,42.3382,41.2991,40.3258,39.4112,38.549,37.7343,36.9625,36.2297,35.5327,34.8683,34.2341,33.6278,33.0471,32.4904,31.9559,31.4421,30.9478,30.4716,30.0125,29.5694,29.1414,28.7277,28.3274,27.9398,27.5643,27.2003,26.8471,26.5043,26.1713,25.8477,25.533,25.2268,24.9288,24.6386,24.3559,24.0804,23.8117,23.5496,23.2938,23.0441,22.8003,22.5621,22.3293,22.1017,21.8791,21.6614,21.4484,21.2399,21.0357,20.8358,20.64,20.4481,20.26,20.0756,19.8948,19.7175,19.5436,19.3729,19.2054,19.041,18.8795,18.721,18.5652,18.4122,18.2619,18.1142,17.969,17.8262,17.6858,17.5478,17.412,17.2784,17.1469,17.0176,16.8903,16.765,16.6416,16.5202,16.4005,16.2827,16.1667,16.0524,15.9397,15.8287,15.7193
223.203,99.4083,83.6866,75.3185,69.5552,65.1585,61.6102,58.6417,56.0948,53.8687,51.8948,50.1242,48.5211,47.0582,45.7145,44.4733,43.321,42.2468,41.2414,40.2974,39.4084,38.5687,37.7738,37.0195,36.3024,35.6193,34.9674,34.3444,33.748,33.1764,32.6278,32.1007,31.5936,31.1053,30.6346,30.1804,29.7419,29.318,28.9079,28.511,28.1266,27.7539,27.3924,27.0415,26.7007,26.3696,26.0477,25.7345,25.4297,25.133,24.8439,24.5622,24.2875,24.0195,23.7581,23.5029,23.2537,23.0103,22.7724,22.5399,22.3125,22.0901,21.8725,21.6595,21.451,21.2468,21.0468,20.8508,20.6588,20.4705,20.286,20.1049,19.9273,19.7531,19.5821,19.4142,19.2494,19.0876,18.9286,18.7725,18.6191,18.4683,18.3201,18.1744,18.0311,17.8903,17.7517,17.6154,17.4813,17.3493,17.2194,17.0916,16.9657,16.8418,16.7198,16.5996,16.4812,16.3646,16.2497,16.1364,16.0248
229.066,107.71,87.7791,78.2882,71.9684,67.229,63.4441,60.3004,57.6174,55.2819,53.2175,51.3706,49.7021,48.1823,46.7886,45.5028,44.3107,43.2005,42.1625,41.1886,40.272,39.407,38.5886,37.8126,37.075,36.3728,35.703,35.0632,34.4509,33.8643,33.3014,32.7608,32.2408,31.7403,31.2579,30.7926,30.3433,29.9092,29.4894,29.0831,28.6895,28.3081,27.9382,27.5792,27.2307,26.892,26.5628,26.2426,25.931,25.6276,25.3322,25.0442,24.7635,24.4897,24.2226,23.9619,23.7073,23.4586,23.2157,22.9782,22.746,22.5189,22.2966,22.0792,21.8663,21.6579,21.4537,21.2536,21.0576,20.8655,20.6771,20.4923,20.3111,20.1332,19.9587,19.7875,19.6193,19.4542,19.292,19.1327,18.9762,18.8223,18.6711,18.5225,18.3764,18.2327,18.0913,17.9523,17.8155,17.6809,17.5484,17.4181,17.2897,17.1633,17.0389,16.9163,16.7956,16.6767,16.5595,16.444,16.3302
233.574,118.897,92.2832,81.4307,74.4796,69.3635,65.3235,61.9932,59.1666,56.7163,54.5577,52.6316,50.8954,49.317,47.8718,46.5404,45.3074,44.1604,43.0889,42.0846,41.1401,40.2493,39.407,38.6088,37.8506,37.129,36.4411,35.7841,35.1558,34.554,33.9767,33.4224,32.8895,32.3766,31.8824,31.4059,30.9458,30.5014,30.0717,29.6559,29.2532,28.8631,28.4847,28.1176,27.7612,27.4149,27.0784,26.7511,26.4327,26.1227,25.8207,25.5266,25.2398,24.9602,24.6873,24.4211,24.1611,23.9072,23.6591,23.4166,23.1796,22.9477,22.7209,22.4989,22.2817,22.0689,21.8606,21.6565,21.4564,21.2604,21.0682,20.8797,20.6948,20.5134,20.3354,20.1606,19.9891,19.8207,19.6553,19.4928,19.3332,19.1763,19.0221,18.8706,18.7215,18.575,18.4309,18.2891,18.1497,18.0124,17.8774,17.7444,17.6136,17.4847,17.3579,17.2329,17.1099,16.9886,16.8692,16.7515,16.6355
237.285,135.724,97.2954,84.7678,77.097,71.566,67.2506,63.7214,60.7433,58.1726,55.9157,53.9075,52.1013,50.4624,48.9641,47.5859,46.3111,45.1264,44.0209,42.9855,42.0125,41.0955,40.229,39.4082,38.629,37.8878,37.1815,36.5073,35.8627,35.2455,34.6537,34.0856,33.5396,33.0142,32.5081,32.0202,31.5493,31.0945,30.6549,30.2295,29.8177,29.4187,29.0318,28.6565,28.2922,27.9383,27.5944,27.26,26.9347,26.618,26.3096,26.0092,25.7164,25.4308,25.1523,24.8804,24.615,24.3558,24.1026,23.8552,23.6132,23.3767,23.1452,22.9188,22.6971,22.4801,22.2675,22.0593,21.8553,21.6553,21.4592,21.267,21.0784,20.8934,20.7119,20.5338,20.3589,20.1872,20.0185,19.8529,19.6901,19.5302,19.373,19.2185,19.0666,18.9173,18.7704,18.6259,18.4837,18.3438,18.2062,18.0707,17.9373,17.806,17.6768,17.5494,17.424,17.3005,17.1788,17.0589,16.9407
240.463,161.154,102.946,88.3251,79.8298,73.8408,69.2276,65.4865,62.3481,59.6514,57.2919,55.1984,53.3198,51.6185,50.0658,48.6395,47.3218,46.0987,44.9584,43.8912,42.8892,41.9456,41.0544,40.2108,39.4103,38.6493,37.9244,37.2327,36.5716,35.9389,35.3324,34.7503,34.1911,33.6531,33.135,32.6357,32.1539,31.6886,31.2389,30.8039,30.3828,29.9749,29.5795,29.196,28.8237,28.4622,28.1109,27.7694,27.4371,27.1137,26.7989,26.4921,26.1932,25.9017,25.6174,25.34,25.0691,24.8047,24.5463,24.2938,24.047,23.8057,23.5696,23.3386,23.1126,22.8912,22.6745,22.4621,22.2541,22.0502,21.8503,21.6543,21.4621,21.2735,21.0885,20.9069,20.7286,20.5536,20.3817,20.2128,20.047,19.884,19.7238,19.5664,19.4116,19.2594,19.1097,18.9625,18.8177,18.6752,18.5349,18.3969,18.261,18.1272,17.9955,17.8658,17.7381,17.6122,17.4883,17.3661,17.2457
243.257,184.299,109.411,92.1329,82.6881,76.1923,71.2569,67.2896,63.9821,61.1531,58.6867,56.5046,54.5512,52.7856,51.1769,49.7012,48.3397,47.0772,45.9013,44.8019,43.7704,42.7996,41.8834,41.0166,40.1946,39.4134,38.6696,37.9602,37.2825,36.634,36.0127,35.4166,34.844,34.2933,33.7631,33.2522,32.7594,32.2835,31.8237,31.3791,30.9487,30.5319,30.1279,29.736,29.3558,28.9866,28.6278,28.2791,27.9399,27.6097,27.2884,26.9753,26.6702,26.3728,26.0827,25.7997,25.5234,25.2536,24.9901,24.7326,24.4809,24.2348,23.9941,23.7586,23.5281,23.3024,23.0814,22.865,22.6529,22.4451,22.2414,22.0416,21.8457,21.6535,21.465,21.2799,21.0983,20.9199,20.7448,20.5728,20.4038,20.2377,20.0746,19.9142,19.7565,19.6015,19.449,19.299,19.1515,19.0064,18.8635,18.7229,18.5846,18.4483,18.3142,18.1821,18.052,17.9238,17.7976,17.6732,17.5506
245.759,198.252,116.927,96.2266,85.6832,78.6256,73.3411,69.1324,65.6461,62.6783,60.1005,57.8265,55.7956,53.9637,52.2974,50.7711,49.3647,48.062,46.8499,45.7175,44.656,43.6576,42.716,41.8256,40.9817,40.1801,39.4172,38.6899,37.9953,37.331,36.6947,36.0843,35.4982,34.9347,34.3924,33.8698,33.3659,32.8794,32.4094,31.955,31.5153,31.0894,30.6768,30.2766,29.8884,29.5114,29.1451,28.7892,28.443,28.1061,27.7782,27.4588,27.1475,26.8441,26.5482,26.2596,25.9778,25.7027,25.434,25.1715,24.9149,24.664,24.4186,24.1786,23.9436,23.7136,23.4884,23.2679,23.0518,22.84,22.6324,22.4289,22.2293,22.0335,21.8414,21.6529,21.4679,21.2862,21.1078,20.9326,20.7605,20.5914,20.4252,20.2619,20.1013,19.9434,19.7882,19.6355,19.4853,19.3375,19.192,19.0489,18.908,18.7693,18.6327,18.4983,18.3658,18.2353,18.1068,17.9802,17.8554
248.031,207.344,125.79,100.647,88.8273,81.1457,75.4828,71.0162,67.341,64.2277,61.5337,59.1642,57.0533,55.153,53.4275,51.8493,50.3969,49.0531,47.804,46.6381,45.5459,44.5195,43.552,42.6378,41.7717,40.9494,40.1672,39.4218,38.7102,38.0298,37.3783,36.7536,36.1539,35.5774,35.0228,34.4885,33.9734,33.4762,32.996,32.5317,32.0826,31.6477,31.2263,30.8178,30.4214,30.0366,29.6629,29.2997,28.9464,28.6028,28.2682,27.9425,27.6251,27.3157,27.014,26.7196,26.4324,26.152,25.8781,25.6105,25.349,25.0933,24.8432,24.5986,24.3592,24.1249,23.8955,23.6707,23.4506,23.2349,23.0234,22.8161,22.6129,22.4134,22.2178,22.0258,21.8374,21.6524,21.4708,21.2924,21.1172,20.945,20.7758,20.6095,20.446,20.2853,20.1273,19.9718,19.8189,19.6685,19.5204,19.3747,19.2313,19.0902,18.9512,18.8143,18.6795,18.5467,18.4159,18.2871,18.1601
250.118,214.019,136.259,105.443,92.1339,83.7582,77.6846,72.9426,69.0677,65.8018,62.9866,60.5181,58.3244,56.3536,54.5673,52.9358,51.4364,50.0506,48.7637,47.5636,46.4403,45.3854,44.3917,43.4531,42.5645,41.7213,40.9196,40.1558,39.4269,38.7303,38.0635,37.4243,36.8109,36.2214,35.6543,35.1082,34.5818,34.0739,33.5833,33.1092,32.6505,32.2065,31.7764,31.3594,30.955,30.5624,30.1811,29.8105,29.4502,29.0997,28.7586,28.4264,28.1028,27.7874,27.4799,27.1799,26.8871,26.6013,26.3222,26.0496,25.7831,25.5226,25.2679,25.0187,24.7748,24.5362,24.3025,24.0736,23.8494,23.6298,23.4144,23.2034,22.9964,22.7933,22.5942,22.3987,22.2069,22.0186,21.8337,21.6521,21.4737,21.2985,21.1263,20.957,20.7907,20.6271,20.4662,20.308,20.1524,19.9993,19.8487,19.7005,19.5545,19.4109,19.2695,19.1302,18.9931,18.858,18.7249,18.5938,18.4646
252.049,219.301,148.186,110.664,95.6176,86.4688,79.9495,74.9132,70.8271,67.4011,64.4595,61.8883,59.609,57.5657,55.7168,54.0307,52.4831,51.0544,49.729,48.4941,47.3391,46.2552,45.2348,44.2717,43.3603,42.4958,41.6743,40.8919,40.1457,39.4326,38.7504,38.0966,37.4693,36.8666,36.287,35.729,35.1912,34.6724,34.1715,33.6874,33.2192,32.766,32.3271,31.9016,31.489,31.0885,30.6996,30.3217,29.9544,29.597,29.2493,28.9107,28.5808,28.2594,27.946,27.6403,27.342,27.0508,26.7665,26.4888,26.2173,25.952,25.6926,25.4388,25.1905,24.9475,24.7095,24.4765,24.2483,24.0246,23.8054,23.5905,23.3799,23.1732,22.9705,22.7716,22.5763,22.3847,22.1965,22.0117,21.8302,21.6519,21.4767,21.3045,21.1352,20.9688,20.8051,20.6442,20.4859,20.3301,20.1769,20.0261,19.8776,19.7315,19.5877,19.446,19.3065,19.1691,19.0338,18.9004,18.769
253.85,223.684,160.565,116.366,99.2939,89.2836,82.2803,76.9294,72.6202,69.0263,65.953,63.2751,60.9074,58.7893,56.8761,55.134,53.5371,52.0646,50.6999,49.4295,48.2423,47.1289,46.0815,45.0934,44.1589,43.2729,42.4313,41.6302,40.8663,40.1367,39.4388,38.7703,38.129,37.5131,36.9209,36.3508,35.8016,35.2718,34.7604,34.2663,33.7885,33.3261,32.8783,32.4444,32.0235,31.6151,31.2186,30.8333,30.4589,30.0946,29.7402,29.3951,29.0591,28.7315,28.4122,28.1008,27.797,27.5005,27.2109,26.928,26.6516,26.3815,26.1173,25.859,25.6062,25.3588,25.1166,24.8794,24.6471,24.4194,24.1964,23.9777,23.7633,23.553,23.3467,23.1443,22.9457,22.7507,22.5593,22.3713,22.1866,22.0052,21.827,21.6518,21.4796,21.3103,21.1439,20.9802,20.8192,20.6608,20.5049,20.3516,20.2006,20.052,19.9057,19.7617,19.6198,19.4801,19.3425,19.2069,19.0733
255.539,227.44,172.137,122.595,103.178,92.2089,84.6799,78.9929,74.4479,70.6779,67.4673,64.6788,62.2197,60.0245,58.0452,56.2459,54.5985,53.0812,51.6764,50.3699,49.1499,48.0066,46.9317,45.9183,44.9603,44.0526,43.1907,42.3706,41.5889,40.8426,40.1289,39.4455,38.79,38.1608,37.5558,36.9737,36.4129,35.8721,35.3502,34.846,34.3585,33.8869,33.4301,32.9876,32.5585,32.1422,31.738,31.3453,30.9637,30.5925,30.2314,29.8799,29.5375,29.2039,28.8787,28.5616,28.2522,27.9502,27.6554,27.3674,27.086,26.811,26.5421,26.2792,26.0219,25.7701,25.5236,25.2823,25.0459,24.8143,24.5873,24.3648,24.1467,23.9328,23.7229,23.517,23.315,23.1167,22.9219,22.7307,22.5429,22.3584,22.1772,21.999,21.8239,21.6518,21.4826,21.3161,21.1524,20.9913,20.8329,20.6769,20.5235,20.3724,20.2237,20.0772,19.933,19.791,19.6511,19.5133,19.3775
257.131,230.734,182.208,129.376,107.287,95.2508,87.1514,81.1053,76.311,72.3564,69.0028,66.0996,63.5461,61.2715,59.2244,57.3662,55.6672,54.1042,52.6586,51.3153,50.0619,48.8882,47.7854,46.7463,45.7646,44.8349,43.9524,43.1131,42.3135,41.5502,40.8206,40.1221,39.4524,38.8097,38.1919,37.5976,37.0252,36.4733,35.9407,35.4264,34.9292,34.4482,33.9825,33.5314,33.094,32.6696,32.2577,31.8576,31.4688,31.0907,30.7229,30.3648,30.0161,29.6764,29.3453,29.0224,28.7074,28.4,28.0999,27.8068,27.5205,27.2406,26.967,26.6994,26.4376,26.1814,25.9307,25.6851,25.4446,25.2091,24.9782,24.7519,24.53,24.3125,24.0991,23.8897,23.6842,23.4825,23.2845,23.0901,22.8992,22.7116,22.5273,22.3462,22.1682,21.9932,21.8211,21.6519,21.4855,21.3218,21.1607,21.0022,20.8462,20.6927,20.5415,20.3927,20.2461,20.1018,19.9596,19.8195,19.6815
258.638,233.673,190.62,136.683,111.633,98.4156,89.6976,83.2681,78.2105,74.0625,70.5599,67.5377,64.8866,62.5303,60.4136,58.4951,56.7433,55.1337,53.6464,52.2656,50.9783,49.7737,48.6427,47.5775,46.5717,45.6197,44.7164,43.8577,43.0399,42.2596,41.5138,40.8002,40.1162,39.4598,38.8291,38.2225,37.6383,37.0753,36.5321,36.0075,35.5005,35.0101,34.5354,34.0756,33.6299,33.1975,32.7778,32.3703,31.9742,31.5892,31.2146,30.85,30.495,30.1492,29.8121,29.4834,29.1629,28.85,28.5446,28.2464,27.955,27.6702,27.3919,27.1196,26.8533,26.5928,26.3377,26.088,25.8434,25.6038,25.369,25.1389,24.9133,24.6921,24.4751,24.2623,24.0534,23.8483,23.6471,23.4494,23.2553,23.0646,22.8773,22.6932,22.5123,22.3344,22.1596,21.9876,21.8185,21.6521,21.4884,21.3273,21.1688,21.0128,20.8592,20.708,20.5591,20.4124,20.2679,20.1256,19.9854
260.07,236.331,197.583,144.398,116.229,101.709,92.3213,85.4828,80.1472,75.7966,72.1388,68.9934,66.2416,63.8011,61.6128,59.6326,57.8269,56.1696,54.6399,53.221,51.8992,50.6631,49.5034,48.4118,47.3817,46.407,45.4827,44.6044,43.7682,42.9706,42.2087,41.4797,40.7812,40.1111,39.4674,38.8484,38.2524,37.6781,37.1242,36.5893,36.0725,35.5726,35.0889,34.6203,34.1662,33.7258,33.2983,32.8833,32.48,32.0879,31.7065,31.3354,30.9741,30.6221,30.279,29.9446,29.6184,29.3001,28.9894,28.686,28.3896,28.0999,27.8168,27.5399,27.2691,27.0041,26.7447,26.4908,26.2421,25.9986,25.7599,25.5259,25.2966,25.0717,24.8512,24.6348,24.4225,24.2141,24.0095,23.8086,23.6114,23.4176,23.2272,23.0402,22.8563,22.6756,22.4979,22.3232,22.1513,21.9823,21.816,21.6524,21.4913,21.3328,21.1768,21.0232,20.8719,20.7229,20.5761,20.4316,20.2891
261.434,238.76,203.42,152.298,121.078,105.136,95.0254,87.7509,82.1221,77.5593,73.7399,70.4667,67.611,65.0839,62.8222,60.7787,58.9179,57.2119,55.639,54.1812,52.8244,51.5565,50.3676,49.2493,48.1944,47.1969,46.2513,45.3532,44.4984,43.6834,42.9051,42.1606,41.4475,40.7635,40.1067,39.4752,38.8674,38.2818,37.717,37.1718,36.6451,36.1357,35.6429,35.1656,34.703,34.2545,33.8192,33.3966,32.986,32.5869,32.1988,31.8211,31.4533,31.0952,30.7461,30.4059,30.074,29.7503,29.4342,29.1256,28.8242,28.5296,28.2417,27.9602,27.6849,27.4155,27.1518,26.8936,26.6409,26.3933,26.1506,25.9129,25.6798,25.4513,25.2271,25.0072,24.7915,24.5797,24.3718,24.1678,23.9673,23.7705,23.5771,23.387,23.2002,23.0167,22.8362,22.6587,22.4841,22.3124,22.1435,21.9773,21.8137,21.6527,21.4942,21.3382,21.1846,21.0333,20.8842,20.7374,20.5928
262.738,240.999,208.404,160.104,126.176,108.701,97.8122,90.0738,84.1358,79.351,75.3635,71.958,68.9949,66.3788,64.0417,61.9335,60.0163,58.2608,56.6437,55.1465,53.754,52.4538,51.2353,50.0899,49.01,47.9893,47.0222,46.104,45.2305,44.3979,43.603,42.8429,42.1151,41.4172,40.7472,40.1031,39.4833,38.8863,38.3106,37.755,37.2183,36.6994,36.1974,35.7113,35.2403,34.7836,34.3404,33.9103,33.4924,33.0862,32.6912,32.3069,31.9328,31.5684,31.2134,30.8673,30.5298,30.2005,29.8791,29.5654,29.2589,28.9594,28.6667,28.3805,28.1006,27.8268,27.5588,27.2965,27.0396,26.7879,26.5414,26.2998,26.0629,25.8307,25.603,25.3796,25.1604,24.9453,24.7341,24.5268,24.3232,24.1232,23.9268,23.7338,23.5441,23.3576,23.1743,22.994,22.8168,22.6424,22.4708,22.3021,22.136,21.9725,21.8116,21.6531,21.4971,21.3435,21.1922,21.0431,20.8963
263.987,243.079,212.739,167.572,131.507,112.406,100.684,92.4527,86.1892,81.1722,77.0099,73.4674,70.3936,67.6859,65.2715,63.097,61.1222,59.3161,57.6541,56.1167,54.688,53.3549,52.1065,50.9335,49.8283,48.7842,47.7954,46.8569,45.9644,45.114,44.3024,43.5267,42.784,42.072,41.3886,40.7319,40.1001,39.4916,38.905,38.3389,37.7921,37.2637,36.7524,36.2575,35.7779,35.313,34.862,34.4242,33.999,33.5858,33.1839,32.793,32.4124,32.0418,31.6808,31.3289,30.9857,30.6509,30.3242,30.0052,29.6936,29.3892,29.0917,28.8009,28.5164,28.2381,27.9658,27.6992,27.4382,27.1826,26.9321,26.6866,26.446,26.2101,25.9788,25.7519,25.5293,25.3108,25.0963,24.8857,24.679,24.4759,24.2764,24.0804,23.8878,23.6984,23.5123,23.3293,23.1493,22.9722,22.7981,22.6267,22.4581,22.2921,22.1288,21.9679,21.8096,21.6536,21.5,21.3487,21.1996
265.187,245.021,216.569,174.539,137.034,116.251,103.642,94.8886,88.2828,83.0233,78.6793,74.9951,71.8072,69.0053,66.5116,64.2693,62.2356,60.3778,58.6701,57.0919,55.6264,54.2599,52.9811,51.7803,50.6494,49.5816,48.5708,47.6118,46.7001,45.8319,45.0034,44.2118,43.4541,42.728,42.0312,41.3617,40.7177,40.0977,39.5,38.9234,38.3666,37.8285,37.3079,36.8041,36.316,35.8429,35.384,34.9385,34.5059,34.0856,33.6768,33.2792,32.8923,32.5154,32.1483,31.7905,31.4417,31.1013,30.7692,30.445,30.1284,29.8191,29.5168,29.2212,28.9322,28.6495,28.3728,28.102,27.8368,27.5771,27.3227,27.0734,26.8291,26.5895,26.3546,26.1241,25.898,25.6762,25.4584,25.2446,25.0347,24.8285,24.6259,24.4269,24.2314,24.0392,23.8502,23.6644,23.4817,23.302,23.1252,22.9513,22.7801,22.6116,22.4458,22.2826,22.1219,21.9636,21.8077,21.6541,21.5028
266.341,246.845,219.997,180.924,142.702,120.234,106.687,97.3825,90.4173,84.9046,80.3719,76.5411,73.2356,70.3369,67.7619,65.4502,63.3565,61.4461,59.6918,58.072,56.5691,55.1688,53.8591,52.6301,51.4733,50.3815,49.3484,48.3687,47.4377,46.5513,45.7059,44.8982,44.1255,43.3851,42.6748,41.9924,41.3363,40.7046,40.0958,39.5086,38.9417,38.3938,37.864,37.3512,36.8545,36.3731,35.9063,35.4531,35.0131,34.5856,34.17,33.7657,33.3723,32.9892,32.616,32.2523,31.8977,31.5519,31.2144,30.8849,30.5632,30.2489,29.9418,29.6416,29.348,29.0608,28.7798,28.5047,28.2354,27.9717,27.7133,27.4602,27.212,26.9688,26.7302,26.4963,26.2667,26.0415,25.8204,25.6034,25.3902,25.1809,24.9754,24.7734,24.5749,24.3798,24.188,23.9994,23.814,23.6316,23.4522,23.2757,23.102,22.931,22.7628,22.5971,22.434,22.2734,22.1152,21.9594,21.8059
267.454,248.566,223.098,186.71,148.436,124.346,109.819,99.9347,92.593,86.8164,82.088,78.1056,74.6789,71.6808,69.0225,66.6398,64.4848,62.5207,60.7191,59.057,57.5161,56.0815,54.7406,53.483,52.2999,51.1838,50.1282,49.1276,48.1771,47.2725,46.4099,45.5861,44.7981,44.0433,43.3194,42.6241,41.9556,41.3122,40.6923,40.0945,39.5173,38.9597,38.4205,37.8987,37.3934,36.9037,36.4289,35.968,35.5206,35.0859,34.6633,34.2524,33.8524,33.4631,33.0838,32.7142,32.3539,32.0025,31.6596,31.3249,30.9981,30.6789,30.3669,30.062,29.7638,29.4721,29.1867,28.9074,28.634,28.3662,28.1039,27.8468,27.5949,27.348,27.1058,26.8683,26.6353,26.4067,26.1823,25.962,25.7457,25.5333,25.3247,25.1197,24.9182,24.7203,24.5256,24.3343,24.1461,23.9611,23.779,23.5999,23.4237,23.2503,23.0796,22.9115,22.7461,22.5831,22.4227,22.2646,22.1089
268.529,250.195,225.931,191.926,154.15,128.578,113.037,102.546,94.8102,88.7589,83.8276,79.6887,76.1373,73.0371,70.2935,67.8382,65.6206,63.6019,61.7519,60.0469,58.4675,56.998,55.6254,54.3389,53.1292,51.9886,50.9103,49.8886,48.9183,47.9952,47.1153,46.2753,45.4719,44.7027,43.965,43.2567,42.5759,41.9207,41.2895,40.6809,40.0935,39.5261,38.9775,38.4467,37.9327,37.4347,36.9518,36.4833,36.0284,35.5864,35.1569,34.7392,34.3328,33.9371,33.5517,33.1762,32.8102,32.4532,32.1049,31.7649,31.433,31.1088,30.792,30.4823,30.1795,29.8834,29.5937,29.3101,29.0325,28.7606,28.4944,28.2335,27.9778,27.7271,27.4814,27.2403,27.0038,26.7718,26.5441,26.3206,26.1011,25.8856,25.6739,25.4659,25.2615,25.0606,24.8632,24.6691,24.4782,24.2904,24.1058,23.9241,23.7453,23.5694,23.3963,23.2258,23.058,22.8927,22.7299,22.5696,22.4117
269.568,251.742,228.539,196.628,159.76,132.911,116.339,105.215,97.0691,90.7323,85.5908,81.2905,77.6107,74.4057,71.5747,69.0453,66.7638,64.6894,62.7904,61.0417,59.4231,57.9183,56.5137,55.1978,53.9612,52.7958,51.6945,50.6514,49.6613,48.7196,47.8223,46.9658,46.147,45.3631,44.6116,43.8902,43.1969,42.5299,41.8874,41.2681,40.6704,40.0931,39.535,38.9951,38.4724,37.966,37.4751,36.9987,36.5363,36.0872,35.6507,35.2262,34.8133,34.4113,34.0198,33.6383,33.2665,32.904,32.5502,32.205,31.8679,31.5387,31.2171,30.9027,30.5953,30.2947,30.0006,29.7127,29.431,29.155,28.8848,28.62,28.3605,28.1062,27.8568,27.6122,27.3723,27.1369,26.9058,26.679,26.4564,26.2377,26.023,25.812,25.6046,25.4009,25.2006,25.0037,24.8101,24.6197,24.4324,24.2481,24.0668,23.8884,23.7128,23.5399,23.3697,23.2021,23.0371,22.8745,22.7144
270.574,253.217,230.954,200.881,165.192,137.323,119.721,107.942,99.3696,92.7366,87.3778,82.9109,79.0991,75.7867,72.8663,70.2611,67.9145,65.7833,63.8344,62.0413,60.3831,58.8424,57.4052,56.0597,54.7959,53.6054,52.4809,51.4162,50.406,49.4456,48.5306,47.6576,46.8232,46.0246,45.2592,44.5246,43.8188,43.1398,42.486,41.8558,41.2477,40.6605,40.093,39.544,39.0125,38.4977,37.9986,37.5145,37.0446,36.5882,36.1447,35.7134,35.2939,34.8856,34.488,34.1006,33.723,33.3548,32.9956,32.6451,32.3029,31.9687,31.6422,31.323,31.0111,30.7059,30.4074,30.1153,29.8294,29.5494,29.2752,29.0065,28.7432,28.4852,28.2322,27.984,27.7406,27.5018,27.2675,27.0374,26.8116,26.5898,26.3719,26.1579,25.9477,25.741,25.5379,25.3382,25.1419,24.9488,24.7589,24.572,24.3882,24.2073,24.0292,23.8539,23.6814,23.5114,23.3441,23.1793,23.0169
271.55,254.626,233.205,204.747,170.39,141.787,123.176,110.725,101.711,94.7717,89.1884,84.55,80.6026,77.18,74.1681,71.4856,69.0725,66.8836,64.8839,63.0458,61.3472,59.7703,58.3002,56.9246,55.6332,54.4173,53.2694,52.183,51.1525,50.1731,49.2404,48.3507,47.5006,46.6872,45.9078,45.1599,44.4415,43.7505,43.0853,42.4441,41.8257,41.2285,40.6514,40.0932,39.553,39.0297,38.5225,38.0306,37.5531,37.0894,36.6389,36.2008,35.7747,35.36,34.9562,34.5629,34.1795,33.8057,33.4411,33.0852,32.7379,32.3987,32.0673,31.7434,31.4268,31.1172,30.8143,30.5179,30.2278,29.9437,29.6655,29.3929,29.1259,28.8641,28.6074,28.3557,28.1089,27.8667,27.629,27.3957,27.1666,26.9417,26.7208,26.5038,26.2906,26.0811,25.8751,25.6726,25.4736,25.2778,25.0852,24.8958,24.7094,24.526,24.3455,24.1678,23.9928,23.8206,23.651,23.4839,23.3193
272.497,255.975,235.313,208.28,175.319,146.271,126.698,113.563,104.094,96.8375,91.0227,86.2077,82.1211,78.5856,75.4802,72.7187,70.2379,67.9902,65.9389,64.0551,62.3156,60.7019,59.1984,57.7924,56.4732,55.2316,54.06,52.9517,51.9007,50.9022,49.9516,49.0451,48.1792,47.3509,46.5573,45.7961,45.0649,44.3619,43.6852,43.0331,42.4041,41.7969,41.2102,40.6429,40.0938,39.5621,39.0467,38.5469,38.0618,37.5908,37.1332,36.6884,36.2557,35.8346,35.4246,35.0253,34.6361,34.2566,33.8865,33.5254,33.1729,32.8286,32.4924,32.1637,31.8425,31.5284,31.2211,30.9204,30.6261,30.3379,30.0557,29.7793,29.5084,29.2429,28.9826,28.7274,28.477,28.2314,27.9904,27.7538,27.5216,27.2935,27.0696,26.8495,26.6334,26.4209,26.2122,26.0069,25.8051,25.6066,25.4114,25.2194,25.0305,24.8446,24.6616,24.4815,24.3042,24.1296,23.9577,23.7884,23.6216
273.418,257.27,237.295,211.527,179.961,150.74,130.277,116.453,106.516,98.9336,92.8804,87.884,83.6545,80.0035,76.8025,73.9604,71.4107,69.1032,66.9994,65.0691,63.2882,61.6371,60.0999,58.6631,57.3157,56.0483,54.8528,53.7222,52.6506,51.6328,50.6642,49.7408,48.859,48.0156,47.2078,46.4331,45.6892,44.974,44.2857,43.6226,42.9831,42.3659,41.7695,41.1929,40.635,40.0947,39.5712,39.0634,38.5708,38.0925,37.6278,37.1761,36.7368,36.3093,35.8931,35.4878,35.0927,34.7077,34.3321,33.9656,33.6079,33.2586,32.9175,32.5841,32.2582,31.9395,31.6278,31.3228,31.0243,30.7321,30.4459,30.1656,29.8909,29.6217,29.3577,29.0989,28.8451,28.5961,28.3517,28.1119,27.8764,27.6452,27.4182,27.1952,26.976,26.7607,26.5491,26.3411,26.1365,25.9354,25.7375,25.5429,25.3515,25.163,24.9776,24.7951,24.6154,24.4385,24.2643,24.0927,23.9237
274.314,258.516,239.167,214.527,184.314,155.16,133.901,119.392,108.978,101.06,94.7613,89.5786,85.2028,81.4336,78.1349,75.2106,72.5907,70.2224,68.0653,66.0879,64.265,62.5761,61.0046,59.5367,58.1609,56.8673,55.6476,54.4946,53.4022,52.365,51.3782,50.4377,49.5398,48.6813,47.8592,47.071,46.3142,45.5869,44.8869,44.2127,43.5627,42.9353,42.3293,41.7434,41.1765,40.6277,40.0959,39.5803,39.08,38.5943,38.1225,37.6639,37.218,36.7841,36.3617,35.9503,35.5495,35.1587,34.7776,34.4058,34.043,33.6886,33.3425,33.0044,32.6738,32.3506,32.0345,31.7252,31.4225,31.1262,30.836,30.5518,30.2733,30.0003,29.7327,29.4704,29.213,28.9606,28.7129,28.4698,28.2311,27.9968,27.7667,27.5407,27.3186,27.1004,26.8859,26.6751,26.4678,26.264,26.0635,25.8663,25.6723,25.4814,25.2935,25.1085,24.9265,24.7472,24.5707,24.3969,24.2256
275.186,259.716,240.94,217.313,188.385,159.499,137.558,122.375,111.476,103.215,96.6652,91.2915,86.7658,82.8757,79.4774,76.4694,73.7779,71.3478,69.1366,67.1114,65.2458,63.5186,61.9126,60.4132,59.0086,57.6885,56.4444,55.2689,54.1555,53.0987,52.0935,51.1358,50.2218,49.348,48.5116,47.7097,46.94,46.2004,45.4888,44.8034,44.1427,43.5052,42.8894,42.2942,41.7184,41.161,40.6209,40.0973,39.5894,39.0963,38.6174,38.152,37.6993,37.259,36.8304,36.413,36.0063,35.6098,35.2232,34.8461,34.478,34.1186,33.7676,33.4247,33.0895,32.7617,32.4412,32.1276,31.8207,31.5203,31.2261,30.9379,30.6556,30.3789,30.1077,29.8417,29.5809,29.325,29.074,28.8276,28.5858,28.3483,28.1151,27.8861,27.661,27.4399,27.2226,27.009,26.7989,26.5924,26.3893,26.1895,25.993,25.7995,25.6092,25.4218,25.2374,25.0558,24.877,24.7009,24.5275
276.036,260.874,242.626,219.911,192.189,163.728,141.231,125.397,114.01,105.399,98.5916,93.0224,88.3434,84.3299,80.8299,77.7366,74.9724,72.4794,70.2133,68.1395,66.2307,64.4648,62.8237,61.2925,59.8588,58.5121,57.2433,56.045,54.9104,53.8338,52.8102,51.8352,50.9049,50.0158,49.1648,48.3492,47.5666,46.8146,46.0912,45.3947,44.7233,44.0755,43.45,42.8454,42.2607,41.6946,41.1462,40.6147,40.099,39.5985,39.1125,38.6401,38.1808,37.734,37.2991,36.8757,36.4631,36.061,35.6689,35.2863,34.913,34.5486,34.1927,33.8449,33.5051,33.1728,32.8478,32.5299,32.2188,31.9142,31.616,31.3239,31.0378,30.7574,30.4825,30.213,29.9487,29.6894,29.435,29.1853,28.9403,28.6997,28.4634,28.2313,28.0033,27.7793,27.5591,27.3427,27.13,26.9207,26.715,26.5126,26.3135,26.1176,25.9248,25.735,25.5482,25.3643,25.1832,25.0048,24.8291
276.865,261.994,244.232,222.345,195.745,167.826,144.905,128.452,116.577,107.61,100.54,94.7711,89.9354,85.7959,82.1922,79.0121,76.1739,73.617,71.2952,69.1723,67.2197,65.4145,63.738,62.1746,60.7115,59.3378,58.0442,56.8229,55.6669,54.5704,53.5282,52.5358,51.5891,50.6845,49.819,48.9896,48.1938,47.4294,46.6943,45.9865,45.3043,44.6463,44.011,43.397,42.8032,42.2285,41.6718,41.1322,40.6089,40.1009,39.6077,39.1284,38.6624,38.2091,37.768,37.3384,36.92,36.5122,36.1145,35.7266,35.3481,34.9786,34.6177,34.2652,33.9206,33.5838,33.2544,32.9321,32.6168,32.3081,32.0059,31.7099,31.4199,31.1358,30.8572,30.5841,30.3163,30.0536,29.7959,29.5429,29.2947,29.0509,28.8115,28.5764,28.3455,28.1186,27.8955,27.6763,27.4608,27.2489,27.0405,26.8356,26.6339,26.4355,26.2402,26.048,25.8589,25.6726,25.4892,25.3086,25.1307
277.675,263.077,245.766,224.632,199.072,171.777,148.564,131.534,119.175,109.847,102.51,96.5371,91.5416,87.2736,83.5644,80.2958,77.3824,74.7608,72.3823,70.2095,68.2127,66.3678,64.6554,63.0595,61.5667,60.1658,58.8471,57.6025,56.425,55.3085,54.2475,53.2375,52.2743,51.3542,50.474,49.6307,48.8218,48.0449,47.2979,46.5788,45.8859,45.2175,44.5723,43.9489,43.3461,42.7626,42.1976,41.65,41.1189,40.6035,40.1031,39.6168,39.1441,38.6843,38.2369,37.8013,37.3769,36.9634,36.5602,36.1669,35.7831,35.4085,35.0427,34.6854,34.3361,33.9947,33.6609,33.3343,33.0147,32.702,32.3957,32.0958,31.802,31.514,31.2318,30.9552,30.6839,30.4177,30.1566,29.9004,29.6489,29.402,29.1596,28.9214,28.6875,28.4577,28.2318,28.0098,27.7916,27.577,27.3659,27.1584,26.9542,26.7532,26.5555,26.3609,26.1694,25.9808,25.7951,25.6122,25.4321
278.466,264.126,247.234,226.79,202.191,175.57,152.192,134.635,121.799,112.11,104.501,98.32,93.1617,88.7628,84.9462,81.5877,78.5979,75.9104,73.4746,71.2513,69.2096,67.3245,65.5759,63.9471,62.4244,60.9959,59.6519,58.384,57.1847,56.048,54.9681,53.9404,52.9606,52.0248,51.1299,50.2727,49.4505,48.6611,47.9021,47.1716,46.4679,45.7892,45.1341,44.5012,43.8892,43.2971,42.7237,42.168,41.6291,41.1062,40.5986,40.1054,39.6259,39.1596,38.7059,38.2642,37.8339,37.4146,37.0059,36.6072,36.2182,35.8385,35.4677,35.1055,34.7516,34.4056,34.0673,33.7364,33.4126,33.0957,32.7854,32.4816,32.1839,31.8922,31.6064,31.3261,31.0513,30.7817,30.5173,30.2578,30.0031,29.753,29.5075,29.2663,29.0294,28.7967,28.568,28.3432,28.1222,27.9049,27.6912,27.481,27.2743,27.0709,26.8707,26.6737,26.4797,26.2888,26.1008,25.9157,25.7333
279.239,265.145,248.644,228.831,205.121,179.201,155.772,137.747,124.448,114.395,106.511,100.12,94.7955,90.2634,86.3374,82.8876,79.8203,77.066,74.572,72.2976,70.2104,68.2846,66.4994,64.8374,63.2844,61.8282,60.4587,59.1671,57.946,56.7889,55.69,54.6445,53.6479,52.6964,51.7866,50.9154,50.0799,49.2779,48.5069,47.765,47.0503,46.3613,45.6962,45.0538,44.4327,43.8318,43.25,42.6862,42.1395,41.6091,41.0942,40.594,40.1078,39.635,39.175,38.7271,38.2909,37.8659,37.4516,37.0475,36.6532,36.2684,35.8927,35.5256,35.167,34.8165,34.4737,34.1385,33.8104,33.4894,33.1751,32.8673,32.5658,32.2703,31.9808,31.6969,31.4186,31.1456,30.8778,30.615,30.3571,30.1039,29.8552,29.6111,29.3712,29.1356,28.904,28.6764,28.4527,28.2327,28.0163,27.8036,27.5943,27.3883,27.1857,26.9862,26.7899,26.5967,26.4064,26.219,26.0344
279.995,266.134,249.998,230.768,207.88,182.668,159.292,140.862,127.117,116.703,108.541,101.935,96.4426,91.7751,87.738,84.1954,81.0494,78.2274,75.6745,73.3482,71.215,69.2482,67.4259,65.7304,64.1468,62.6626,61.2673,59.952,58.7088,57.5311,56.4131,55.3496,54.3362,53.3689,52.4442,51.5588,50.71,49.8953,49.1122,48.3589,47.6333,46.9337,46.2587,45.6067,44.9765,44.3668,43.7765,43.2046,42.6501,42.1122,41.59,41.0828,40.5898,40.1105,39.6441,39.1901,38.748,38.3172,37.8973,37.4877,37.0882,36.6983,36.3176,35.9457,35.5824,35.2273,34.88,34.5404,34.2082,33.883,33.5646,33.2529,32.9475,32.6483,32.3551,32.0677,31.7858,31.5094,31.2382,30.9721,30.711,30.4546,30.2029,29.9557,29.7129,29.4743,29.2399,29.0095,28.783,28.5603,28.3413,28.126,27.9141,27.7057,27.5005,27.2987,27.1,26.9044,26.7118,26.5221,26.3353
280.735,267.096,251.302,232.61,210.482,185.974,162.738,143.971,129.802,119.029,110.588,103.766,98.1026,93.2976,89.1478,85.511,82.2851,79.3944,76.7818,74.4031,72.2234,70.215,68.3554,66.626,65.0115,63.4991,62.0778,60.7385,59.4731,58.2747,57.1374,56.0559,55.0256,54.0423,53.1025,52.203,51.3408,50.5133,49.7181,48.9532,48.2166,47.5066,46.8216,46.16,45.5205,44.902,44.3032,43.7232,43.1609,42.6154,42.0859,41.5717,41.0719,40.586,40.1133,39.6531,39.205,38.7685,38.343,37.928,37.5232,37.1282,36.7425,36.3658,35.9977,35.638,35.2863,34.9423,34.6058,34.2765,33.9541,33.6384,33.3292,33.0262,32.7293,32.4383,32.1529,31.8731,31.5985,31.3291,31.0647,30.8052,30.5504,30.3002,30.0544,29.8129,29.5756,29.3424,29.1132,28.8878,28.6662,28.4482,28.2338,28.0228,27.8153,27.611,27.4099,27.212,27.0171,26.8252,26.6361
281.46,268.031,252.56,234.367,212.943,189.124,166.101,147.064,132.498,121.373,112.653,105.611,99.7751,94.8307,90.5665,86.8342,83.5273,80.5671,77.8941,75.4623,73.2356,71.1852,69.2877,67.5241,65.8785,64.3376,62.8902,61.5267,60.2389,59.0197,57.863,56.7633,55.7159,54.7166,53.7617,52.8479,51.9722,51.1318,50.3245,49.5481,48.8004,48.0799,47.3848,46.7135,46.0649,45.4375,44.8302,44.242,43.6718,43.1187,42.582,42.0607,41.5541,41.0616,40.5825,40.1162,39.6621,39.2198,38.7887,38.3683,37.9582,37.558,37.1673,36.7858,36.413,36.0487,35.6925,35.3441,35.0034,34.6699,34.3434,34.0238,33.7107,33.404,33.1034,32.8088,32.5199,32.2366,31.9587,31.686,31.4184,31.1557,30.8978,30.6445,30.3958,30.1514,29.9112,29.6752,29.4432,29.2151,28.9909,28.7703,28.5533,28.3399,28.1298,27.9231,27.7197,27.5194,27.3222,27.128,26.9368
282.171,268.943,253.775,236.046,215.276,192.124,169.373,150.134,135.2,123.732,114.732,107.471,101.46,96.3741,91.9939,88.1649,84.776,81.7454,79.0112,76.5256,74.2514,72.1585,70.223,68.4248,66.7478,65.1782,63.7043,62.3165,61.0061,59.766,58.5897,57.4717,56.4072,55.3918,54.4217,53.4935,52.6042,51.751,50.9315,50.1434,49.3847,48.6535,47.9483,47.2674,46.6095,45.9732,45.3574,44.7609,44.1829,43.6222,43.0781,42.5497,42.0364,41.5373,41.0518,40.5793,40.1193,39.6711,39.2344,38.8085,38.3931,37.9878,37.5921,37.2057,36.8282,36.4593,36.0986,35.7459,35.4008,35.0632,34.7327,34.4091,34.0922,33.7817,33.4774,33.1792,32.8868,32.6,32.3187,32.0427,31.7719,31.5061,31.245,30.9887,30.737,30.4897,30.2467,30.0079,29.7731,29.5423,29.3154,29.0922,28.8727,28.6568,28.4443,28.2351,28.0293,27.8267,27.6272,27.4307,27.2373
282.867,269.831,254.95,237.654,217.491,194.983,172.547,153.172,137.904,126.103,116.826,109.344,103.156,97.9274,93.4298,89.5028,86.0309,82.929,80.1329,77.5931,75.2708,73.1351,71.161,69.328,67.6193,66.0207,64.5203,63.1078,61.7748,60.5135,59.3175,58.1812,57.0994,56.0678,55.0824,54.1398,53.2368,52.3707,51.5389,50.7391,49.9693,49.2275,48.5121,47.8216,47.1543,46.5091,45.8848,45.2801,44.6941,44.1258,43.5744,43.0389,42.5187,42.013,41.5211,41.0424,40.5764,40.1224,39.68,39.2487,38.8281,38.4176,38.0169,37.6256,37.2433,36.8698,36.5046,36.1475,35.7982,35.4564,35.1219,34.7943,34.4735,34.1592,33.8513,33.5494,33.2535,32.9633,32.6786,32.3994,32.1253,31.8563,31.5922,31.3328,31.0781,30.8279,30.582,30.3404,30.1029,29.8694,29.6398,29.4141,29.192,28.9735,28.7585,28.547,28.3388,28.1338,27.932,27.7333,27.5376
283.551,270.698,256.088,239.196,219.6,197.708,175.622,156.171,140.604,128.483,118.933,111.229,104.863,99.4902,94.874,90.8478,87.2918,84.1179,81.2592,78.6646,76.2938,74.1148,72.1018,70.2336,68.493,66.8652,65.3379,63.9008,62.5448,61.2623,60.0465,58.8916,57.7925,56.7446,55.7439,54.7868,53.8701,52.991,52.1468,51.3353,50.5543,49.8019,49.0763,48.376,47.6994,47.0453,46.4123,45.7994,45.2055,44.6296,44.0707,43.5282,43.0011,42.4887,41.9904,41.5056,41.0335,40.5737,40.1257,39.6889,39.2629,38.8473,38.4416,38.0454,37.6584,37.2802,36.9106,36.5491,36.1955,35.8496,35.5109,35.1794,34.8547,34.5367,34.225,33.9196,33.6201,33.3265,33.0384,32.7558,32.4785,32.2064,31.9391,31.6768,31.4191,31.1659,30.9172,30.6728,30.4325,30.1963,29.9641,29.7357,29.5111,29.2901,29.0727,28.8587,28.6481,28.4408,28.2367,28.0357,27.8378
284.221,271.545,257.19,240.678,221.61,200.307,178.594,159.123,143.295,130.869,121.05,113.125,106.58,101.062,96.3261,92.1996,88.5588,85.312,82.3901,79.74,77.3202,75.0975,73.0452,71.1417,69.3688,67.7115,66.1573,64.6953,63.3163,62.0123,60.7766,59.6031,58.4866,57.4222,56.4061,55.4344,54.504,53.6118,52.7553,51.932,51.1397,50.3766,49.6408,48.9307,48.2448,47.5817,46.9401,46.3189,45.717,45.1334,44.5672,44.0175,43.4835,42.9645,42.4598,41.9687,41.4907,41.0251,40.5714,40.1291,39.6978,39.277,38.8662,38.4652,38.0734,37.6906,37.3164,36.9506,36.5927,36.2426,35.8999,35.5644,35.2359,34.914,34.5987,34.2896,33.9866,33.6895,33.3981,33.1122,32.8316,32.5563,32.286,32.0206,31.7599,31.5038,31.2522,31.005,30.762,30.5231,30.2882,30.0572,29.83,29.6065,29.3866,29.1702,28.9573,28.7476,28.5412,28.338,28.1379
284.88,272.371,258.261,242.105,223.531,202.788,181.464,162.023,145.972,133.259,123.176,115.031,108.308,102.643,97.7858,93.5581,89.8315,86.5111,83.5253,80.8193,78.35,76.0832,73.9914,72.052,70.2467,68.5598,66.9783,65.4912,64.089,62.7636,61.5078,60.3156,59.1815,58.1007,57.069,56.0827,55.1384,54.2331,53.3641,52.529,51.7255,50.9516,50.2056,49.4857,48.7903,48.1182,47.468,46.8385,46.2286,45.6373,45.0637,44.5069,43.966,43.4404,42.9292,42.4319,41.9478,41.4763,41.017,40.5692,40.1326,39.7066,39.2908,38.8848,38.4883,38.1009,37.7222,37.352,36.9898,36.6355,36.2888,35.9493,35.6169,35.2912,34.9722,34.6595,34.353,34.0524,33.7576,33.4684,33.1846,32.9061,32.6327,32.3642,32.1005,31.8416,31.5871,31.3371,31.0913,30.8497,30.6122,30.3786,30.1488,29.9228,29.7004,29.4816,29.2663,29.0543,28.8456,28.6401,28.4377
285.526,273.18,259.301,243.48,225.369,205.159,184.232,164.865,148.631,135.649,125.31,116.947,110.044,104.232,99.2529,94.9231,91.1098,87.7151,84.6648,81.9023,79.3831,77.0718,74.9401,72.9647,71.1266,69.4099,67.801,66.2887,64.8631,63.516,62.2401,61.029,59.8772,58.7799,57.7326,56.7316,55.7734,54.855,53.9735,53.1265,52.3117,51.527,50.7707,50.0409,49.3361,48.655,47.9961,47.3583,46.7404,46.1414,45.5603,44.9963,44.4486,43.9162,43.3986,42.8951,42.4049,41.9276,41.4626,41.0093,40.5673,40.1361,39.7153,39.3045,38.9032,38.5111,38.1279,37.7533,37.3868,37.0284,36.6775,36.3341,35.9978,35.6683,35.3456,35.0293,34.7192,34.4152,34.117,33.8245,33.5375,33.2558,32.9792,32.7077,32.4411,32.1792,31.9218,31.669,31.4205,31.1762,30.936,30.6998,30.4675,30.2389,30.0141,29.7929,29.5751,29.3608,29.1498,28.942,28.7375
286.162,273.971,260.312,244.807,227.131,207.427,186.901,167.646,151.265,138.036,127.449,118.871,111.788,105.829,100.727,96.2942,92.3936,88.9238,85.8085,82.989,80.4194,78.0632,75.8913,73.8796,72.0086,70.2617,68.6253,67.0875,65.6385,64.2696,62.9734,61.7434,60.5739,59.4599,58.3969,57.3811,56.409,55.4773,54.5833,53.7243,52.8982,52.1027,51.336,50.5964,49.8822,49.1919,48.5244,47.8782,47.2523,46.6455,46.057,45.4859,44.9312,44.3921,43.8681,43.3582,42.8621,42.3789,41.9082,41.4494,41.002,40.5656,40.1398,39.724,39.318,38.9213,38.5335,38.1545,37.7838,37.4211,37.0662,36.7187,36.3785,36.0453,35.7189,35.3989,35.0853,34.7778,34.4762,34.1804,33.8902,33.6053,33.3256,33.0511,32.7815,32.5166,32.2564,32.0008,31.7495,31.5025,31.2596,31.0208,30.786,30.5549,30.3276,30.1039,29.8838,29.6672,29.4539,29.2438,29.037
286.786,274.745,261.296,246.09,228.823,209.599,189.473,170.362,153.871,140.416,129.591,120.801,113.54,107.433,102.208,97.6712,93.6825,90.1371,86.9562,84.0792,81.4588,79.0575,76.845,74.7968,72.8925,71.1153,69.4511,67.8878,66.4151,65.0243,63.7077,62.4586,61.2713,60.1406,59.0619,58.0313,57.0451,56.1001,55.1935,54.3225,53.485,52.6787,51.9016,51.1521,50.4284,49.7291,49.0528,48.3982,47.7642,47.1498,46.5538,45.9754,45.4138,44.8681,44.3375,43.8214,43.3192,42.8301,42.3537,41.8894,41.4367,40.9951,40.5642,40.1435,39.7327,39.3313,38.939,38.5556,38.1806,37.8137,37.4547,37.1033,36.7592,36.4222,36.092,35.7684,35.4513,35.1403,34.8354,34.5362,34.2427,33.9547,33.6719,33.3943,33.1217,32.8539,32.5909,32.3324,32.0783,31.8286,31.5831,31.3417,31.1043,30.8707,30.641,30.4149,30.1924,29.9734,29.7578,29.5455,29.3364
287.401,275.503,262.255,247.332,230.449,211.681,191.951,173.011,156.445,142.787,131.734,122.737,115.299,109.044,103.695,99.0539,94.9765,91.3549,88.1078,85.1729,82.5013,80.0544,77.8011,75.716,73.7783,71.9706,70.2784,68.6894,67.193,65.7801,64.443,63.1748,61.9695,60.822,59.7275,58.682,57.6817,56.7234,55.8041,54.9211,54.0722,53.2549,52.4675,51.708,50.9748,50.2664,49.5813,48.9184,48.2763,47.6541,47.0506,46.4651,45.8964,45.344,44.8069,44.2846,43.7762,43.2813,42.7992,42.3293,41.8713,41.4245,40.9885,40.5629,40.1473,39.7412,39.3445,38.9566,38.5773,38.2062,37.8431,37.4877,37.1397,36.7989,36.465,36.1378,35.8171,35.5027,35.1943,34.8919,34.5951,34.3039,34.018,33.7374,33.4618,33.1911,32.9252,32.6639,32.4071,32.1546,31.9065,31.6625,31.4225,31.1864,30.9542,30.7256,30.5008,30.2794,30.0615,29.847,29.6357
288.005,276.245,263.19,248.535,232.014,213.68,194.34,175.592,158.983,145.145,133.876,124.677,117.064,110.66,105.187,100.442,96.2752,92.5769,89.2632,86.27,83.5468,81.054,78.7595,76.6373,74.6659,72.8276,71.1073,69.4924,67.972,66.537,65.1792,63.8918,62.6685,61.5041,60.3937,59.3332,58.3188,57.3471,56.4151,55.5201,54.6596,53.8315,53.0336,52.2641,51.5214,50.8038,50.11,49.4386,48.7885,48.1585,47.5475,46.9547,46.3791,45.8199,45.2764,44.7477,44.2333,43.7325,43.2446,42.7693,42.3058,41.8538,41.4127,40.9822,40.5618,40.1511,39.7498,39.3575,38.9738,38.5986,38.2314,37.872,37.5201,37.1755,36.8379,36.5071,36.1828,35.8649,35.5532,35.2474,34.9474,34.653,34.364,34.0803,33.8017,33.5281,33.2593,32.9952,32.7356,32.4805,32.2297,31.983,31.7405,31.5019,31.2672,31.0363,30.809,30.5853,30.3651,30.1483,29.9348
288.6,276.974,264.102,249.701,233.524,215.601,196.642,178.103,161.482,147.487,136.016,126.619,118.834,112.283,106.686,101.835,97.5786,93.803,90.4223,87.3702,84.5952,82.0561,79.7202,77.5607,75.5554,73.6862,71.9376,70.2966,68.7522,67.2949,65.9164,64.6097,63.3683,62.1869,61.0606,59.985,58.9564,57.9712,57.0265,56.1194,55.2474,54.4083,53.5999,52.8205,52.0681,51.3414,50.6388,49.959,49.3007,48.6629,48.0445,47.4444,46.8618,46.2959,45.7458,45.2109,44.6903,44.1836,43.69,43.2091,42.7403,42.283,41.8369,41.4014,40.9762,40.5608,40.155,39.7582,39.3703,38.9908,38.6196,38.2562,37.9004,37.5519,37.2106,36.8762,36.5484,36.227,35.9119,35.6028,35.2995,35.0019,34.7098,34.4231,34.1415,33.8649,33.5933,33.3263,33.064,32.8062,32.5527,32.3035,32.0584,31.8173,31.5801,31.3467,31.1171,30.891,30.6685,30.4494,30.2337
289.185,277.688,264.992,250.834,234.981,217.448,198.861,180.546,163.939,149.811,138.15,128.563,120.607,113.91,108.189,103.233,98.8862,95.033,91.5848,88.4736,85.6463,83.0607,80.6831,78.486,76.4466,74.5463,72.7692,71.1021,69.5335,68.0538,66.6545,65.3283,64.0688,62.8703,61.728,60.6373,59.5944,58.5958,57.6383,56.719,55.8355,54.9854,54.1665,53.377,52.6151,51.8791,51.1677,50.4795,49.8131,49.1674,48.5414,47.9341,47.3445,46.7718,46.2152,45.674,45.1473,44.6347,44.1354,43.6489,43.1746,42.7122,42.2609,41.8205,41.3905,40.9705,40.5601,40.1589,39.7667,39.383,39.0076,38.6402,38.2805,37.9283,37.5832,37.2452,36.9138,36.589,36.2704,35.958,35.6515,35.3507,35.0555,34.7657,34.4811,34.2016,33.9271,33.6573,33.3923,33.1317,32.8756,32.6237,32.3761,32.1325,31.8928,31.657,31.425,31.1966,30.9718,30.7505,30.5325
289.761,278.389,265.862,251.934,236.388,219.228,201.002,182.919,166.351,152.113,140.276,130.507,122.384,115.542,109.697,104.635,100.198,96.2667,92.7507,89.58,86.7001,84.0677,81.6482,79.4132,77.3395,75.408,73.6023,71.9088,70.316,68.8137,67.3935,66.0478,64.77,63.5544,62.396,61.2901,60.2329,59.2208,58.2504,57.319,56.4239,55.5627,54.7333,53.9337,53.1622,52.417,51.6968,51,50.3255,49.672,49.0385,48.4239,47.8273,47.2478,46.6846,46.137,45.6043,45.0857,44.5807,44.0886,43.609,43.1412,42.6849,42.2396,41.8047,41.38,40.9651,40.5595,40.1629,39.775,39.3955,39.0241,38.6605,38.3045,37.9557,37.614,37.2791,36.9508,36.6288,36.3131,36.0033,35.6994,35.401,35.1082,34.8206,34.5382,34.2608,33.9882,33.7204,33.4571,33.1983,32.9438,32.6936,32.4475,32.2054,31.9671,31.7327,31.502,31.2749,31.0513,30.8311
290.329,279.077,266.712,253.004,237.75,220.943,203.068,185.225,168.718,154.391,142.394,132.449,124.162,117.177,111.208,106.041,101.514,97.504,93.9197,90.6892,87.7564,85.077,82.6152,80.3422,78.2341,76.2711,74.4366,72.7167,71.0994,69.5746,68.1333,66.768,65.4719,64.2391,63.0645,61.9435,60.8719,59.8461,58.8629,57.9192,57.0125,56.1402,55.3003,54.4906,53.7094,52.955,52.2259,51.5206,50.8379,50.1766,49.5355,48.9136,48.31,47.7237,47.154,46.6001,46.0612,45.5367,45.0259,44.5282,44.0432,43.5702,43.1088,42.6585,42.2189,41.7895,41.3699,40.9599,40.559,40.1669,39.7833,39.4079,39.0404,38.6805,38.328,37.9827,37.6442,37.3124,36.9871,36.668,36.355,36.0478,35.7464,35.4505,35.1599,34.8746,34.5943,34.3189,34.0483,33.7823,33.5209,33.2638,33.011,32.7623,32.5178,32.2771,32.0403,31.8072,31.5778,31.352,31.1296
290.888,279.753,267.544,254.046,239.069,222.598,205.063,187.464,171.037,156.642,144.499,134.388,125.942,118.815,112.724,107.451,102.833,98.7445,95.0918,91.8011,88.8152,86.0884,83.5843,81.273,79.1302,77.1356,75.2723,73.5258,71.884,70.3364,68.874,67.4889,66.1744,64.9244,63.7336,62.5972,61.5113,60.4718,59.4757,58.5198,57.6013,56.718,55.8674,55.0476,54.2568,53.4931,52.7551,52.0414,51.3505,50.6812,50.0326,49.4034,48.7927,48.1996,47.6234,47.0631,46.518,45.9876,45.471,44.9678,44.4773,43.9991,43.5326,43.0773,42.6329,42.1988,41.7747,41.3602,40.955,40.5587,40.171,39.7916,39.4201,39.0564,38.7002,38.3512,38.0092,37.6739,37.3452,37.0228,36.7065,36.3962,36.0916,35.7926,35.4991,35.2108,34.9276,34.6494,34.376,34.1074,33.8432,33.5836,33.3282,33.0771,32.83,32.5869,32.3477,32.1123,31.8806,31.6525,31.4279
291.44,280.417,268.358,255.061,240.348,224.197,206.99,189.638,173.307,158.865,146.592,136.322,127.722,120.455,114.242,108.864,104.155,99.9882,96.2667,92.9157,89.8763,87.102,84.5552,82.2055,80.0279,78.0015,76.1091,74.3359,72.6694,71.099,69.6154,68.2106,66.8776,65.6102,64.4031,63.2515,62.151,61.0979,60.0888,59.1206,58.1905,57.296,56.4348,55.6049,54.8043,54.0314,53.2845,52.5621,51.863,51.1859,50.5296,49.8931,49.2754,48.6755,48.0927,47.526,46.9748,46.4384,45.9161,45.4073,44.9114,44.4279,43.9563,43.4961,43.0468,42.608,42.1793,41.7604,41.3509,40.9503,40.5585,40.1751,39.7997,39.4322,39.0723,38.7196,38.374,38.0353,37.7031,37.3774,37.0579,36.7443,36.4367,36.1346,35.8381,35.5469,35.2608,34.9798,34.7036,34.4323,34.1655,33.9032,33.6453,33.3916,33.1421,32.8966,32.655,32.4172,32.1832,31.9528,31.726
291.983,281.07,269.155,256.05,241.588,225.743,208.853,191.748,175.528,161.058,148.669,138.25,129.5,122.097,115.763,110.28,105.48,101.235,97.4443,94.0327,90.9397,88.1176,85.528,83.1397,80.927,78.8688,76.9471,75.1471,73.4559,71.8625,70.3576,68.933,67.5814,66.2966,65.0732,63.9062,62.7912,61.7244,60.7022,59.7217,58.7798,57.8741,57.0023,56.1622,55.3519,54.5697,53.8138,53.083,52.3756,51.6906,51.0267,50.3829,49.7581,49.1514,48.562,47.9889,47.4316,46.8892,46.3611,45.8467,45.3454,44.8566,44.3799,43.9147,43.4606,43.0171,42.5839,42.1605,41.7466,41.3418,40.9459,40.5584,40.1792,39.8079,39.4442,39.0879,38.7387,38.3965,38.0609,37.7319,37.4091,37.0924,36.7815,36.4765,36.1769,35.8828,35.5938,35.31,35.0311,34.757,34.4875,34.2226,33.9622,33.706,33.454,33.206,32.9621,32.722,32.4857,32.253,32.024
292.519,281.712,269.936,257.016,242.793,227.24,210.655,193.797,177.7,163.219,150.729,140.171,131.277,123.739,117.286,111.699,106.809,102.484,98.6244,95.152,92.0052,89.1352,86.5025,84.0754,81.8276,79.7373,77.7863,75.9593,74.2432,72.6269,71.1006,69.656,68.2858,66.9836,65.7437,64.5612,63.4317,62.3511,61.3159,60.323,59.3694,58.4525,57.57,56.7197,55.8996,55.1081,54.3433,53.6038,52.8883,52.1953,51.5238,50.8726,50.2407,49.6272,49.0312,48.4518,47.8883,47.3399,46.806,46.286,45.7793,45.2852,44.8034,44.3332,43.8742,43.4261,42.9883,42.5604,42.1422,41.7332,41.3331,40.9417,40.5585,40.1833,39.8159,39.456,39.1032,38.7575,38.4186,38.0862,37.7601,37.4402,37.1263,36.8181,36.5156,36.2185,35.9267,35.64,35.3584,35.0816,34.8095,34.5419,34.2789,34.0202,33.7657,33.5154,33.269,33.0266,32.788,32.5531,32.3218
293.048,282.343,270.701,257.958,243.964,228.689,212.399,195.787,179.822,165.346,152.77,142.083,133.05,125.381,118.81,113.12,108.139,103.735,99.8069,96.2736,93.0727,90.1545,87.4787,85.0126,82.7295,80.607,78.6266,76.7725,75.0315,73.392,71.8442,70.3796,68.9907,67.671,66.4147,65.2167,64.0726,62.9782,61.9299,60.9245,59.9591,59.031,58.1378,57.2773,56.4475,55.6465,54.8728,54.1248,53.4009,52.7,52.0209,51.3623,50.7234,50.103,49.5004,48.9146,48.3449,47.7905,47.2509,46.7253,46.2131,45.7137,45.2267,44.7516,44.2878,43.8349,43.3925,42.9602,42.5377,42.1244,41.7202,41.3248,40.9377,40.5587,40.1875,39.8239,39.4676,39.1184,38.776,38.4403,38.111,37.7879,37.4708,37.1596,36.8541,36.5541,36.2594,35.9699,35.6855,35.4059,35.1312,34.8611,34.5955,34.3342,34.0773,33.8245,33.5758,33.331,33.0901,32.8529,32.6194
293.569,282.964,271.452,258.878,245.103,230.094,214.088,197.719,181.895,167.439,154.79,143.984,134.819,127.023,120.336,114.543,109.472,104.989,100.991,97.3971,94.1421,91.1756,88.4564,85.9512,83.6326,81.4779,79.4679,77.5867,75.8206,74.1579,72.5885,71.1039,69.6962,68.3589,67.0861,65.8726,64.7138,63.6055,62.5441,61.5263,60.5491,59.6097,58.7058,57.835,56.9954,56.1851,55.4024,54.6457,53.9136,53.2048,52.518,51.852,51.206,50.5787,49.9695,49.3773,48.8014,48.2411,47.6956,47.1644,46.6467,46.1421,45.65,45.1699,44.7012,44.2436,43.7967,43.3599,42.933,42.5155,42.1072,41.7077,41.3167,40.9339,40.5589,40.1917,39.8318,39.4791,39.1334,38.7943,38.4617,38.1354,37.8153,37.501,37.1925,36.8895,36.5919,36.2996,36.0124,35.7302,35.4528,35.18,34.9119,34.6481,34.3887,34.1335,33.8824,33.6353,33.392,33.1526,32.9169
294.084,283.575,272.189,259.778,246.212,231.457,215.726,199.596,183.919,169.497,156.789,145.874,136.583,128.662,121.861,115.967,110.806,106.245,102.178,98.5225,95.2133,92.1983,89.4356,86.8912,84.537,82.3499,80.3102,78.4017,76.6105,74.9245,73.3335,71.8287,70.4022,69.0473,67.7579,66.5288,65.3553,64.2331,63.1586,62.1283,61.1392,60.1885,59.2738,58.3928,57.5434,56.7237,55.932,55.1667,54.4263,53.7095,53.015,52.3417,51.6885,51.0544,50.4385,49.8399,49.2579,48.6915,48.1403,47.6034,47.0803,46.5704,46.0731,45.588,45.1145,44.6522,44.2006,43.7594,43.3282,42.9065,42.494,42.0905,41.6955,41.3089,40.9302,40.5593,40.1959,39.8397,39.4905,39.1481,38.8123,38.4828,38.1595,37.8422,37.5306,37.2247,36.9243,36.6292,36.3392,36.0542,35.7742,35.4988,35.2281,34.9618,34.6999,34.4423,34.1888,33.9394,33.6938,33.4521,33.2142
294.592,284.177,272.912,260.658,247.292,232.781,217.313,201.419,185.896,171.518,158.765,147.751,138.34,130.3,123.387,117.391,112.142,107.502,103.366,99.6496,96.286,93.2225,90.4162,87.8325,85.4426,83.2229,81.1535,79.2176,77.4011,75.6918,74.0791,72.5541,71.1087,69.7361,68.4301,67.1854,65.9971,64.861,63.7733,62.7305,61.7295,60.7675,59.842,58.9507,58.0915,57.2624,56.4616,55.6877,54.939,54.2142,53.512,52.8313,52.171,51.5301,50.9075,50.3025,49.7142,49.1419,48.5848,48.0423,47.5138,46.9986,46.4962,46.006,45.5277,45.0607,44.6045,44.1588,43.7232,43.2973,42.8807,42.4731,42.0742,41.6838,41.3014,40.9268,40.5598,40.2001,39.8475,39.5018,39.1627,38.83,38.5036,38.1832,37.8686,37.5598,37.2565,36.9585,36.6658,36.3781,36.0954,35.8174,35.5441,35.2754,35.011,34.751,34.4951,34.2433,33.9955,33.7515,33.5113
295.093,284.77,273.622,261.519,248.346,234.067,218.854,203.191,187.824,173.503,160.717,149.614,140.091,131.934,124.911,118.817,113.479,108.761,104.556,100.778,97.3603,94.2481,91.3982,88.7749,86.3492,84.0969,81.9976,80.0343,78.1925,76.4597,74.8253,73.2799,71.8156,70.4253,69.1027,67.8423,66.6392,65.4892,64.3882,63.3329,62.3199,61.3466,60.4103,59.5087,58.6396,57.8011,56.9913,56.2087,55.4517,54.7189,54.009,53.3209,52.6535,52.0056,51.3764,50.765,50.1705,49.5922,49.0293,48.4811,47.9471,47.4266,46.9191,46.4239,45.9407,45.469,45.0082,44.5581,44.1181,43.6879,43.2672,42.8556,42.4528,42.0585,41.6723,41.2941,40.9235,40.5604,40.2044,39.8553,39.5129,39.177,38.8475,38.524,38.2065,37.8947,37.5885,37.2878,36.9922,36.7019,36.4165,36.1359,35.86,35.5887,35.3219,35.0594,34.8012,34.547,34.2969,34.0507,33.8083
295.589,285.354,274.32,262.362,249.373,235.318,220.35,204.914,189.707,175.451,162.644,151.461,141.833,133.564,126.435,120.242,114.817,110.021,105.747,101.908,98.4359,95.275,92.3813,89.7185,87.2569,84.9718,82.8426,80.8518,78.9845,77.2282,75.572,74.0063,72.523,71.1149,69.7756,68.4994,67.2816,66.1175,65.0033,63.9354,62.9105,61.9258,60.9787,60.0667,59.1878,58.3398,57.521,56.7297,55.9643,55.2235,54.506,53.8105,53.1359,52.4811,51.8453,51.2274,50.6267,50.0424,49.4736,48.9199,48.3804,47.8545,47.3418,46.8417,46.3536,45.8772,45.4118,44.9572,44.5128,44.0784,43.6536,43.2379,42.8312,42.433,42.0431,41.6613,41.2871,40.9205,40.561,40.2086,39.863,39.5239,39.1912,38.8647,38.5442,38.2294,37.9204,37.6168,37.3185,37.0254,36.7373,36.4542,36.1757,35.9019,35.6326,35.3677,35.1071,34.8506,34.5982,34.3497,34.1051
296.078,285.93,275.005,263.188,250.376,236.536,221.804,206.589,191.544,177.363,164.544,153.293,143.565,135.189,127.956,121.667,116.155,111.282,106.94,103.04,99.5128,96.3031,93.3655,90.6631,88.1655,85.8477,83.6884,81.6699,79.7772,77.9974,76.3192,74.7332,73.2308,71.8048,70.4488,69.1569,67.9242,66.7461,65.6186,64.5381,63.5012,62.5052,61.5472,60.6249,59.736,58.8785,58.0507,57.2507,56.477,55.7282,55.0029,54.3,53.6182,52.9565,52.314,51.6897,51.0828,50.4924,49.9179,49.3584,48.8135,48.2823,47.7645,47.2593,46.7664,46.2852,45.8152,45.3561,44.9074,44.4688,44.0398,43.6201,43.2094,42.8074,42.4138,42.0282,41.6505,41.2804,40.9175,40.5618,40.2129,39.8706,39.5348,39.2052,38.8817,38.564,38.2521,37.9456,37.6446,37.3488,37.0581,36.7723,36.4913,36.215,35.9432,35.6759,35.4128,35.154,34.8993,34.6486,34.4017
296.561,286.497,275.679,263.998,251.356,237.721,223.217,208.219,193.337,179.237,166.418,155.107,145.288,136.809,129.474,123.091,117.493,112.544,108.133,104.172,100.591,97.3323,94.3508,91.6087,89.0751,86.7243,84.5349,82.4888,80.5706,78.7671,77.067,75.4605,73.939,72.4951,71.1223,69.8146,68.567,67.3748,66.234,65.1409,64.092,63.0846,62.1157,61.183,60.2842,59.4173,58.5803,57.7716,56.9896,56.2327,55.4998,54.7894,54.1004,53.4319,52.7827,52.1519,51.5388,50.9424,50.362,49.7969,49.2464,48.71,48.187,47.6768,47.179,46.6931,46.2185,45.7549,45.3019,44.859,44.4258,44.0021,43.5875,43.1817,42.7843,42.3951,42.0138,41.6401,41.2739,40.9148,40.5626,40.2171,39.8782,39.5455,39.219,38.8984,38.5836,38.2743,37.9705,37.672,37.3786,37.0902,36.8066,36.5278,36.2536,35.9838,35.7184,35.4573,35.2002,34.9472,34.6982
297.038,287.056,276.342,264.791,252.314,238.877,224.592,209.805,195.087,181.074,168.265,156.903,146.999,138.423,130.99,124.514,118.831,113.806,109.327,105.305,101.67,98.3625,95.337,92.5551,89.9854,87.6017,85.3821,83.3083,81.3644,79.5372,77.8151,76.1881,74.6475,73.1858,71.7961,70.4726,69.21,68.0038,66.8496,65.7438,64.683,63.664,62.6843,61.7412,60.8325,59.9561,59.11,58.2926,57.5022,56.7373,55.9965,55.2787,54.5826,53.9071,53.2512,52.6141,51.9946,51.3922,50.806,50.2352,49.6793,49.1375,48.6093,48.0942,47.5915,47.1008,46.6217,46.1536,45.6961,45.249,44.8117,44.384,43.9654,43.5557,43.1546,42.7617,42.3768,41.9997,41.63,41.2676,40.9121,40.5635,40.2214,39.8857,39.5561,39.2326,38.9149,38.6028,38.2963,37.995,37.699,37.408,37.1218,36.8405,36.5638,36.2916,36.0238,35.7603,35.501,35.2457,34.9945
297.51,287.608,276.994,265.57,253.25,240.003,225.93,211.35,196.795,182.876,170.084,158.68,148.699,140.03,132.502,125.935,120.169,115.068,110.522,106.439,102.749,99.3934,96.324,93.5024,90.8965,88.4798,86.23,84.1283,82.1588,80.3079,78.5637,76.9162,75.3564,73.8767,72.4701,71.1308,69.8533,68.6329,67.4653,66.3468,65.274,64.2436,63.2529,62.2994,61.3808,60.4948,59.6396,58.8135,58.0147,57.2417,56.4933,55.768,55.0647,54.3823,53.7197,53.0761,52.4504,51.8419,51.2499,50.6734,50.112,49.5649,49.0316,48.5114,48.0038,47.5084,47.0246,46.5521,46.0903,45.6389,45.1974,44.7656,44.3431,43.9296,43.5247,43.1282,42.7397,42.3591,41.986,41.6202,41.2615,40.9096,40.5644,40.2257,39.8931,39.5667,39.2461,38.9312,38.6218,38.3179,38.0192,37.7255,37.4369,37.153,36.8738,36.5992,36.3291,36.0632,35.8016,35.5441,35.2906
297.976,288.152,277.635,266.334,254.166,241.102,227.234,212.854,198.462,184.641,171.875,160.438,150.386,141.629,134.009,127.354,121.506,116.33,111.716,107.574,103.83,100.425,97.3118,94.4503,91.8082,89.3585,87.0784,84.9489,82.9537,81.079,79.3127,77.6446,76.0656,74.5678,73.1444,71.7891,70.4967,69.2621,68.0812,66.95,65.865,64.8232,63.8216,62.8577,61.929,61.0336,60.1693,59.3344,58.5272,57.7462,56.9899,56.2572,55.5467,54.8573,54.1881,53.5379,52.906,52.2915,51.6936,51.1115,50.5446,49.9922,49.4536,48.9284,48.416,47.9158,47.4274,46.9504,46.4842,46.0286,45.583,45.1472,44.7207,44.3033,43.8947,43.4945,43.1025,42.7183,42.3418,41.9727,41.6107,41.2556,40.9073,40.5655,40.2299,39.9005,39.577,39.2593,38.9472,38.6406,38.3392,38.0429,37.7517,37.4653,37.1837,36.9067,36.6341,36.3659,36.102,35.8422,35.5865
298.437,288.689,278.267,267.084,255.063,242.175,228.504,214.32,200.09,186.37,173.637,162.175,152.06,143.22,135.512,128.77,122.841,117.592,112.911,108.709,104.911,101.457,98.3002,95.3989,92.7206,90.2378,87.9274,85.77,83.7491,81.8505,80.0621,78.3733,76.7751,75.2593,73.8189,72.4477,71.1402,69.8915,68.6971,67.5532,66.4561,65.4028,64.3903,63.4159,62.4773,61.5723,60.6988,59.8552,59.0396,58.2505,57.4865,56.7463,56.0286,55.3323,54.6563,53.9997,53.3616,52.741,52.1372,51.5494,50.977,50.4193,49.8756,49.3453,48.828,48.3231,47.8301,47.3485,46.878,46.4181,45.9684,45.5285,45.0981,44.6769,44.2645,43.8606,43.465,43.0774,42.6974,42.325,41.9597,41.6015,41.25,40.9051,40.5665,40.2342,39.9078,39.5873,39.2724,38.9631,38.659,38.3602,38.0664,37.7775,37.4934,37.2139,36.939,36.6685,36.4023,36.1402,35.8823
298.893,289.218,278.889,267.82,255.941,243.223,229.742,215.748,201.679,188.064,175.371,163.891,153.719,144.802,137.009,130.183,124.175,118.853,114.106,109.844,105.992,102.49,99.2891,96.3481,93.6335,91.1176,88.7768,86.5915,84.5448,82.6223,80.8117,79.1023,77.4848,75.9509,74.4936,73.1064,71.7839,70.5209,69.3131,68.1564,67.0473,65.9825,64.9589,63.9741,63.0255,62.111,61.2284,60.3759,59.5519,58.7548,57.983,57.2353,56.5104,55.8071,55.1245,54.4614,53.817,53.1903,52.5807,51.9872,51.4093,50.8462,50.2973,49.7621,49.2399,48.7302,48.2326,47.7465,47.2716,46.8074,46.3536,45.9097,45.4753,45.0503,44.6341,44.2266,43.8274,43.4362,43.0529,42.6771,42.3085,41.9471,41.5925,41.2445,40.903,40.5677,40.2385,39.9151,39.5975,39.2854,38.9787,38.6772,38.3809,38.0895,37.8029,37.521,37.2437,36.9708,36.7023,36.438,36.1779
299.343,289.741,279.501,268.544,256.802,244.247,230.95,217.141,203.231,189.724,177.077,165.586,155.364,146.375,138.5,131.592,125.507,120.113,115.3,110.979,107.074,103.523,100.278,97.2976,94.5469,91.9978,89.6267,87.4134,85.3409,83.3945,81.5617,79.8316,78.1947,76.6427,75.1684,73.7653,72.4277,71.1505,69.9292,68.7598,67.6385,66.5621,65.5276,64.5323,63.5737,62.6496,61.7579,60.8966,60.0642,59.2589,58.4794,57.7242,56.992,56.2818,55.5925,54.9229,54.2722,53.6395,53.024,52.4249,51.8414,51.273,50.7189,50.1786,49.6516,49.1371,48.6349,48.1444,47.6651,47.1966,46.7386,46.2907,45.8524,45.4234,45.0035,44.5923,44.1896,43.7949,43.4081,43.029,42.6572,42.2925,41.9348,41.5838,41.2392,40.901,40.5689,40.2427,39.9223,39.6075,39.2982,38.9941,38.6952,38.4012,38.1122,37.8279,37.5482,37.273,37.0022,36.7357,36.4733
299.789,290.258,280.105,269.255,257.645,245.248,232.129,218.501,204.747,191.35,178.754,167.26,156.994,147.937,139.985,132.998,126.836,121.371,116.494,112.114,108.155,104.557,101.268,98.2476,95.4606,92.8784,90.4769,88.2356,86.1372,84.1669,82.3119,80.5611,78.9048,77.3347,75.8434,74.4242,73.0715,71.7801,70.5453,69.3631,68.2297,67.1418,66.0963,65.0905,64.1219,63.1882,62.2873,61.4173,60.5764,59.763,58.9757,58.213,57.4736,56.7564,56.0603,55.3843,54.7273,54.0886,53.4672,52.8624,52.2734,51.6996,51.1404,50.5951,50.0631,49.5439,49.0371,48.542,48.0584,47.5857,47.1235,46.6715,46.2292,45.7965,45.3728,44.9579,44.5516,44.1534,43.7632,43.3807,43.0057,42.6378,42.277,41.9229,41.5753,41.2342,40.8992,40.5702,40.247,39.9295,39.6174,39.3108,39.0093,38.7129,38.4213,38.1346,37.8526,37.575,37.3019,37.0331,36.7685
300.23,290.768,280.7,269.955,258.472,246.228,233.28,219.827,206.229,192.943,180.402,168.911,158.608,149.489,141.462,134.399,128.163,122.628,117.687,113.248,109.237,105.59,102.258,99.1978,96.3746,93.7593,91.3274,89.0581,86.9339,84.9396,83.0623,81.2908,79.6151,78.0269,76.5185,75.0833,73.7155,72.4098,71.1615,69.9665,68.8209,67.7214,66.6649,65.6486,64.67,63.7267,62.8166,61.9378,61.0885,60.267,59.4718,58.7016,57.9551,57.2309,56.5281,55.8455,55.1823,54.5375,53.9102,53.2997,52.7052,52.1261,51.5617,51.0113,50.4744,49.9505,49.439,48.9395,48.4515,47.9745,47.5082,47.0521,46.6059,46.1693,45.7419,45.3233,44.9134,44.5118,44.1181,43.7323,43.354,42.9829,42.6189,42.2617,41.9112,41.5671,41.2292,40.8974,40.5715,40.2512,39.9366,39.6273,39.3232,39.0243,38.7303,38.4412,38.1567,37.8769,37.6015,37.3304,37.0636
300.666,291.271,281.286,270.643,259.284,247.187,234.405,221.122,207.677,194.503,182.023,170.54,160.205,151.029,142.933,135.795,129.487,123.884,118.879,114.382,110.318,106.624,103.248,100.148,97.2889,94.6405,92.1782,89.8809,87.7308,85.7125,83.8129,82.0206,80.3255,78.7191,77.1937,75.7425,74.3595,73.0395,71.7777,70.5699,69.4121,68.3011,67.2335,66.2067,65.218,64.2651,63.3459,62.4582,61.6005,60.7709,59.9679,59.1902,58.4364,57.7052,56.9957,56.3066,55.6371,54.9862,54.3531,53.7369,53.1369,52.5524,51.9828,51.4274,50.8856,50.3569,49.8408,49.3368,48.8444,48.3631,47.8927,47.4326,46.9824,46.5419,46.1108,45.6886,45.275,44.8699,44.4729,44.0837,43.7021,43.3278,42.9607,42.6005,42.2469,41.8999,41.5591,41.2245,40.8958,40.5728,40.2555,39.9436,39.637,39.3355,39.0391,38.7475,38.4607,38.1785,37.9008,37.6275,37.3585
301.098,291.769,281.864,271.319,260.081,248.126,235.504,222.387,209.092,196.032,183.615,172.147,161.786,152.558,144.395,137.187,130.807,125.137,120.07,115.516,111.399,107.657,104.238,101.099,98.2033,95.5218,93.0291,90.7038,88.5278,86.4856,84.5637,82.7506,81.0361,79.4115,77.8689,76.4017,75.0036,73.6693,72.3939,71.1732,70.0033,68.8807,67.8021,66.7648,65.766,64.8035,63.875,62.9786,62.1123,61.2746,60.4638,59.6786,58.9175,58.1794,57.4631,56.7676,56.0918,55.4348,54.7958,54.1739,53.5684,52.9786,52.4037,51.8433,51.2966,50.7632,50.2425,49.7339,49.2371,48.7516,48.277,47.8128,47.3587,46.9144,46.4795,46.0536,45.6365,45.2278,44.8274,44.4348,44.05,43.6725,43.3023,42.939,42.5824,42.2324,41.8888,41.5514,41.2199,40.8942,40.5742,40.2597,39.9506,39.6466,39.3477,39.0537,38.7645,38.48,38.2,37.9244,37.6532
301.525,292.26,282.434,271.985,260.863,249.045,236.579,223.624,210.476,197.529,185.18,173.731,163.35,154.074,145.849,138.572,132.124,126.387,121.259,116.648,112.48,108.69,105.228,102.049,99.1178,96.4033,93.8802,91.5269,89.325,87.2588,85.3146,83.4806,81.7467,80.1039,78.5443,77.0609,75.6476,74.299,73.0101,71.7766,70.5945,69.4602,68.3706,67.3227,66.3139,65.3418,64.4041,63.4988,62.6241,61.7782,60.9597,60.1669,59.3986,58.6535,57.9305,57.2284,56.5463,55.8832,55.2383,54.6107,53.9997,53.4045,52.8245,52.259,51.7075,51.1693,50.6439,50.1309,49.6297,49.1399,48.6611,48.1929,47.7349,47.2867,46.848,46.4184,45.9977,45.5856,45.1817,44.7858,44.3977,44.017,43.6437,43.2773,42.9178,42.5648,42.2183,41.878,41.5438,41.2155,40.8928,40.5757,40.264,39.9575,39.6561,39.3597,39.0681,38.7813,38.499,38.2212,37.9477
301.947,292.746,282.996,272.641,261.631,249.947,237.631,224.832,211.829,198.996,186.717,175.293,164.896,155.578,147.294,139.952,133.436,127.636,122.446,117.78,113.56,109.723,106.218,103,100.032,97.2848,94.7314,92.3501,90.1223,88.0321,86.0655,84.2108,82.4574,80.7963,79.2196,77.7201,76.2917,74.9287,73.6263,72.3799,71.1855,70.0397,68.939,67.8806,66.8617,65.8799,64.933,64.0189,63.1357,62.2817,61.4553,60.655,59.8795,59.1274,58.3976,57.689,57.0006,56.3315,55.6807,55.0474,54.4309,53.8303,53.2451,52.6746,52.1181,51.5751,51.0451,50.5276,50.022,49.528,49.0451,48.5728,48.1108,47.6588,47.2163,46.7831,46.3588,45.9432,45.5359,45.1366,44.7452,44.3614,43.9849,43.6154,43.2529,42.897,42.5477,42.2046,41.8676,41.5365,41.2112,40.8915,40.5772,40.2682,39.9644,39.6655,39.3716,39.0824,38.7978,38.5177,38.2421
302.366,293.226,283.551,273.286,262.386,250.83,238.66,226.014,213.153,200.434,188.228,176.831,166.425,157.068,148.73,141.325,134.745,128.881,123.632,118.91,114.639,110.755,107.207,103.95,100.947,98.1663,95.5826,93.1733,90.9197,88.8054,86.8165,84.9409,83.1681,81.4888,79.8949,78.3794,76.9357,75.5584,74.2424,72.9831,71.7766,70.6191,69.5073,68.4383,67.4094,66.418,65.4619,64.5389,63.6472,62.7851,61.9509,61.143,60.3602,59.6011,58.8646,58.1495,57.4548,56.7796,56.1229,55.4839,54.8618,54.2559,53.6655,53.0899,52.5286,51.9808,51.4462,50.9242,50.4142,49.9159,49.4288,48.9525,48.4866,48.0307,47.5844,47.1476,46.7197,46.3005,45.8898,45.4873,45.0926,44.7055,44.3259,43.9534,43.5879,43.2291,42.8768,42.5309,42.1911,41.8573,41.5294,41.207,40.8902,40.5787,40.2724,39.9712,39.6748,39.3833,39.0964,38.8141,38.5362
302.78,293.7,284.099,273.922,263.128,251.697,239.668,227.17,214.448,201.843,189.712,178.348,167.936,158.546,150.156,142.691,136.048,130.123,124.815,120.038,115.717,111.787,108.196,104.9,101.861,99.0478,96.4337,93.9965,91.717,89.5787,87.5675,85.6711,83.8788,82.1813,80.5703,79.0386,77.5797,76.1881,74.8584,73.5863,72.3675,71.1984,70.0756,68.996,67.957,66.9559,65.9906,65.0588,64.1586,63.2883,62.4462,61.6309,60.8408,60.0747,59.3314,58.6098,57.9088,57.2275,56.5649,55.9202,55.2926,54.6813,54.0857,53.5051,52.9388,52.3863,51.8471,51.3205,50.8062,50.3036,49.8124,49.332,48.8621,48.4024,47.9524,47.5118,47.0804,46.6577,46.2436,45.8377,45.4397,45.0495,44.6667,44.2911,43.9226,43.5609,43.2057,42.857,42.5145,42.178,41.8473,41.5224,41.203,40.889,40.5803,40.2766,39.9779,39.684,39.3949,39.1103,38.8302
303.19,294.17,284.639,274.549,263.857,252.548,240.655,228.301,215.717,203.224,191.169,179.842,169.429,160.01,151.573,144.05,137.347,131.361,125.996,121.165,116.793,112.818,109.185,105.85,102.775,99.929,97.2848,94.8197,92.5143,90.352,88.3185,86.4012,84.5895,82.8737,81.2455,79.6977,78.2237,76.8176,75.4744,74.1894,72.9583,71.7776,70.6437,69.5536,68.5044,67.4937,66.5191,65.5785,64.6698,63.7914,62.9415,62.1185,61.3212,60.5481,59.7981,59.0699,58.3627,57.6752,57.0067,56.3563,55.7232,55.1066,54.5058,53.9201,53.3489,52.7917,52.2478,51.7167,51.198,50.6911,50.1957,49.7113,49.2375,48.7739,48.3201,47.8759,47.4409,47.0147,46.5972,46.1879,45.7867,45.3932,45.0073,44.6287,44.2572,43.8925,43.5345,43.1829,42.8376,42.4984,42.1652,41.8376,41.5157,41.1992,40.8879,40.5819,40.2808,39.9846,39.6932,39.4063,39.124
303.597,294.634,285.173,275.166,264.575,253.383,241.623,229.408,216.958,204.578,192.601,181.313,170.904,161.459,152.979,145.402,138.641,132.596,127.175,122.29,117.869,113.848,110.173,106.799,103.689,100.81,98.1357,95.6427,93.3115,91.1252,89.0694,87.1313,85.3001,83.566,81.9207,80.3568,78.8675,77.4471,76.0903,74.7923,73.5491,72.3566,71.2117,70.111,69.0517,68.0314,67.0475,66.098,65.1809,64.2943,63.4365,62.606,61.8014,61.0214,60.2646,59.5299,58.8163,58.1228,57.4484,56.7923,56.1536,55.5316,54.9256,54.3349,53.7588,53.1968,52.6482,52.1127,51.5896,51.0785,50.5789,50.0904,49.6126,49.1452,48.6877,48.2398,47.8011,47.3715,46.9505,46.5379,46.1334,45.7368,45.3477,44.9661,44.5915,44.2239,43.863,43.5087,43.1606,42.8187,42.4828,42.1526,41.8281,41.5091,41.1954,40.8869,40.5835,40.285,39.9912,39.7022,39.4177
303.999,295.093,285.7,275.775,265.28,254.202,242.571,230.493,218.174,205.906,194.008,182.762,172.36,162.895,154.374,146.746,139.928,133.827,128.35,123.413,118.943,114.877,111.16,107.748,104.602,101.691,98.9863,96.4655,94.1086,91.8984,89.8202,87.8613,86.0106,84.2583,82.5959,81.0158,79.5113,78.0765,76.706,75.3952,74.1397,72.9356,71.7795,70.6682,69.5989,68.5689,67.5758,66.6174,65.6918,64.797,63.9314,63.0934,62.2815,61.4944,60.7308,59.9897,59.2698,58.5701,57.8899,57.228,56.5838,55.9565,55.3452,54.7495,54.1685,53.6017,53.0485,52.5085,51.981,51.4656,50.9618,50.4693,49.9876,49.5163,49.055,48.6034,48.1612,47.7281,47.3037,46.8877,46.48,46.0801,45.688,45.3032,44.9257,44.5552,44.1914,43.8342,43.4834,43.1388,42.8002,42.4675,42.1404,41.8189,41.5027,41.1918,40.886,40.5852,40.2891,39.9978,39.7111
304.398,295.547,286.22,276.375,265.975,255.007,243.501,231.556,219.366,207.208,195.39,184.189,173.798,164.316,155.759,148.082,141.211,135.054,129.523,124.534,120.016,115.904,112.146,108.696,105.515,102.571,99.8367,97.2882,94.9055,92.6713,90.5709,88.5912,86.721,84.9504,83.2709,81.6746,80.1549,78.7057,77.3217,75.9979,74.7301,73.5144,72.3472,71.2254,70.1459,69.1062,68.1039,67.1367,66.2025,65.2996,64.4261,63.5805,62.7614,61.9673,61.197,60.4492,59.723,59.0173,58.3311,57.6636,57.0138,56.3811,55.7647,55.1638,54.578,54.0064,53.4486,52.904,52.3722,51.8525,51.3446,50.848,50.3623,49.8872,49.4221,48.9669,48.5211,48.0845,47.6566,47.2374,46.8263,46.4233,46.028,45.6402,45.2597,44.8862,44.5196,44.1596,43.806,43.4587,43.1174,42.7821,42.4525,42.1284,41.8098,41.4965,41.1883,40.8852,40.5869,40.2933,40.0044
304.792,295.996,286.734,276.966,266.659,255.799,244.413,232.597,220.533,208.484,196.748,185.595,175.218,165.722,157.132,149.41,142.486,136.276,130.692,125.653,121.087,116.931,113.132,109.643,106.427,103.451,100.687,98.1105,95.7021,93.4441,91.3214,89.3209,87.4312,85.6424,83.9457,82.3333,80.7984,79.3348,77.9372,76.6005,75.3205,74.0931,72.9148,71.7823,70.6928,69.6434,68.6318,67.6557,66.7131,65.8019,64.9206,64.0675,63.2411,62.4399,61.6629,60.9086,60.1761,59.4643,58.7722,58.0989,57.4436,56.8056,56.1839,55.578,54.9872,54.4109,53.8485,53.2994,52.7631,52.2392,51.7271,51.2265,50.7369,50.2579,49.7891,49.3302,48.8808,48.4407,48.0094,47.5868,47.1725,46.7663,46.3678,45.977,45.5935,45.217,44.8475,44.4847,44.1284,43.7784,43.4345,43.0965,42.7644,42.4378,42.1168,41.801,41.4905,41.185,40.8844,40.5886,40.2974
305.183,296.44,287.242,277.55,267.332,256.576,245.309,233.618,221.677,209.736,198.083,186.978,176.619,167.114,158.494,150.729,143.756,137.494,131.858,126.769,122.156,117.956,114.116,110.59,107.339,104.331,101.536,98.9326,96.4985,94.2166,92.0717,90.0504,88.1413,86.3343,84.6204,82.9919,81.4418,79.9638,78.5525,77.2029,75.9106,74.6716,73.4822,72.3391,71.2394,70.1804,69.1595,68.1746,67.2234,66.3041,65.415,64.5543,63.7206,62.9124,62.1286,61.3678,60.629,59.911,59.213,58.5341,57.8732,57.2298,56.6029,55.992,55.3963,54.8152,54.2481,53.6946,53.1539,52.6257,52.1095,51.6048,51.1112,50.6283,50.1558,49.6932,49.2403,48.7966,48.362,47.936,47.5184,47.109,46.7075,46.3136,45.927,45.5477,45.1753,44.8097,44.4506,44.0979,43.7513,43.4108,43.076,42.747,42.4235,42.1054,41.7924,41.4846,41.1817,40.8837,40.5903
305.571,296.88,287.744,278.126,267.995,257.341,246.187,234.619,222.799,210.965,199.393,188.341,178.002,168.491,159.844,152.039,145.019,138.706,133.02,127.882,123.223,118.98,115.099,111.536,108.25,105.21,102.386,99.7542,97.2946,94.9889,92.8217,90.7797,88.8512,87.0259,85.2949,83.6503,82.0849,80.5926,79.1676,77.8052,76.5006,75.2499,74.0494,72.8957,71.7859,70.7172,69.6871,68.6932,67.7336,66.8061,65.9091,65.0408,64.1998,63.3847,62.5941,61.8268,61.0816,60.3576,59.6537,58.969,58.3026,57.6538,57.0218,56.4058,55.8052,55.2193,54.6476,54.0895,53.5445,53.012,52.4916,51.9829,51.4853,50.9986,50.5223,50.0561,49.5995,49.1524,48.7143,48.285,47.8642,47.4516,47.0469,46.6499,46.2604,45.8781,45.5029,45.1344,44.7726,44.4171,44.0679,43.7248,43.3875,43.056,42.73,42.4095,42.0942,41.784,41.4789,41.1786,40.883
305.955,297.316,288.241,278.694,268.649,258.093,247.051,235.601,223.899,212.171,200.682,189.683,179.367,169.853,161.182,153.34,146.275,139.914,134.178,128.993,124.288,120.001,116.081,112.48,109.16,106.088,103.234,100.575,98.0903,95.7608,93.5715,91.5087,89.5608,87.7174,85.9692,84.3085,82.7279,81.2211,79.7826,78.4072,77.0904,75.828,74.6164,73.4521,72.3322,71.2538,70.2144,69.2117,68.2435,67.3079,66.403,65.5272,64.6789,63.8568,63.0594,62.2855,61.5341,60.8039,60.0941,59.4037,58.7318,58.0776,57.4404,56.8193,56.2138,55.6232,55.0468,54.4842,53.9348,53.3981,52.8735,52.3607,51.8593,51.3687,50.8886,50.4187,49.9586,49.508,49.0665,48.6338,48.2097,47.7939,47.3861,46.9861,46.5936,46.2084,45.8302,45.459,45.0944,44.7362,44.3844,44.0387,43.6988,43.3648,43.0364,42.7134,42.3958,42.0833,41.7758,41.4733,41.1755
306.336,297.747,288.731,279.255,269.293,258.833,247.898,236.565,224.978,213.354,201.947,191.003,180.714,171.199,162.508,154.632,147.524,141.116,135.332,130.1,125.35,121.022,117.061,113.424,110.07,106.966,104.083,101.396,98.8856,96.5324,94.3209,92.2375,90.2702,88.4085,86.6433,84.9664,83.3706,81.8495,80.3974,79.009,77.6799,76.4059,75.1832,74.0083,72.8783,71.7902,70.7416,69.73,68.7533,67.8095,66.8967,66.0133,65.1578,64.3286,63.5244,62.744,61.9863,61.25,60.5343,59.8382,59.1608,58.5012,57.8587,57.2326,56.6222,56.0268,55.4459,54.8787,54.3249,53.7839,53.2552,52.7384,52.233,51.7385,51.2547,50.7811,50.3174,49.8633,49.4184,48.9824,48.555,48.136,47.7251,47.322,46.9265,46.5384,46.1574,45.7833,45.416,45.0551,44.7006,44.3523,44.01,43.6734,43.3425,43.0172,42.6971,42.3823,42.0726,41.7678,41.4679
306.713,298.173,289.216,279.809,269.927,259.561,248.732,237.511,226.037,214.516,203.192,192.304,182.042,172.531,163.822,155.914,148.766,142.312,136.483,131.204,126.41,122.04,118.04,114.366,110.978,107.842,104.93,102.216,99.6804,97.3036,95.07,92.9659,90.9793,89.0994,87.3171,85.6241,84.0131,82.4776,81.0119,79.6106,78.2693,76.9836,75.7497,74.5643,73.4241,72.3264,71.2685,70.248,69.2628,68.3108,67.3902,66.4993,65.6364,64.8002,63.9893,63.2024,62.4383,61.6959,60.9743,60.2725,59.5895,58.9246,58.2769,57.6458,57.0304,56.4303,55.8447,55.273,54.7149,54.1696,53.6367,53.1158,52.6064,52.1082,51.6206,51.1433,50.6761,50.2184,49.7701,49.3308,48.9002,48.478,48.0639,47.6578,47.2593,46.8682,46.4844,46.1075,45.7374,45.3738,45.0167,44.6658,44.3209,43.9818,43.6485,43.3207,42.9983,42.6812,42.3692,42.0622,41.76
307.087,298.596,289.696,280.356,270.553,260.277,249.551,238.44,227.076,215.656,204.415,193.584,183.353,173.847,165.124,157.187,150,143.503,137.628,132.305,127.468,123.056,119.018,115.308,111.886,108.718,105.777,103.036,100.475,98.0743,95.8187,93.694,91.688,89.79,87.9906,86.2815,84.6554,83.1055,81.6261,80.212,78.8584,77.561,76.3161,75.12,73.9698,72.8624,71.7952,70.7658,69.7721,68.8119,67.8835,66.985,66.1148,65.2716,64.4539,63.6605,62.8901,62.1416,61.4141,60.7065,60.018,59.3477,58.6948,58.0586,57.4384,56.8335,56.2432,55.6671,55.1045,54.555,54.018,53.493,52.9797,52.4776,51.9862,51.5053,51.0345,50.5734,50.1216,49.679,49.2451,48.8197,48.4025,47.9933,47.5919,47.1979,46.8111,46.4314,46.0586,45.6923,45.3326,44.979,44.6316,44.29,43.9543,43.6241,43.2993,42.9799,42.6656,42.3563,42.052
307.458,299.014,290.17,280.896,271.17,260.983,250.356,239.352,228.097,216.776,205.617,194.845,184.646,175.148,166.413,158.449,151.226,144.688,138.769,133.402,128.522,124.07,119.994,116.247,112.792,109.593,106.623,103.855,101.269,98.8446,96.567,94.4217,92.3964,90.4803,88.6639,86.9387,85.2973,83.7331,82.2402,80.8131,79.4473,78.1382,76.8822,75.6755,74.5151,73.3981,72.3216,71.2834,70.2812,69.3128,68.3765,67.4704,66.593,65.7428,64.9183,64.1183,63.3416,62.5871,61.8536,61.1403,60.4463,59.7706,59.1126,58.4713,57.8462,57.2365,56.6416,56.061,55.494,54.9402,54.399,53.87,53.3527,52.8468,52.3517,51.8671,51.3927,50.9281,50.4729,50.0269,49.5898,49.1612,48.7409,48.3287,47.9242,47.5273,47.1377,46.7552,46.3796,46.0106,45.6482,45.2921,44.9421,44.5981,44.2598,43.9272,43.6001,43.2784,42.9618,42.6503,42.3437
307.825,299.428,290.639,281.43,271.779,261.678,251.148,240.249,229.099,217.876,206.799,196.086,185.922,176.434,167.69,159.702,152.444,145.867,139.906,134.496,129.574,125.082,120.968,117.186,113.697,110.468,107.468,104.673,102.062,99.6143,97.3148,95.149,93.1044,91.1702,89.3368,87.5955,85.939,84.3604,82.8539,81.414,80.0359,78.7152,77.448,76.2308,75.0603,73.9335,72.8478,71.8007,70.79,69.8134,68.8693,67.9556,67.071,66.2137,65.3825,64.5759,63.7929,63.0323,62.2929,61.5739,60.8744,60.1933,59.53,58.8837,58.2537,57.6392,57.0397,56.4546,55.8832,55.3252,54.7798,54.2468,53.7256,53.2157,52.7169,52.2287,51.7507,51.2826,50.824,50.3747,49.9343,49.5025,49.0791,48.6638,48.2563,47.8565,47.464,47.0787,46.7004,46.3287,45.9637,45.6049,45.2524,44.9059,44.5652,44.2302,43.9007,43.5766,43.2578,42.9441,42.6353
308.19,299.839,291.103,281.957,272.379,262.363,251.927,241.129,230.083,218.957,207.961,197.308,187.18,177.705,168.954,160.944,153.655,147.039,141.037,135.586,130.623,126.091,121.94,118.123,114.601,111.341,108.312,105.491,102.854,100.383,98.0621,95.8758,93.812,91.8598,90.0093,88.252,86.5803,84.9875,83.4673,82.0145,80.6242,79.2918,78.0136,76.7858,75.6052,74.4687,73.3738,72.3178,71.2985,70.3138,69.3618,68.4406,67.5487,66.6844,65.8464,65.0333,64.244,63.4772,62.732,62.0073,61.3022,60.6158,59.9473,59.2959,58.661,58.0417,57.4376,56.848,56.2723,55.7099,55.1604,54.6233,54.0982,53.5845,53.0819,52.59,52.1084,51.6368,51.1749,50.7222,50.2785,49.8436,49.4171,48.9987,48.5883,48.1855,47.7902,47.4021,47.0209,46.6466,46.2789,45.9176,45.5625,45.2135,44.8704,44.533,44.2011,43.8747,43.5536,43.2377,42.9267
308.551,300.245,291.563,282.478,272.971,263.037,252.693,241.995,231.05,220.019,209.104,198.511,188.42,178.961,170.205,162.176,154.857,148.205,142.163,136.671,131.669,127.098,122.91,119.058,115.504,112.213,109.156,106.308,103.646,101.152,98.8089,96.6022,94.5192,92.5489,90.6814,88.9082,87.2213,85.6142,84.0805,82.6148,81.2122,79.8682,78.5789,77.3405,76.1498,75.0037,73.8995,72.8346,71.8068,70.814,69.8541,68.9253,68.0261,67.1548,66.31,65.4904,64.6948,63.9219,63.1708,62.4404,61.7297,61.038,60.3643,59.7079,59.068,58.444,57.8353,57.2411,56.661,56.0944,55.5408,54.9996,54.4705,53.953,53.4467,52.9511,52.466,51.9909,51.5255,51.0695,50.6226,50.1844,49.7548,49.3334,48.92,48.5143,48.1161,47.7252,47.3413,46.9643,46.5939,46.23,45.8724,45.5209,45.1753,44.8355,44.5013,44.1726,43.8492,43.531,43.2179
308.91,300.648,292.017,282.993,273.556,263.702,253.448,242.847,232,221.063,210.228,199.696,189.644,180.202,171.444,163.398,156.051,149.364,143.284,137.753,132.711,128.103,123.878,119.991,116.405,113.084,109.998,107.124,104.437,101.92,99.5551,97.328,95.2259,93.2376,91.3532,89.5639,87.862,86.2405,84.6933,83.2147,81.7999,80.4443,79.1439,77.8949,76.6941,75.5383,74.4249,73.3512,72.3149,71.3138,70.3461,69.4098,68.5033,67.625,66.7734,65.9473,65.1454,64.3664,63.6094,62.8732,62.1571,61.4599,60.781,60.1196,59.4748,58.8461,58.2327,57.6341,57.0496,56.4787,55.9209,55.3757,54.8427,54.3213,53.8112,53.312,52.8233,52.3447,51.8759,51.4166,50.9664,50.5251,50.0923,49.6679,49.2515,48.8429,48.4418,48.0481,47.6615,47.2818,46.9088,46.5423,46.1821,45.8281,45.4801,45.1379,44.8014,44.4703,44.1447,43.8242,43.5089
309.265,301.047,292.467,283.502,274.134,264.358,254.191,243.684,232.934,222.089,211.333,200.863,190.851,181.428,172.67,164.609,157.236,150.516,144.4,138.83,133.75,129.104,124.843,120.923,117.304,113.953,110.84,107.939,105.228,102.687,100.301,98.0533,95.9321,93.9259,92.0245,90.2193,88.5023,86.8665,85.3057,83.8144,82.3873,81.0201,79.7086,78.4491,77.2381,76.0727,74.95,73.8675,72.8227,71.8134,70.8378,69.894,68.9802,68.0949,67.2366,66.4039,65.5957,64.8106,64.0477,63.3058,62.5841,61.8816,61.1975,60.531,59.8814,59.2479,58.6299,58.0267,57.4379,56.8627,56.3008,55.7516,55.2146,54.6894,54.1756,53.6727,53.1804,52.6983,52.2261,51.7635,51.31,50.8655,50.4297,50.0022,49.5828,49.1712,48.7673,48.3708,47.9814,47.599,47.2234,46.8543,46.4916,46.1351,45.7847,45.4401,45.1012,44.7678,44.4399,44.1172,43.7997
309.618,301.442,292.912,284.005,274.704,265.004,254.923,244.508,233.853,223.097,212.421,202.012,192.042,182.639,173.883,165.809,158.413,151.662,145.51,139.903,134.786,130.103,125.807,121.853,118.203,114.821,111.68,108.753,106.017,103.454,101.046,98.778,96.6378,94.6136,92.6954,90.8742,89.1422,87.4921,85.9178,84.4136,82.9744,81.5956,80.273,79.0029,77.7819,76.6068,75.4749,74.3834,73.3301,72.3128,71.3293,70.3779,69.4569,68.5645,67.6995,66.8603,66.0457,65.2546,64.4857,63.7382,63.011,62.3031,61.6138,60.9423,60.2877,59.6494,59.0268,58.4192,57.8259,57.2465,56.6805,56.1272,55.5863,55.0572,54.5396,54.0331,53.5373,53.0517,52.5761,52.1101,51.6534,51.2057,50.7668,50.3362,49.9138,49.4994,49.0926,48.6933,48.3012,47.9161,47.5378,47.1662,46.8009,46.442,46.089,45.7421,45.4008,45.0652,44.7349,44.41,44.0903
309.968,301.834,293.353,284.502,275.266,265.641,255.643,245.319,234.756,224.089,213.491,203.144,193.216,183.835,175.084,166.999,159.58,152.8,146.615,140.972,135.817,131.099,126.768,122.781,119.099,115.688,112.519,109.566,106.806,104.22,101.79,99.5021,97.3429,95.3009,93.3658,91.5287,89.7816,88.1174,86.5296,85.0125,83.5611,82.1707,80.837,79.5564,78.3253,77.1406,75.9994,74.8991,73.8373,72.8118,71.8205,70.8616,69.9332,69.0339,68.1621,67.3164,66.4955,65.6983,64.9235,64.1703,63.4375,62.7243,62.0298,61.3532,60.6938,60.0508,59.4235,58.8114,58.2138,57.6301,57.0599,56.5026,55.9577,55.4248,54.9035,54.3933,53.8939,53.4048,52.9258,52.4565,51.9966,51.5457,51.1036,50.67,50.2447,49.8273,49.4177,49.0156,48.6207,48.233,47.852,47.4778,47.11,46.7486,46.3932,46.0438,45.7002,45.3623,45.0298,44.7027,44.3807
310.315,302.223,293.789,284.994,275.822,266.27,256.354,246.117,235.644,225.065,214.544,204.259,194.374,185.017,176.272,168.178,160.739,153.931,147.713,142.036,136.845,132.092,127.727,123.707,119.994,116.554,113.357,110.378,107.594,104.985,102.534,100.226,98.0475,95.9876,94.0357,92.1828,90.4206,88.7422,87.1409,85.6111,84.1475,82.7454,81.4008,80.1096,78.8684,77.674,76.5236,75.4145,74.3442,73.3105,72.3114,71.3449,70.4093,69.503,68.6244,67.7722,66.945,66.1417,65.3611,64.6021,63.8638,63.1453,62.4456,61.7639,61.0996,60.4518,59.8199,59.2033,58.6013,58.0134,57.4391,56.8777,56.3289,55.7922,55.2671,54.7533,54.2503,53.7578,53.2754,52.8027,52.3395,51.8855,51.4403,51.0037,50.5753,50.155,49.7426,49.3376,48.9401,48.5496,48.1661,47.7892,47.4189,47.055,46.6972,46.3454,45.9994,45.6592,45.3244,44.9951,44.671
310.659,302.608,294.222,285.481,276.372,266.891,257.053,246.902,236.519,226.025,215.581,205.358,195.516,186.185,177.447,169.347,161.889,155.055,148.806,143.095,137.87,133.081,128.683,124.631,120.887,117.418,114.194,111.189,108.38,105.749,103.276,100.948,98.7514,96.6737,94.7051,92.8363,91.0592,89.3665,87.7518,86.2092,84.7334,83.3198,81.9641,80.6624,79.4112,78.2072,77.0476,75.9296,74.8508,73.809,72.802,71.828,70.8851,69.9718,69.0865,68.2277,67.3943,66.5848,65.7983,65.0337,64.2899,63.5659,62.8611,62.1744,61.5052,60.8526,60.2161,59.595,58.9887,58.3965,57.818,57.2526,56.6999,56.1593,55.6305,55.113,54.6065,54.1105,53.6246,53.1487,52.6822,52.225,51.7767,51.3371,50.9058,50.4826,50.0672,49.6595,49.2592,48.866,48.4799,48.1004,47.7276,47.3612,47.0009,46.6468,46.2985,45.9559,45.6189,45.2873,44.961
311.001,302.989,294.65,285.962,276.914,267.503,257.743,247.676,237.379,226.97,216.601,206.44,196.643,187.338,178.61,170.504,163.03,156.172,149.893,144.149,138.89,134.068,129.636,125.552,121.778,118.28,115.029,111.999,109.166,106.512,104.018,101.67,99.4547,97.3593,95.374,93.4894,91.6973,89.9905,88.3623,86.8069,85.319,83.8939,82.5271,81.2149,79.9536,78.74,77.5711,76.4443,75.3571,74.3071,73.2923,72.3108,71.3606,70.4403,69.5482,68.683,67.8432,67.0277,66.2353,65.465,64.7156,63.9864,63.2763,62.5846,61.9105,61.2532,60.6121,59.9865,59.3757,58.7793,58.1967,57.6273,57.0706,56.5262,55.9937,55.4725,54.9624,54.4629,53.9737,53.4944,53.0247,52.5643,52.1129,51.6702,51.2359,50.8098,50.3916,49.9811,49.5781,49.1822,48.7934,48.4115,48.0361,47.6672,47.3045,46.9479,46.5973,46.2524,45.9131,45.5793,45.2508
