CH4 Specific Heat [J kg^-1 K^-1] PelePhys
1.06823e+06,8261.91,5730.58,4734.04,4184.48,3831.51,3583.99,3400.21,3258.21,3145.24,3053.35,2977.32,2913.57,2859.55,2813.39,2773.69,2739.38,2709.63,2683.77,2661.27,2641.69,2624.69,2609.95,2597.25,2586.36,2577.1,2569.32,2562.89,2557.69,2553.62,2550.58,2548.51,2547.33,2546.98,2547.39,2548.53,2550.34,2552.78,2555.82,2559.42,2563.55,2568.17,2573.27,2578.82,2584.79,2591.16,2597.92,2605.04,2612.51,2620.31,2628.42,2636.84,2645.54,2654.52,2663.76,2673.25,2682.98,2692.94,2703.11,2713.5,2724.09,2734.86,2745.82,2756.96,2768.26,2779.72,2791.34,2803.1,2815,2827.03,2839.19,2851.46,2863.86,2876.36,2888.96,2901.67,2914.47,2927.35,2940.32,2953.37,2966.49,2979.68,2992.94,3006.26,3019.64,3033.07,3046.55,3060.08,3073.65,3087.26,3100.9,3114.58,3128.29,3142.02,3155.77,3169.55,3183.34,3197.15,3210.97,3224.8,3238.63
31274.8,9648.42,6153.22,4952.46,4322.82,3929.17,3657.75,3458.53,3305.88,3185.2,3087.52,3007,2939.69,2882.78,2834.24,2792.56,2756.57,2725.37,2698.27,2674.69,2654.16,2636.32,2620.84,2607.46,2595.97,2586.17,2577.9,2571.02,2565.41,2560.96,2557.58,2555.19,2553.72,2553.09,2553.25,2554.15,2555.74,2557.97,2560.82,2564.23,2568.19,2572.65,2577.6,2583,2588.83,2595.08,2601.71,2608.72,2616.08,2623.77,2631.78,2640.1,2648.72,2657.61,2666.76,2676.17,2685.82,2695.71,2705.81,2716.13,2726.65,2737.37,2748.27,2759.34,2770.59,2782,2793.56,2805.27,2817.12,2829.11,2841.22,2853.45,2865.8,2878.27,2890.83,2903.5,2916.26,2929.11,2942.04,2955.06,2968.14,2981.31,2994.53,3007.82,3021.17,3034.57,3048.03,3061.53,3075.07,3088.65,3102.28,3115.93,3129.61,3143.32,3157.05,3170.81,3184.58,3198.37,3212.16,3225.97,3239.79
21309.8,11731.4,6659.59,5197.38,4473.08,4033.28,3735.39,3519.39,3355.31,3226.42,3122.62,3037.39,2966.35,2906.44,2855.44,2811.71,2773.98,2741.31,2712.94,2688.24,2666.75,2648.04,2631.8,2617.75,2605.64,2595.29,2586.52,2579.19,2573.16,2568.34,2564.61,2561.89,2560.12,2559.21,2559.12,2559.78,2561.14,2563.17,2565.82,2569.05,2572.83,2577.14,2581.93,2587.18,2592.88,2599,2605.51,2612.4,2619.64,2627.23,2635.14,2643.37,2651.89,2660.69,2669.76,2679.09,2688.67,2698.48,2708.51,2718.76,2729.22,2739.87,2750.71,2761.73,2772.92,2784.27,2795.78,2807.44,2819.25,2831.18,2843.25,2855.44,2867.75,2880.17,2892.7,2905.32,2918.05,2930.86,2943.76,2956.74,2969.8,2982.93,2996.12,3009.38,3022.7,3036.07,3049.5,3062.97,3076.49,3090.05,3103.64,3117.27,3130.93,3144.62,3158.33,3172.06,3185.81,3199.58,3213.36,3227.15,3240.94
17211.1,15149.9,7274.74,5473.29,4636.61,4144.35,3817.18,3582.91,3406.55,3268.94,3158.67,3068.5,2993.58,2930.55,2877,2831.14,2791.64,2757.45,2727.76,2701.93,2679.45,2659.87,2642.85,2628.1,2615.38,2604.47,2595.19,2587.4,2580.95,2575.74,2571.66,2568.62,2566.54,2565.36,2565,2565.42,2566.56,2568.38,2570.83,2573.88,2577.49,2581.62,2586.26,2591.37,2596.93,2602.92,2609.3,2616.07,2623.21,2630.69,2638.5,2646.63,2655.06,2663.77,2672.76,2682.01,2691.51,2701.24,2711.21,2721.39,2731.78,2742.37,2753.15,2764.11,2775.24,2786.54,2798,2809.61,2821.37,2833.26,2845.28,2857.43,2869.69,2882.07,2894.56,2907.15,2919.83,2932.61,2945.48,2958.42,2971.45,2984.54,2997.71,3010.94,3024.23,3037.57,3050.97,3064.42,3077.91,3091.44,3105.01,3118.62,3132.25,3145.92,3159.61,3173.32,3187.04,3200.79,3214.55,3228.32,3242.09
14872.6,21333,8033,5785.56,4814.93,4262.95,3903.35,3649.22,3459.67,3312.79,3195.71,3100.35,3021.37,2955.1,2898.91,2850.86,2809.52,2773.77,2742.75,2715.76,2692.26,2671.79,2653.98,2638.53,2625.17,2613.69,2603.9,2595.64,2588.77,2583.17,2578.73,2575.36,2572.98,2571.52,2570.9,2571.08,2571.99,2573.6,2575.85,2578.71,2582.14,2586.12,2590.6,2595.56,2600.98,2606.84,2613.1,2619.75,2626.78,2634.15,2641.86,2649.89,2658.23,2666.85,2675.76,2684.92,2694.35,2704.01,2713.9,2724.02,2734.34,2744.87,2755.59,2766.49,2777.57,2788.81,2800.22,2811.78,2823.48,2835.33,2847.3,2859.41,2871.63,2883.97,2896.42,2908.97,2921.62,2934.36,2947.19,2960.1,2973.09,2986.16,2999.29,3012.49,3025.75,3039.07,3052.44,3065.86,3079.32,3092.83,3106.38,3119.96,3133.57,3147.21,3160.88,3174.57,3188.27,3202,3215.74,3229.49,3243.24
13325.5,31462.4,8980.84,6140.49,5009.68,4389.69,3994.16,3718.44,3514.75,3358.01,3233.74,3132.94,3049.74,2980.1,2921.18,2870.87,2827.64,2790.29,2757.89,2729.72,2705.18,2683.8,2665.19,2649.02,2635.03,2622.97,2612.66,2603.93,2596.62,2590.63,2585.83,2582.13,2579.44,2577.69,2576.81,2576.74,2577.43,2578.82,2580.87,2583.55,2586.8,2590.61,2594.94,2599.75,2605.04,2610.76,2616.9,2623.43,2630.34,2637.61,2645.22,2653.15,2661.39,2669.93,2678.75,2687.84,2697.18,2706.77,2716.59,2726.64,2736.9,2747.36,2758.02,2768.86,2779.89,2791.08,2802.43,2813.94,2825.6,2837.4,2849.33,2861.39,2873.57,2885.87,2898.27,2910.79,2923.4,2936.1,2948.9,2961.78,2974.74,2987.77,3000.87,3014.04,3027.27,3040.56,3053.9,3067.3,3080.74,3094.22,3107.74,3121.3,3134.89,3148.5,3162.15,3175.81,3189.5,3203.2,3216.92,3230.65,3244.39
12210.5,33882.5,10178.2,6545.38,5222.69,4525.19,4089.89,3790.71,3571.84,3404.63,3272.78,3166.3,3078.69,3005.56,2943.8,2891.17,2846,2807,2773.2,2743.81,2718.22,2695.91,2676.48,2659.59,2644.94,2632.3,2621.46,2612.25,2604.51,2598.11,2592.95,2588.91,2585.92,2583.88,2582.73,2582.42,2582.87,2584.05,2585.9,2588.39,2591.47,2595.11,2599.28,2603.95,2609.09,2614.68,2620.69,2627.11,2633.91,2641.07,2648.57,2656.41,2664.56,2673.01,2681.74,2690.75,2700.02,2709.53,2719.28,2729.26,2739.45,2749.85,2760.45,2771.24,2782.2,2793.34,2804.64,2816.1,2827.71,2839.46,2851.35,2863.36,2875.5,2887.76,2900.13,2912.6,2925.18,2937.85,2950.61,2963.45,2976.38,2989.38,3002.45,3015.59,3028.79,3042.05,3055.37,3068.73,3082.15,3095.6,3109.1,3122.63,3136.2,3149.79,3163.42,3177.06,3190.73,3204.41,3218.11,3231.82,3245.54
11360.7,26618.7,11690.5,7008.38,5455.89,4670.11,4190.8,3866.13,3631,3452.69,3312.86,3200.42,3108.22,3031.47,2966.79,2911.76,2864.59,2823.9,2788.66,2758.04,2731.36,2708.11,2687.85,2670.22,2654.91,2641.67,2630.3,2620.6,2612.42,2605.63,2600.09,2595.72,2592.41,2590.08,2588.67,2588.1,2588.33,2589.29,2590.94,2593.23,2596.14,2599.61,2603.62,2608.14,2613.15,2618.6,2624.49,2630.79,2637.47,2644.52,2651.93,2659.67,2667.72,2676.09,2684.73,2693.66,2702.85,2712.29,2721.97,2731.88,2742.01,2752.34,2762.88,2773.61,2784.52,2795.6,2806.85,2818.26,2829.82,2841.52,2853.36,2865.34,2877.43,2889.65,2901.98,2914.41,2926.95,2939.59,2952.31,2965.12,2978.01,2990.98,3004.02,3017.13,3030.31,3043.54,3056.83,3070.17,3083.55,3096.99,3110.46,3123.97,3137.51,3151.08,3164.68,3178.3,3191.95,3205.61,3219.29,3232.98,3246.68
10686.7,21148.5,13550.6,7537.97,5711.26,4825.1,4297.15,3944.84,3692.31,3502.22,3354,3235.32,3138.34,3057.83,2990.13,2932.63,2883.41,2841,2804.28,2772.39,2744.62,2720.41,2699.3,2680.91,2664.93,2651.1,2639.18,2628.99,2620.37,2613.16,2607.26,2602.54,2598.92,2596.3,2594.62,2593.8,2593.79,2594.53,2595.98,2598.09,2600.81,2604.12,2607.97,2612.34,2617.2,2622.53,2628.29,2634.46,2641.04,2647.98,2655.28,2662.92,2670.89,2679.16,2687.72,2696.57,2705.68,2715.04,2724.65,2734.49,2744.56,2754.83,2765.31,2775.97,2786.83,2797.86,2809.06,2820.41,2831.93,2843.58,2855.38,2867.31,2879.36,2891.54,2903.83,2916.22,2928.72,2941.32,2954.01,2966.79,2979.65,2992.59,3005.6,3018.68,3031.82,3045.03,3058.29,3071.6,3084.96,3098.37,3111.81,3125.3,3138.82,3152.37,3165.94,3179.55,3193.17,3206.81,3220.47,3234.14,3247.82
10136.2,17757.2,15647.4,8141.68,5990.76,4990.8,4409.2,4026.95,3755.8,3553.24,3396.19,3271,3169.06,3084.65,3013.83,2953.79,2902.46,2858.28,2820.06,2786.87,2757.98,2732.79,2710.82,2691.67,2675.01,2660.56,2648.1,2637.42,2628.34,2620.73,2614.44,2609.38,2605.44,2602.53,2600.57,2599.51,2599.26,2599.79,2601.03,2602.94,2605.49,2608.62,2612.32,2616.54,2621.26,2626.45,2632.08,2638.14,2644.6,2651.44,2658.63,2666.18,2674.05,2682.23,2690.71,2699.47,2708.5,2717.8,2727.33,2737.11,2747.1,2757.31,2767.73,2778.34,2789.14,2800.11,2811.26,2822.57,2834.03,2845.64,2857.39,2869.27,2881.29,2893.42,2905.67,2918.03,2930.49,2943.06,2955.71,2968.45,2981.28,2994.19,3007.17,3020.22,3033.33,3046.51,3059.74,3073.03,3086.36,3099.74,3113.17,3126.63,3140.12,3153.65,3167.2,3180.78,3194.39,3208.01,3221.65,3235.3,3248.96
9676.22,15525.3,17551.7,8823.6,6296.09,5167.8,4527.18,4112.56,3821.53,3605.78,3439.46,3307.47,3200.36,3111.93,3037.89,2975.23,2921.74,2875.74,2835.99,2801.48,2771.45,2745.26,2722.42,2702.49,2685.14,2670.08,2657.06,2645.87,2636.34,2628.31,2621.65,2616.24,2611.98,2608.77,2606.54,2605.22,2604.74,2605.04,2606.08,2607.8,2610.16,2613.13,2616.67,2620.74,2625.32,2630.37,2635.88,2641.82,2648.16,2654.89,2661.98,2669.43,2677.21,2685.3,2693.69,2702.37,2711.33,2720.55,2730.01,2739.71,2749.65,2759.79,2770.15,2780.7,2791.44,2802.36,2813.46,2824.71,2836.13,2847.69,2859.4,2871.24,2883.21,2895.3,2907.51,2919.83,2932.26,2944.79,2957.41,2970.12,2982.91,2995.78,3008.73,3021.75,3034.84,3047.99,3061.19,3074.45,3087.76,3101.12,3114.52,3127.95,3141.42,3154.93,3168.46,3182.02,3195.6,3209.2,3222.82,3236.45,3250.1
9284.75,13952.6,18582.1,9579.83,6628.47,5356.59,4651.29,4201.75,3889.55,3659.86,3483.82,3344.74,3232.27,3139.66,3062.31,2996.96,2941.25,2893.4,2852.07,2816.22,2785.02,2757.82,2734.09,2713.38,2695.33,2679.64,2666.06,2654.36,2644.37,2635.92,2628.88,2623.12,2618.53,2615.03,2612.52,2610.94,2610.23,2610.31,2611.14,2612.66,2614.85,2617.64,2621.02,2624.94,2629.38,2634.3,2639.68,2645.49,2651.72,2658.34,2665.33,2672.68,2680.36,2688.37,2696.67,2705.27,2714.15,2723.29,2732.69,2742.32,2752.19,2762.27,2772.56,2783.06,2793.74,2804.61,2815.65,2826.86,2838.22,2849.74,2861.4,2873.2,2885.13,2897.18,2909.35,2921.63,2934.02,2946.51,2959.1,2971.78,2984.54,2997.38,3010.3,3023.29,3036.35,3049.46,3062.64,3075.88,3089.16,3102.49,3115.86,3129.28,3142.72,3156.21,3169.72,3183.25,3196.82,3210.4,3223.99,3237.61,3251.23
8946.62,12782.7,18418.3,10391.6,6988.19,5557.51,4781.69,4294.61,3959.88,3715.5,3529.27,3382.79,3264.76,3167.85,3087.08,3018.97,2960.98,2911.23,2868.3,2831.08,2798.7,2770.47,2745.83,2724.32,2705.56,2689.24,2675.09,2662.88,2652.43,2643.56,2636.12,2630.01,2625.1,2621.29,2618.51,2616.67,2615.72,2615.58,2616.2,2617.53,2619.53,2622.16,2625.37,2629.14,2633.43,2638.22,2643.47,2649.17,2655.28,2661.79,2668.68,2675.93,2683.52,2691.43,2699.65,2708.17,2716.97,2726.04,2735.36,2744.92,2754.72,2764.74,2774.98,2785.41,2796.04,2806.86,2817.84,2829,2840.32,2851.79,2863.4,2875.16,2887.04,2899.06,2911.19,2923.43,2935.78,2948.24,2960.79,2973.43,2986.16,2998.97,3011.86,3024.82,3037.85,3050.94,3064.09,3077.3,3090.55,3103.86,3117.21,3130.6,3144.02,3157.48,3170.97,3184.49,3198.03,3211.59,3225.16,3238.76,3252.36
8650.93,11875.7,17427.4,11217.4,7374.03,5770.67,4918.47,4391.18,4032.54,3772.69,3575.81,3421.64,3297.85,3196.49,3112.21,3041.26,2980.94,2929.25,2884.68,2846.06,2812.47,2783.2,2757.64,2735.32,2715.85,2698.89,2684.16,2671.44,2660.51,2651.21,2643.39,2636.92,2631.68,2627.57,2624.51,2622.41,2621.22,2620.85,2621.26,2622.4,2624.22,2626.67,2629.73,2633.34,2637.49,2642.14,2647.27,2652.84,2658.84,2665.24,2672.02,2679.17,2686.67,2694.49,2702.63,2711.06,2719.79,2728.78,2738.03,2747.52,2757.26,2767.22,2777.39,2787.76,2798.34,2809.1,2820.03,2831.14,2842.41,2853.83,2865.4,2877.11,2888.96,2900.93,2913.02,2925.23,2937.54,2949.96,2962.48,2975.09,2987.78,3000.56,3013.42,3026.35,3039.35,3052.41,3065.53,3078.71,3091.95,3105.23,3118.55,3131.92,3145.32,3158.75,3172.22,3185.72,3199.23,3212.77,3226.33,3239.91,3253.49
8389.64,11149.7,16151.1,11989,7782.57,5995.86,5061.64,4491.47,4107.54,3831.45,3623.45,3461.28,3331.53,3225.58,3137.68,3063.82,3001.11,2947.44,2901.2,2861.16,2826.35,2796.01,2769.52,2746.39,2726.19,2708.58,2693.27,2680.02,2668.62,2658.89,2650.67,2643.84,2638.27,2633.86,2630.51,2628.16,2626.72,2626.13,2626.33,2627.27,2628.91,2631.19,2634.08,2637.54,2641.55,2646.06,2651.06,2656.51,2662.39,2668.69,2675.37,2682.42,2689.82,2697.55,2705.6,2713.96,2722.6,2731.51,2740.69,2750.12,2759.79,2769.68,2779.79,2790.11,2800.63,2811.33,2822.22,2833.28,2844.5,2855.87,2867.4,2879.06,2890.87,2902.8,2914.85,2927.02,2939.3,2951.68,2964.16,2976.74,2989.4,3002.15,3014.97,3027.87,3040.84,3053.88,3066.98,3080.13,3093.34,3106.59,3119.89,3133.23,3146.61,3160.03,3173.47,3186.94,3200.44,3213.96,3227.5,3241.05,3254.62
8156.68,10553.6,14907.8,12620.5,8207.32,6232.39,5211.1,4595.45,4184.88,3891.76,3672.16,3501.71,3365.78,3255.11,3163.49,3086.65,3021.5,2965.81,2917.86,2876.37,2840.32,2808.9,2781.47,2757.51,2736.57,2718.3,2702.41,2688.63,2676.75,2666.58,2657.97,2650.78,2644.87,2640.15,2636.53,2633.91,2632.23,2631.41,2631.4,2632.15,2633.6,2635.7,2638.43,2641.74,2645.6,2649.98,2654.85,2660.18,2665.95,2672.13,2678.71,2685.66,2692.96,2700.61,2708.57,2716.84,2725.41,2734.25,2743.36,2752.72,2762.32,2772.15,2782.2,2792.46,2802.92,2813.57,2824.4,2835.41,2846.58,2857.91,2869.39,2881.01,2892.77,2904.66,2916.68,2928.81,2941.05,2953.39,2965.84,2978.38,2991.01,3003.73,3016.53,3029.4,3042.34,3055.35,3068.42,3081.54,3094.72,3107.95,3121.23,3134.55,3147.9,3161.29,3174.72,3188.17,3201.65,3215.14,3228.66,3242.2,3255.75
7947.37,10054.2,13810.3,13034.6,8638.02,6479.02,5366.6,4703.06,4264.51,3953.61,3721.95,3542.9,3400.62,3285.08,3189.65,3109.74,3042.11,2984.34,2934.67,2891.7,2854.39,2821.87,2793.49,2768.68,2747,2728.07,2711.58,2697.27,2684.9,2674.3,2665.29,2657.73,2651.49,2646.46,2642.55,2639.67,2637.74,2636.7,2636.48,2637.02,2638.29,2640.22,2642.79,2645.94,2649.66,2653.9,2658.64,2663.85,2669.5,2675.57,2682.04,2688.89,2696.11,2703.66,2711.54,2719.73,2728.21,2736.98,2746.02,2755.31,2764.84,2774.61,2784.6,2794.8,2805.2,2815.8,2826.58,2837.54,2848.66,2859.94,2871.38,2882.96,2894.68,2906.52,2918.5,2930.59,2942.8,2955.11,2967.52,2980.03,2992.63,3005.31,3018.08,3030.92,3043.83,3056.81,3069.85,3082.95,3096.11,3109.31,3122.56,3135.86,3149.19,3162.56,3175.96,3189.39,3202.85,3216.33,3229.82,3243.34,3256.87
7758.04,9628.74,12874.3,13194.1,9060.33,6733.76,5527.73,4814.18,4346.4,4016.96,3772.79,3584.86,3436.01,3315.47,3216.13,3133.1,3062.92,3003.05,2951.6,2907.14,2868.54,2834.92,2805.56,2779.9,2757.47,2737.87,2720.78,2705.93,2693.08,2682.03,2672.62,2664.69,2658.11,2652.78,2648.58,2645.44,2643.26,2641.99,2641.55,2641.9,2642.98,2644.74,2647.14,2650.14,2653.71,2657.82,2662.43,2667.51,2673.05,2679.01,2685.38,2692.13,2699.25,2706.71,2714.5,2722.61,2731.02,2739.71,2748.67,2757.89,2767.36,2777.07,2787,2797.14,2807.49,2818.03,2828.76,2839.66,2850.74,2861.97,2873.36,2884.9,2896.58,2908.38,2920.32,2932.37,2944.54,2956.82,2969.19,2981.67,2994.24,3006.89,3019.62,3032.44,3045.32,3058.27,3071.29,3084.36,3097.49,3110.67,3123.89,3137.16,3150.48,3163.82,3177.2,3190.61,3204.05,3217.5,3230.98,3244.48,3257.99
7585.74,9261.18,12082.7,13115.7,9456.44,6993.79,5693.88,4928.6,4430.45,4081.79,3824.66,3627.56,3471.96,3346.29,3242.94,3156.71,3083.93,3021.92,2968.68,2922.69,2882.79,2848.04,2817.7,2791.18,2767.99,2747.71,2730.01,2714.62,2701.28,2689.79,2679.97,2671.67,2664.75,2659.1,2654.62,2651.2,2648.78,2647.28,2646.63,2646.78,2647.67,2649.26,2651.49,2654.34,2657.77,2661.73,2666.21,2671.17,2676.59,2682.45,2688.71,2695.36,2702.38,2709.76,2717.46,2725.49,2733.82,2742.43,2751.33,2760.48,2769.88,2779.52,2789.39,2799.47,2809.77,2820.25,2830.93,2841.79,2852.81,2864,2875.35,2886.84,2898.47,2910.24,2922.14,2934.15,2946.28,2958.52,2970.87,2983.31,2995.84,3008.46,3021.17,3033.95,3046.81,3059.73,3072.72,3085.76,3098.87,3112.02,3125.22,3138.47,3151.76,3165.08,3178.44,3191.83,3205.24,3218.68,3232.14,3245.62,3259.11
7428.13,8939.91,11411.6,12854.8,9806.83,7255.33,5864.17,5046.07,4516.56,4148.02,3877.53,3670.98,3508.45,3377.51,3270.06,3180.57,3105.14,3040.94,2985.88,2938.35,2897.12,2861.23,2829.9,2802.51,2778.54,2757.58,2739.28,2723.33,2709.5,2697.56,2687.33,2678.66,2671.4,2665.43,2660.66,2656.98,2654.31,2652.58,2651.71,2651.66,2652.36,2653.77,2655.85,2658.54,2661.82,2665.65,2670,2674.84,2680.14,2685.88,2692.04,2698.59,2705.52,2712.8,2720.42,2728.36,2736.61,2745.16,2753.97,2763.06,2772.4,2781.97,2791.78,2801.81,2812.04,2822.47,2833.1,2843.9,2854.88,2866.03,2877.33,2888.77,2900.37,2912.09,2923.95,2935.93,2948.02,2960.23,2972.54,2984.94,2997.45,3010.04,3022.71,3035.46,3048.29,3061.18,3074.14,3087.17,3100.24,3113.37,3126.55,3139.77,3153.04,3166.34,3179.68,3193.04,3206.44,3219.86,3233.3,3246.75,3260.23
7283.25,8656.25,10838.4,12478.6,10093.2,7513.69,6037.5,5166.22,4604.59,4215.6,3931.35,3715.11,3545.45,3409.13,3297.49,3204.67,3126.54,3060.12,3003.2,2954.1,2911.54,2874.49,2842.16,2813.88,2789.14,2767.49,2748.57,2732.07,2717.73,2705.34,2694.7,2685.65,2678.05,2671.77,2666.71,2662.76,2659.84,2657.88,2656.8,2656.54,2657.06,2658.29,2660.2,2662.74,2665.87,2669.56,2673.78,2678.49,2683.68,2689.31,2695.36,2701.82,2708.65,2715.84,2723.38,2731.24,2739.41,2747.87,2756.62,2765.64,2774.91,2784.42,2794.17,2804.13,2814.31,2824.69,2835.26,2846.02,2856.95,2868.05,2879.3,2890.71,2902.26,2913.94,2925.76,2937.7,2949.76,2961.93,2974.2,2986.58,2999.05,3011.6,3024.25,3036.97,3049.77,3062.64,3075.57,3088.56,3101.62,3114.72,3127.88,3141.08,3154.32,3167.6,3180.91,3194.26,3207.63,3221.03,3234.45,3247.89,3261.34
7149.53,8403.62,10344.8,12044.8,10301.8,7763.38,6212.47,5288.62,4694.35,4284.44,3986.09,3759.9,3582.96,3441.13,3325.22,3229,3148.13,3079.45,3020.64,2969.96,2926.03,2887.82,2854.47,2825.3,2799.77,2777.43,2757.88,2740.83,2725.99,2713.14,2702.09,2692.66,2684.72,2678.12,2672.76,2668.54,2665.37,2663.17,2661.88,2661.42,2661.75,2662.81,2664.55,2666.93,2669.92,2673.47,2677.56,2682.15,2687.22,2692.74,2698.69,2705.04,2711.78,2718.88,2726.33,2734.1,2742.2,2750.59,2759.26,2768.21,2777.41,2786.86,2796.55,2806.46,2816.58,2826.91,2837.43,2848.13,2859.01,2870.06,2881.27,2892.63,2904.14,2915.79,2927.57,2939.47,2951.49,2963.62,2975.86,2988.21,3000.64,3013.17,3025.78,3038.48,3051.25,3064.09,3076.99,3089.96,3102.99,3116.07,3129.2,3142.37,3155.59,3168.85,3182.14,3195.47,3208.82,3222.2,3235.6,3249.02,3262.45
7025.62,8176.92,9915.91,11594.3,10426.1,7998.36,6387.36,5412.71,4785.64,4354.43,4041.67,3805.32,3620.95,3473.5,3353.23,3253.56,3169.89,3098.92,3038.2,2985.9,2940.61,2901.21,2866.83,2836.77,2810.44,2787.39,2767.22,2749.61,2734.26,2720.96,2709.49,2699.68,2691.39,2684.47,2678.82,2674.33,2670.91,2668.48,2666.96,2666.31,2666.44,2667.32,2668.9,2671.12,2673.96,2677.38,2681.33,2685.8,2690.75,2696.16,2702.01,2708.26,2714.9,2721.91,2729.27,2736.97,2744.98,2753.3,2761.9,2770.78,2779.92,2789.3,2798.93,2808.78,2818.84,2829.12,2839.58,2850.24,2861.07,2872.08,2883.24,2894.56,2906.03,2917.63,2929.37,2941.23,2953.22,2965.32,2977.52,2989.83,3002.24,3014.73,3027.32,3039.98,3052.72,3065.53,3078.41,3091.35,3104.36,3117.41,3130.52,3143.67,3156.87,3170.1,3183.37,3196.67,3210.01,3223.37,3236.75,3250.15,3263.56
6910.4,7972.12,9539.99,11152.5,10467.6,8212.48,6560.24,5537.84,4878.18,4425.45,4098.04,3851.33,3659.38,3506.21,3381.51,3278.32,3191.82,3118.52,3055.87,3001.94,2955.25,2914.66,2879.24,2848.27,2821.15,2797.39,2776.59,2758.4,2742.55,2728.78,2716.89,2706.71,2698.06,2690.83,2684.88,2680.11,2676.44,2673.78,2672.05,2671.19,2671.13,2671.84,2673.24,2675.31,2678.01,2681.28,2685.11,2689.45,2694.29,2699.58,2705.32,2711.47,2718.02,2724.94,2732.22,2739.83,2747.76,2756,2764.54,2773.34,2782.42,2791.74,2801.3,2811.1,2821.11,2831.32,2841.74,2852.34,2863.13,2874.09,2885.21,2896.48,2907.91,2919.47,2931.17,2943,2954.95,2967.01,2979.18,2991.46,3003.83,3016.29,3028.85,3041.48,3054.19,3066.98,3079.83,3092.74,3105.72,3118.75,3131.83,3144.96,3158.14,3171.35,3184.6,3197.88,3211.19,3224.53,3237.89,3251.27,3264.67
6802.92,7786.01,9207.89,10733,10434.7,8400.05,6728.89,5663.25,4971.68,4497.35,4155.12,3897.9,3698.24,3539.25,3410.04,3303.29,3213.91,3138.26,3073.65,3018.06,2969.97,2928.17,2891.7,2859.81,2831.89,2807.41,2785.98,2767.22,2750.85,2736.62,2724.31,2713.74,2704.75,2697.19,2690.94,2685.91,2681.98,2679.08,2677.13,2676.07,2675.82,2676.35,2677.59,2679.5,2682.05,2685.18,2688.88,2693.1,2697.82,2703,2708.63,2714.69,2721.14,2727.97,2735.16,2742.69,2750.54,2758.71,2767.17,2775.91,2784.91,2794.17,2803.67,2813.41,2823.36,2833.53,2843.89,2854.45,2865.18,2876.09,2887.17,2898.4,2909.78,2921.31,2932.97,2944.76,2956.67,2968.7,2980.83,2993.08,3005.42,3017.85,3030.37,3042.98,3055.66,3068.42,3081.24,3094.13,3107.08,3120.09,3133.15,3146.25,3159.4,3172.59,3185.82,3199.08,3212.37,3225.69,3239.03,3252.4,3265.78
6702.37,7615.99,8912.34,10342.1,10340.3,8556.35,6890.99,5788.08,5065.77,4569.98,4212.82,3944.96,3737.48,3572.59,3438.82,3328.45,3236.16,3158.12,3091.52,3034.27,2984.75,2941.73,2904.21,2871.4,2842.66,2817.46,2795.38,2776.05,2759.17,2744.47,2731.74,2720.78,2711.43,2703.55,2697.01,2691.7,2687.52,2684.38,2682.22,2680.95,2680.51,2680.86,2681.93,2683.69,2686.08,2689.08,2692.64,2696.74,2701.34,2706.42,2711.94,2717.89,2724.25,2730.99,2738.09,2745.54,2753.32,2761.41,2769.79,2778.46,2787.4,2796.6,2806.04,2815.72,2825.62,2835.73,2846.04,2856.54,2867.23,2878.09,2889.13,2900.31,2911.66,2923.14,2934.76,2946.51,2958.39,2970.38,2982.48,2994.69,3007,3019.4,3031.9,3044.47,3057.13,3069.86,3082.65,3095.52,3108.44,3121.42,3134.46,3147.54,3160.67,3173.84,3187.04,3200.28,3213.55,3226.85,3240.18,3253.52,3266.88
6608.05,7459.94,8647.56,9981.52,10198.7,8678.13,7044.1,5911.38,5160.08,4643.14,4271.04,3992.46,3777.08,3606.22,3467.81,3353.79,3258.55,3178.09,3109.49,3050.55,2999.6,2955.34,2916.75,2883.01,2853.45,2827.53,2804.81,2784.9,2767.5,2752.33,2739.17,2727.83,2718.13,2709.92,2703.08,2697.49,2693.06,2689.68,2687.3,2685.82,2685.2,2685.36,2686.27,2687.87,2690.12,2692.98,2696.41,2700.38,2704.86,2709.83,2715.25,2721.1,2727.36,2734.01,2741.02,2748.39,2756.09,2764.1,2772.42,2781.02,2789.89,2799.02,2808.41,2818.02,2827.86,2837.92,2848.18,2858.64,2869.28,2880.09,2891.08,2902.23,2913.52,2924.97,2936.55,2948.27,2960.1,2972.06,2984.13,2996.31,3008.58,3020.95,3033.42,3045.96,3058.59,3071.29,3084.06,3096.9,3109.8,3122.76,3135.77,3148.83,3161.93,3175.08,3188.26,3201.48,3214.73,3228.01,3241.31,3254.64,3267.98
6519.35,7316.09,8408.88,9650.78,10023.8,8763.94,7185.89,6032.12,5254.15,4716.63,4329.68,4040.33,3817,3640.1,3497.02,3379.29,3281.07,3198.17,3127.54,3066.9,3014.5,2969,2929.34,2894.66,2864.27,2837.63,2814.25,2793.77,2775.84,2760.2,2746.62,2734.88,2724.82,2716.29,2709.15,2703.29,2698.6,2694.99,2692.38,2690.7,2689.88,2689.87,2690.61,2692.05,2694.15,2696.87,2700.17,2704.02,2708.38,2713.23,2718.55,2724.3,2730.46,2737.02,2743.95,2751.23,2758.85,2766.79,2775.03,2783.57,2792.37,2801.44,2810.77,2820.32,2830.11,2840.11,2850.32,2860.73,2871.32,2882.09,2893.03,2904.13,2915.39,2926.79,2938.34,2950.01,2961.82,2973.74,2985.77,2997.92,3010.16,3022.5,3034.93,3047.45,3060.05,3072.72,3085.47,3098.28,3111.15,3124.09,3137.07,3150.11,3163.19,3176.32,3189.48,3202.68,3215.91,3229.17,3242.45,3255.76,3269.08
6435.74,7182.98,8192.54,9348.08,9827.73,8814.12,7314.19,6149.23,5347.52,4790.22,4388.61,4088.52,3857.18,3674.21,3526.41,3404.95,3303.71,3218.35,3145.68,3083.32,3029.46,2982.71,2941.96,2906.34,2875.12,2847.74,2823.71,2802.64,2784.19,2768.08,2754.06,2741.94,2731.52,2722.66,2715.22,2709.08,2704.13,2700.29,2697.46,2695.57,2694.56,2694.37,2694.94,2696.23,2698.18,2700.76,2703.92,2707.65,2711.89,2716.63,2721.84,2727.49,2733.56,2740.03,2746.87,2754.07,2761.61,2769.48,2777.65,2786.11,2794.85,2803.86,2813.12,2822.62,2832.35,2842.3,2852.46,2862.81,2873.36,2884.08,2894.98,2906.04,2917.25,2928.62,2940.12,2951.76,2963.53,2975.41,2987.41,2999.52,3011.74,3024.05,3036.45,3048.94,3061.51,3074.15,3086.87,3099.66,3112.51,3125.41,3138.38,3151.39,3164.45,3177.55,3190.69,3203.87,3217.08,3230.32,3243.58,3256.87,3270.18
6356.77,7059.37,7995.46,9071.1,9620.04,8830.62,7427.14,6261.6,5439.67,4863.67,4447.71,4136.93,3897.59,3708.51,3555.96,3430.73,3326.47,3238.62,3163.88,3099.79,3044.47,2996.46,2954.62,2918.04,2885.99,2857.87,2833.19,2811.53,2792.55,2775.96,2761.52,2749,2738.23,2729.04,2721.29,2714.87,2709.67,2705.59,2702.53,2700.44,2699.24,2698.87,2699.27,2700.4,2702.2,2704.64,2707.68,2711.27,2715.4,2720.03,2725.14,2730.69,2736.66,2743.03,2749.79,2756.91,2764.37,2772.16,2780.26,2788.65,2797.33,2806.27,2815.47,2824.91,2834.59,2844.48,2854.59,2864.89,2875.39,2886.07,2896.92,2907.94,2919.11,2930.44,2941.9,2953.5,2965.23,2977.08,2989.05,3001.13,3013.31,3025.59,3037.96,3050.42,3062.96,3075.58,3088.27,3101.03,3113.86,3126.74,3139.68,3152.67,3165.7,3178.79,3191.91,3205.06,3218.25,3231.47,3244.72,3257.98,3271.27
6282.04,6944.21,7815.08,8817.42,9408.04,8816.66,7523.35,6368.17,5530.07,4936.7,4506.83,4185.5,3938.18,3742.98,3585.65,3456.64,3349.32,3258.97,3182.16,3116.33,3059.52,3010.24,2967.3,2929.77,2896.88,2868.02,2842.67,2820.43,2800.92,2783.85,2768.97,2756.06,2744.93,2735.41,2727.37,2720.67,2715.21,2710.88,2707.61,2705.31,2703.92,2703.37,2703.6,2704.57,2706.22,2708.52,2711.42,2714.9,2718.91,2723.43,2728.42,2733.87,2739.75,2746.04,2752.71,2759.74,2767.12,2774.84,2782.86,2791.19,2799.8,2808.68,2817.82,2827.2,2836.82,2846.66,2856.72,2866.97,2877.42,2888.05,2898.86,2909.83,2920.97,2932.25,2943.68,2955.24,2966.94,2978.75,2990.69,3002.73,3014.88,3027.13,3039.47,3051.9,3064.41,3077,3089.67,3102.4,3115.2,3128.06,3140.98,3153.94,3166.96,3180.02,3193.12,3206.25,3219.42,3232.62,3245.85,3259.1,3272.37
6211.17,6836.61,7649.3,8584.68,9196.95,8776.24,7601.89,6467.88,5618.16,5009.05,4565.82,4234.14,3978.88,3777.57,3615.47,3482.65,3372.26,3279.4,3200.5,3132.91,3074.61,3024.06,2980.02,2941.52,2907.79,2878.18,2852.17,2829.33,2809.29,2791.75,2776.44,2763.13,2751.63,2741.79,2733.44,2726.46,2720.74,2716.18,2712.68,2710.18,2708.59,2707.86,2707.92,2708.73,2710.24,2712.39,2715.17,2718.52,2722.41,2726.82,2731.71,2737.06,2742.84,2749.03,2755.62,2762.57,2769.87,2777.51,2785.47,2793.72,2802.27,2811.09,2820.16,2829.49,2839.05,2848.84,2858.84,2869.05,2879.45,2890.03,2900.8,2911.73,2922.82,2934.06,2945.45,2956.98,2968.63,2980.42,2992.32,3004.33,3016.44,3028.66,3040.97,3053.37,3065.86,3078.42,3091.06,3103.77,3116.55,3129.38,3142.27,3155.21,3168.21,3181.24,3194.32,3207.44,3220.59,3233.77,3246.97,3260.2,3273.46
6143.87,6735.8,7496.35,8370.7,8990.33,8713.73,7662.4,6559.81,5703.39,5080.4,4624.53,4282.74,4019.66,3812.26,3645.37,3508.75,3395.27,3299.88,3218.89,3149.53,3089.74,3037.9,2992.75,2953.29,2918.71,2888.35,2861.68,2838.25,2817.67,2799.65,2783.9,2770.19,2758.34,2748.16,2739.51,2732.25,2726.27,2721.47,2717.75,2715.04,2713.26,2712.35,2712.24,2712.89,2714.25,2716.26,2718.9,2722.13,2725.9,2730.2,2734.98,2740.23,2745.92,2752.02,2758.52,2765.39,2772.62,2780.18,2788.06,2796.25,2804.73,2813.48,2822.5,2831.77,2841.28,2851.01,2860.96,2871.12,2881.47,2892.01,2902.73,2913.62,2924.67,2935.87,2947.22,2958.71,2970.33,2982.08,2993.94,3005.92,3018.01,3030.19,3042.48,3054.85,3067.31,3079.84,3092.45,3105.14,3117.89,3130.7,3143.56,3156.48,3169.45,3182.47,3195.53,3208.62,3221.75,3234.91,3248.1,3261.31,3274.54
6079.83,6641.1,7354.72,8173.5,8790.49,8633.49,7705.04,6643.15,5785.2,5150.47,4682.78,4331.22,4060.43,3847,3675.34,3534.91,3418.35,3320.42,3237.32,3166.2,3104.9,3051.77,3005.51,2965.08,2929.64,2898.54,2871.2,2847.16,2826.06,2807.55,2791.36,2777.26,2765.04,2754.53,2745.57,2738.04,2731.8,2726.75,2722.81,2719.9,2717.92,2716.83,2716.55,2717.05,2718.25,2720.13,2722.64,2725.74,2729.4,2733.58,2738.26,2743.41,2749,2755.01,2761.42,2768.21,2775.36,2782.84,2790.66,2798.78,2807.19,2815.88,2824.84,2834.05,2843.5,2853.18,2863.08,2873.18,2883.49,2893.98,2904.66,2915.5,2926.51,2937.67,2948.99,2960.44,2972.02,2983.74,2995.57,3007.51,3019.57,3031.72,3043.97,3056.32,3068.75,3081.26,3093.84,3106.5,3119.22,3132.01,3144.85,3157.75,3170.7,3183.69,3196.73,3209.8,3222.91,3236.05,3249.22,3262.41,3275.63
6018.82,6551.95,7223.15,7991.31,8598.79,8539.6,7730.48,6717.24,5863.06,5218.95,4740.4,4379.48,4101.15,3881.75,3705.35,3561.12,3441.46,3341,3255.79,3182.89,3120.09,3065.67,3018.28,2976.88,2940.59,2908.73,2880.72,2856.09,2834.44,2815.45,2798.83,2784.33,2771.75,2760.9,2751.64,2743.82,2737.32,2732.04,2727.88,2724.75,2722.58,2721.31,2720.86,2721.2,2722.25,2723.99,2726.37,2729.34,2732.88,2736.95,2741.53,2746.57,2752.07,2757.99,2764.32,2771.02,2778.09,2785.5,2793.24,2801.29,2809.64,2818.27,2827.17,2836.32,2845.71,2855.34,2865.19,2875.25,2885.5,2895.95,2906.58,2917.38,2928.35,2939.48,2950.75,2962.16,2973.71,2985.39,2997.19,3009.1,3021.12,3033.25,3045.47,3057.79,3070.19,3082.67,3095.23,3107.86,3120.56,3133.32,3146.14,3159.02,3171.94,3184.91,3197.93,3210.98,3224.07,3237.19,3250.34,3263.51,3276.71
5960.61,6467.84,7100.57,7822.55,8415.97,8435.68,7739.74,6781.6,5936.48,5285.51,4797.22,4427.4,4141.75,3916.47,3735.38,3587.35,3464.61,3361.61,3274.28,3199.61,3135.29,3079.57,3031.07,2988.69,2951.54,2918.92,2890.24,2865.01,2842.83,2823.35,2806.29,2791.39,2778.45,2767.27,2757.7,2749.6,2742.84,2737.32,2732.93,2729.6,2727.24,2725.78,2725.17,2725.34,2726.25,2727.85,2730.09,2732.94,2736.36,2740.32,2744.79,2749.74,2755.14,2760.97,2767.21,2773.83,2780.82,2788.16,2795.83,2803.81,2812.09,2820.66,2829.49,2838.59,2847.93,2857.5,2867.3,2877.3,2887.51,2897.92,2908.5,2919.26,2930.19,2941.27,2952.51,2963.88,2975.4,2987.04,2998.81,3010.69,3022.68,3034.77,3046.96,3059.25,3071.62,3084.08,3096.61,3109.22,3121.89,3134.63,3147.43,3160.28,3173.18,3186.13,3199.12,3212.16,3225.23,3238.33,3251.46,3264.61,3277.79
5904.99,6388.32,6986.02,7665.85,8242.28,8324.87,7734.2,6835.96,6005.01,5349.87,4853.05,4474.88,4182.16,3951.12,3765.38,3613.59,3487.78,3382.24,3292.8,3216.34,3150.51,3093.49,3043.87,3000.5,2962.5,2929.12,2899.77,2873.94,2851.22,2831.25,2813.75,2798.45,2785.14,2773.63,2763.76,2755.38,2748.36,2742.59,2737.98,2734.44,2731.89,2730.25,2729.47,2729.48,2730.24,2731.7,2733.81,2736.53,2739.84,2743.69,2748.05,2752.89,2758.2,2763.94,2770.09,2776.63,2783.55,2790.81,2798.41,2806.32,2814.53,2823.04,2831.81,2840.85,2850.13,2859.65,2869.4,2879.36,2889.52,2899.88,2910.42,2921.14,2932.02,2943.07,2954.26,2965.6,2977.08,2988.69,3000.42,3012.27,3024.23,3036.29,3048.45,3060.71,3073.06,3085.48,3097.99,3110.57,3123.22,3135.93,3148.71,3161.54,3174.42,3187.35,3200.32,3213.33,3226.38,3239.46,3252.57,3265.71,3278.87
5851.78,6313,6878.71,7519.99,8077.69,8209.76,7715.39,6880.23,6068.26,5411.73,4907.7,4521.81,4222.3,3985.65,3795.33,3639.81,3510.94,3402.88,3311.32,3233.08,3165.74,3107.42,3056.67,3012.33,2973.46,2939.33,2909.3,2882.87,2859.6,2839.15,2821.21,2805.51,2791.84,2779.99,2769.81,2761.15,2753.87,2747.86,2743.03,2739.28,2736.53,2734.71,2733.76,2733.62,2734.23,2735.54,2737.52,2740.12,2743.31,2747.04,2751.3,2756.05,2761.26,2766.91,2772.97,2779.43,2786.27,2793.45,2800.98,2808.82,2816.97,2825.41,2834.13,2843.11,2852.34,2861.8,2871.5,2881.41,2891.52,2901.83,2912.33,2923.01,2933.85,2944.86,2956.01,2967.32,2978.76,2990.33,3002.03,3013.85,3025.77,3037.81,3049.94,3062.17,3074.49,3086.89,3099.37,3111.92,3124.55,3137.24,3149.99,3162.79,3175.65,3188.56,3201.51,3214.5,3227.53,3240.59,3253.69,3266.81,3279.95
5800.81,6241.52,6777.95,7383.89,7921.95,8092.44,7684.97,6914.52,6125.9,5470.81,4961.01,4568.07,4262.11,4020.01,3825.19,3665.99,3534.09,3423.51,3329.85,3249.83,3180.97,3121.35,3069.48,3024.15,2984.43,2949.53,2918.83,2891.79,2867.99,2847.05,2828.66,2812.57,2798.53,2786.35,2775.86,2766.91,2759.37,2753.13,2748.07,2744.11,2741.17,2739.17,2738.05,2737.75,2738.21,2739.38,2741.23,2743.7,2746.77,2750.4,2754.55,2759.19,2764.31,2769.87,2775.85,2782.23,2788.98,2796.09,2803.55,2811.32,2819.41,2827.79,2836.44,2845.36,2854.54,2863.95,2873.59,2883.45,2893.52,2903.79,2914.24,2924.87,2935.68,2946.64,2957.76,2969.03,2980.43,2991.97,3003.64,3015.42,3027.32,3039.32,3051.42,3063.62,3075.91,3088.29,3100.74,3113.27,3125.87,3138.54,3151.26,3164.05,3176.88,3189.77,3202.7,3215.67,3228.68,3241.72,3254.8,3267.9,3281.02
5751.94,6173.6,6683.11,7256.62,7774.72,7974.57,7644.6,6939.11,6177.68,5526.84,5012.78,4613.56,4301.52,4054.15,3854.95,3692.11,3557.21,3444.12,3348.36,3266.57,3196.2,3135.28,3082.28,3035.97,2995.39,2959.73,2928.35,2900.71,2876.37,2854.94,2836.11,2819.62,2805.21,2792.7,2781.9,2772.67,2764.87,2758.38,2753.1,2748.94,2745.8,2743.62,2742.33,2741.87,2742.18,2743.22,2744.93,2747.28,2750.23,2753.74,2757.79,2762.34,2767.36,2772.82,2778.72,2785.01,2791.69,2798.73,2806.11,2813.82,2821.84,2830.15,2838.75,2847.61,2856.73,2866.09,2875.68,2885.5,2895.52,2905.74,2916.15,2926.74,2937.5,2948.42,2959.51,2970.74,2982.11,2993.61,3005.24,3016.99,3028.86,3040.83,3052.9,3065.08,3077.34,3089.69,3102.11,3114.62,3127.19,3139.83,3152.54,3165.3,3178.11,3190.98,3203.89,3216.84,3229.83,3242.85,3255.9,3268.99,3282.09
5705.03,6108.93,6593.66,7137.34,7635.57,7857.44,7595.9,6954.42,6223.44,5579.61,5062.85,4658.14,4340.44,4088.03,3884.55,3718.15,3580.27,3464.7,3366.86,3283.3,3211.42,3149.2,3095.08,3047.79,3006.34,2969.92,2937.87,2909.63,2884.74,2862.83,2843.56,2826.66,2811.89,2799.04,2787.94,2778.42,2770.36,2763.63,2758.13,2753.75,2750.42,2748.06,2746.6,2745.98,2746.15,2747.04,2748.62,2750.85,2753.68,2757.09,2761.02,2765.47,2770.4,2775.78,2781.58,2787.8,2794.39,2801.36,2808.67,2816.31,2824.27,2832.52,2841.05,2849.86,2858.92,2868.23,2877.77,2887.53,2897.51,2907.68,2918.05,2928.59,2939.32,2950.2,2961.25,2972.44,2983.77,2995.24,3006.84,3018.56,3030.39,3042.34,3054.38,3066.52,3078.76,3091.08,3103.48,3115.96,3128.51,3141.13,3153.81,3166.55,3179.34,3192.18,3205.07,3218,3230.97,3243.97,3257.01,3270.07,3283.16
5659.95,6047.29,6509.12,7025.31,7504.03,7741.99,7540.39,6960.99,6263.09,5628.91,5111.05,4701.73,4378.81,4121.59,3913.97,3744.07,3603.27,3485.24,3385.33,3300.01,3226.63,3163.12,3107.87,3059.6,3017.29,2980.11,2947.38,2918.53,2893.11,2870.71,2851,2833.69,2818.56,2805.38,2793.97,2784.17,2775.85,2768.88,2763.15,2758.57,2755.04,2752.5,2750.87,2750.09,2750.11,2750.86,2752.31,2754.42,2757.13,2760.42,2764.25,2768.6,2773.43,2778.72,2784.44,2790.57,2797.09,2803.98,2811.22,2818.8,2826.69,2834.88,2843.35,2852.1,2861.11,2870.36,2879.85,2889.57,2899.49,2909.62,2919.94,2930.45,2941.13,2951.98,2962.98,2974.14,2985.44,2996.87,3008.44,3020.12,3031.93,3043.84,3055.85,3067.97,3080.18,3092.47,3104.85,3117.3,3129.83,3142.42,3155.08,3167.79,3180.56,3193.38,3206.25,3219.16,3232.11,3245.1,3258.11,3271.16,3284.23
5616.59,5988.45,6429.09,6919.89,7379.66,7628.93,7479.44,6959.46,6296.63,5674.56,5157.23,4744.19,4416.55,4154.79,3943.17,3769.86,3626.18,3505.73,3403.76,3316.69,3241.81,3177.01,3120.64,3071.4,3028.23,2990.29,2956.88,2927.43,2901.47,2878.58,2858.42,2840.72,2825.22,2811.7,2799.99,2789.91,2781.33,2774.11,2768.16,2763.37,2759.65,2756.93,2755.13,2754.2,2754.06,2754.68,2756,2757.97,2760.57,2763.75,2767.48,2771.73,2776.46,2781.66,2787.29,2793.34,2799.79,2806.6,2813.77,2821.28,2829.1,2837.23,2845.65,2854.34,2863.29,2872.49,2881.93,2891.59,2901.47,2911.56,2921.84,2932.3,2942.94,2953.75,2964.72,2975.84,2987.1,2998.5,3010.03,3021.69,3033.46,3045.34,3057.33,3069.41,3081.59,3093.86,3106.21,3118.64,3131.14,3143.71,3156.34,3169.04,3181.78,3194.58,3207.43,3220.32,3233.25,3246.22,3259.22,3272.24,3285.3
5574.84,5932.2,6353.19,6820.49,7261.97,7518.75,7414.29,6950.52,6324.13,5716.44,5201.25,4785.43,4453.59,4187.58,3972.11,3795.49,3648.98,3526.14,3422.14,3333.34,3256.97,3190.89,3133.4,3083.18,3039.15,3000.46,2966.37,2936.32,2909.81,2886.44,2865.84,2847.74,2831.87,2818.02,2806,2795.64,2786.8,2779.34,2773.17,2768.17,2764.26,2761.35,2759.39,2758.29,2758.01,2758.48,2759.67,2761.52,2764,2767.07,2770.7,2774.84,2779.48,2784.59,2790.14,2796.11,2802.48,2809.22,2816.31,2823.75,2831.51,2839.58,2847.93,2856.57,2865.47,2874.62,2884,2893.62,2903.45,2913.49,2923.72,2934.15,2944.75,2955.51,2966.44,2977.53,2988.76,3000.12,3011.62,3023.24,3034.98,3046.84,3058.79,3070.85,3083,3095.24,3107.57,3119.97,3132.45,3144.99,3157.61,3170.28,3183,3195.78,3208.61,3221.48,3234.39,3247.33,3260.31,3273.32,3286.36
5534.61,5878.37,6281.09,6726.62,7150.53,7411.8,7346.03,6934.91,6345.73,5754.44,5242.98,4825.35,4489.85,4219.9,4000.77,3820.93,3671.67,3546.47,3440.46,3349.94,3272.1,3204.73,3146.14,3094.94,3050.06,3010.61,2975.85,2945.2,2918.15,2894.29,2873.25,2854.75,2838.52,2824.33,2812,2801.36,2792.26,2784.56,2778.16,2772.96,2768.85,2765.77,2763.63,2762.38,2761.95,2762.28,2763.34,2765.07,2767.43,2770.39,2773.91,2777.95,2782.5,2787.52,2792.98,2798.87,2805.16,2811.83,2818.85,2826.22,2833.92,2841.92,2850.22,2858.8,2867.64,2876.74,2886.07,2895.64,2905.42,2915.42,2925.61,2935.99,2946.55,2957.28,2968.17,2979.22,2990.41,3001.74,3013.21,3024.8,3036.51,3048.33,3060.26,3072.29,3084.41,3096.63,3108.92,3121.3,3133.76,3146.28,3158.87,3171.51,3184.22,3196.98,3209.78,3222.63,3235.52,3248.45,3261.41,3274.4,3287.42
5495.81,5826.8,6212.5,6637.8,7044.92,7308.28,7275.59,6913.37,6361.62,5788.51,5282.31,4863.85,4525.27,4251.7,4029.11,3846.17,3694.21,3566.7,3458.71,3366.49,3287.18,3218.55,3158.85,3106.69,3060.95,3020.74,2985.32,2954.06,2926.48,2902.13,2880.65,2861.75,2845.15,2830.63,2818,2807.07,2797.71,2789.78,2783.15,2777.74,2773.44,2770.18,2767.87,2766.46,2765.88,2766.08,2767,2768.61,2770.85,2773.7,2777.11,2781.06,2785.51,2790.44,2795.82,2801.63,2807.84,2814.43,2821.39,2828.69,2836.32,2844.26,2852.5,2861.02,2869.81,2878.85,2888.14,2897.65,2907.39,2917.34,2927.49,2937.83,2948.35,2959.04,2969.89,2980.9,2992.06,3003.36,3014.79,3026.35,3038.03,3049.82,3061.72,3073.72,3085.82,3098,3110.28,3122.63,3135.06,3147.56,3160.12,3172.75,3185.43,3198.17,3210.95,3223.78,3236.65,3249.56,3262.5,3275.48,3288.48
5458.37,5777.33,6147.14,6553.62,6944.74,7208.3,7203.77,6886.61,6372.07,5818.63,5319.15,4900.84,4559.77,4282.94,4057.08,3871.17,3716.59,3586.82,3476.88,3382.99,3302.22,3232.33,3171.53,3118.41,3071.82,3030.86,2994.76,2962.91,2934.79,2909.95,2888.04,2868.73,2851.77,2836.92,2823.98,2812.78,2803.15,2794.98,2788.13,2782.51,2778.02,2774.58,2772.1,2770.53,2769.8,2769.86,2770.65,2772.14,2774.27,2777,2780.31,2784.16,2788.52,2793.36,2798.65,2804.37,2810.51,2817.03,2823.91,2831.15,2838.71,2846.59,2854.77,2863.23,2871.97,2880.96,2890.2,2899.67,2909.36,2919.26,2929.37,2939.66,2950.14,2960.79,2971.61,2982.58,2993.71,3004.97,3016.37,3027.9,3039.54,3051.31,3063.18,3075.15,3087.22,3099.38,3111.63,3123.96,3136.36,3148.84,3161.38,3173.98,3186.64,3199.36,3212.12,3224.93,3237.78,3250.67,3263.6,3276.55,3289.53
5422.19,5729.82,6084.79,6473.73,6849.61,7111.9,7131.23,6855.35,6377.37,5844.81,5353.41,4936.24,4593.29,4313.56,4084.66,3895.9,3738.8,3606.82,3494.96,3399.41,3317.21,3246.07,3184.18,3130.1,3082.67,3040.96,3004.19,2971.74,2943.08,2917.76,2895.41,2875.71,2858.38,2843.2,2829.95,2818.47,2808.58,2800.17,2793.1,2787.27,2782.59,2778.97,2776.33,2774.6,2773.72,2773.64,2774.3,2775.66,2777.67,2780.3,2783.5,2787.25,2791.52,2796.27,2801.47,2807.12,2813.17,2819.62,2826.43,2833.6,2841.1,2848.92,2857.04,2865.45,2874.13,2883.07,2892.25,2901.67,2911.32,2921.18,2931.24,2941.49,2951.93,2962.54,2973.32,2984.26,2995.35,3006.58,3017.95,3029.44,3041.06,3052.79,3064.63,3076.58,3088.62,3100.75,3112.98,3125.28,3137.66,3150.11,3162.63,3175.21,3187.85,3200.54,3213.29,3226.08,3238.91,3251.78,3264.69,3277.62,3290.59
5387.23,5684.16,6025.22,6397.8,6759.18,7019.07,7058.51,6820.23,6377.84,5867.1,5385.06,4969.98,4625.78,4343.52,4111.81,3920.36,3760.81,3626.67,3512.94,3415.76,3332.14,3259.76,3196.79,3141.75,3093.48,3051.03,3013.6,2980.56,2951.36,2925.56,2902.77,2882.67,2864.98,2849.47,2835.91,2824.15,2814.01,2805.35,2798.06,2792.03,2787.15,2783.35,2780.54,2778.65,2777.63,2777.41,2777.94,2779.18,2781.07,2783.59,2786.69,2790.34,2794.51,2799.17,2804.29,2809.85,2815.83,2822.2,2828.95,2836.05,2843.49,2851.24,2859.3,2867.65,2876.28,2885.17,2894.3,2903.68,2913.27,2923.09,2933.11,2943.32,2953.72,2964.29,2975.03,2985.93,2996.99,3008.18,3019.52,3030.98,3042.57,3054.27,3066.08,3078,3090.01,3102.12,3114.32,3126.6,3138.95,3151.38,3163.88,3176.44,3189.05,3201.73,3214.45,3227.22,3240.03,3252.89,3265.77,3278.69,3291.64
5353.4,5640.24,5968.24,6325.52,6673.15,6929.74,6986.08,6781.89,6373.84,5885.58,5414.04,5002,4657.16,4372.78,4138.5,3944.5,3782.6,3646.37,3530.81,3432.02,3347,3273.4,3209.36,3153.38,3104.27,3061.07,3022.98,2989.35,2959.62,2933.33,2910.11,2889.61,2871.56,2855.72,2841.86,2829.82,2819.42,2810.52,2803.01,2796.77,2791.7,2787.72,2784.75,2782.7,2781.53,2781.17,2781.57,2782.68,2784.46,2786.87,2789.87,2793.42,2797.49,2802.06,2807.1,2812.59,2818.49,2824.79,2831.46,2838.49,2845.87,2853.56,2861.56,2869.86,2878.43,2887.26,2896.35,2905.67,2915.23,2924.99,2934.97,2945.14,2955.5,2966.03,2976.74,2987.6,2998.62,3009.79,3021.09,3032.52,3044.07,3055.75,3067.53,3079.42,3091.41,3103.49,3115.66,3127.91,3140.25,3152.65,3165.12,3177.66,3190.26,3202.91,3215.61,3228.36,3241.16,3253.99,3266.86,3279.76,3292.69
5320.65,5597.93,5913.68,6256.63,6591.2,6843.83,6914.28,6740.87,6365.73,5900.37,5440.34,5032.23,4687.4,4401.3,4164.7,3968.3,3804.16,3665.91,3548.55,3448.19,3361.79,3286.99,3221.88,3164.96,3115.03,3071.09,3032.34,2998.12,2967.86,2941.09,2917.43,2896.54,2878.13,2861.96,2847.8,2835.47,2824.82,2815.68,2807.95,2801.51,2796.25,2792.09,2788.94,2786.74,2785.42,2784.93,2785.2,2786.18,2787.85,2790.14,2793.04,2796.49,2800.47,2804.95,2809.91,2815.31,2821.13,2827.36,2833.97,2840.93,2848.24,2855.87,2863.82,2872.05,2880.57,2889.35,2898.39,2907.67,2917.17,2926.9,2936.83,2946.96,2957.28,2967.77,2978.44,2989.27,3000.25,3011.38,3022.65,3034.05,3045.58,3057.22,3068.97,3080.84,3092.8,3104.85,3117,3129.23,3141.54,3153.92,3166.37,3178.88,3191.46,3204.09,3216.77,3229.5,3242.27,3255.09,3267.94,3280.82,3293.74
5288.94,5557.17,5861.38,6190.88,6513.07,6761.25,6843.41,6697.69,6353.86,5911.58,5463.95,5060.65,4716.43,4429.02,4190.37,3991.75,3825.47,3685.26,3566.16,3464.26,3376.51,3300.51,3234.35,3176.5,3125.75,3081.08,3041.68,3006.86,2976.07,2948.83,2924.74,2903.46,2884.69,2868.18,2853.72,2841.12,2830.2,2820.83,2812.88,2806.23,2800.78,2796.44,2793.13,2790.77,2789.31,2788.67,2788.81,2789.68,2791.22,2793.41,2796.2,2799.55,2803.44,2807.84,2812.71,2818.03,2823.78,2829.93,2836.46,2843.36,2850.61,2858.18,2866.07,2874.25,2882.71,2891.44,2900.43,2909.65,2919.11,2928.79,2938.68,2948.77,2959.05,2969.51,2980.14,2990.93,3001.88,3012.98,3024.21,3035.58,3047.08,3058.69,3070.42,3082.25,3094.18,3106.21,3118.33,3130.54,3142.82,3155.18,3167.61,3180.1,3192.65,3205.26,3217.93,3230.64,3243.39,3256.19,3269.02,3281.88,3294.78
5258.19,5517.84,5811.18,6128.06,6438.5,6681.87,6773.69,6652.82,6338.62,5919.38,5484.91,5087.21,4744.23,4455.91,4215.48,4014.81,3846.51,3704.42,3583.62,3480.21,3391.13,3313.96,3246.76,3188,3136.43,3091.03,3050.98,3015.58,2984.27,2956.55,2932.03,2910.35,2891.23,2874.39,2859.63,2846.75,2835.58,2825.97,2817.8,2810.94,2805.3,2800.78,2797.3,2794.79,2793.18,2792.41,2792.42,2793.16,2794.59,2796.67,2799.36,2802.61,2806.41,2810.71,2815.5,2820.74,2826.41,2832.49,2838.96,2845.79,2852.97,2860.48,2868.31,2876.43,2884.84,2893.52,2902.46,2911.64,2921.05,2930.69,2940.53,2950.58,2960.82,2971.24,2981.83,2992.59,3003.51,3014.57,3025.77,3037.11,3048.57,3060.16,3071.85,3083.66,3095.57,3107.57,3119.67,3131.85,3144.11,3156.44,3168.85,3181.32,3193.85,3206.44,3219.08,3231.77,3244.51,3257.28,3270.1,3282.94,3295.82
5228.38,5479.88,5762.96,6067.97,6367.26,6605.58,6705.3,6606.64,6320.34,5923.93,5503.24,5111.89,4770.74,4481.95,4240,4037.46,3867.26,3723.37,3600.93,3496.05,3405.67,3327.34,3259.11,3199.44,3147.06,3100.95,3060.25,3024.28,2992.44,2964.25,2939.3,2917.23,2897.75,2880.58,2865.52,2852.36,2840.94,2831.09,2822.7,2815.64,2809.81,2805.12,2801.47,2798.8,2797.05,2796.14,2796.02,2796.64,2797.95,2799.92,2802.51,2805.66,2809.37,2813.58,2818.29,2823.45,2829.04,2835.05,2841.44,2848.21,2855.33,2862.78,2870.55,2878.61,2886.97,2895.6,2904.48,2913.62,2922.99,2932.58,2942.38,2952.39,2962.59,2972.97,2983.52,2994.25,3005.13,3016.15,3027.33,3038.63,3050.06,3061.62,3073.29,3085.07,3096.95,3108.93,3121,3133.15,3145.39,3157.7,3170.08,3182.53,3195.04,3207.61,3220.23,3232.9,3245.62,3258.38,3271.17,3284,3296.86
5199.45,5443.2,5716.6,6010.43,6299.13,6532.23,6638.35,6559.53,6299.37,5925.42,5519,5134.67,4795.94,4507.08,4263.91,4059.69,3887.7,3742.1,3618.07,3511.77,3420.1,3340.64,3271.4,3210.84,3157.66,3110.83,3069.49,3032.94,3000.58,2971.92,2946.55,2924.09,2904.25,2886.76,2871.4,2857.97,2846.29,2836.21,2827.59,2820.33,2814.31,2809.44,2805.63,2802.81,2800.9,2799.85,2799.61,2800.11,2801.31,2803.17,2805.65,2808.71,2812.32,2816.45,2821.07,2826.15,2831.67,2837.6,2843.93,2850.63,2857.68,2865.07,2872.78,2880.79,2889.09,2897.67,2906.51,2915.59,2924.91,2934.46,2944.22,2954.19,2964.35,2974.69,2985.21,2995.9,3006.74,3017.74,3028.88,3040.15,3051.55,3063.08,3074.72,3086.47,3098.33,3110.28,3122.32,3134.45,3146.66,3158.95,3171.31,3183.74,3196.23,3208.78,3221.38,3234.03,3246.73,3259.47,3272.24,3285.06,3297.9
5171.35,5407.74,5671.98,5955.27,6233.92,6461.71,6572.94,6511.79,6276.04,5924.04,5532.24,5155.57,4819.81,4531.3,4287.18,4081.47,3907.82,3760.59,3635.04,3527.34,3434.43,3353.85,3283.63,3222.17,3168.2,3120.67,3078.69,3041.57,3008.7,2979.57,2953.77,2930.93,2910.73,2892.92,2877.26,2863.55,2851.62,2841.3,2832.48,2825.01,2818.8,2813.75,2809.78,2806.8,2804.75,2803.56,2803.19,2803.57,2804.65,2806.4,2808.78,2811.74,2815.26,2819.3,2823.84,2828.84,2834.28,2840.14,2846.4,2853.03,2860.03,2867.35,2875.01,2882.96,2891.21,2899.74,2908.52,2917.56,2926.84,2936.34,2946.06,2955.98,2966.1,2976.41,2986.89,2997.54,3008.35,3019.32,3030.42,3041.67,3053.04,3064.54,3076.15,3087.87,3099.7,3111.63,3123.64,3135.75,3147.94,3160.2,3172.54,3184.95,3197.42,3209.94,3222.52,3235.16,3247.83,3260.56,3273.31,3286.11,3298.94
5144.06,5373.44,5628.99,5902.33,6171.45,6393.89,6509.13,6463.69,6250.65,5919.98,5543.04,5174.58,4842.32,4554.56,4309.78,4102.77,3927.61,3778.83,3651.82,3542.78,3448.65,3366.98,3295.78,3233.45,3178.7,3130.46,3087.86,3050.17,3016.79,2987.2,2960.97,2937.74,2917.2,2899.06,2883.11,2869.12,2856.94,2846.39,2837.34,2829.67,2823.28,2818.05,2813.91,2810.78,2808.58,2807.26,2806.76,2807.02,2807.99,2809.63,2811.91,2814.77,2818.2,2822.15,2826.6,2831.53,2836.89,2842.68,2848.87,2855.44,2862.37,2869.63,2877.23,2885.13,2893.32,2901.8,2910.54,2919.53,2928.76,2938.22,2947.89,2957.78,2967.86,2978.13,2988.57,2999.19,3009.96,3020.89,3031.97,3043.18,3054.52,3065.99,3077.57,3089.27,3101.07,3112.97,3124.96,3137.05,3149.21,3161.45,3173.77,3186.15,3198.6,3211.11,3223.67,3236.28,3248.94,3261.64,3274.38,3287.16,3299.97
5117.54,5340.23,5587.56,5851.49,6111.53,6328.64,6446.96,6415.45,6223.49,5913.43,5551.5,5191.72,4863.46,4576.85,4331.7,4123.59,3947.04,3796.81,3668.4,3558.07,3462.75,3380.01,3307.85,3244.67,3189.14,3140.21,3096.99,3058.74,3024.84,2994.79,2968.15,2944.54,2923.64,2905.19,2888.93,2874.68,2862.24,2851.46,2842.2,2834.33,2827.74,2822.34,2818.04,2814.75,2812.41,2810.95,2810.32,2810.46,2811.32,2812.85,2815.02,2817.79,2821.13,2824.99,2829.36,2834.2,2839.5,2845.21,2851.33,2857.84,2864.7,2871.91,2879.44,2887.29,2895.43,2903.85,2912.54,2921.49,2930.67,2940.09,2949.72,2959.57,2969.61,2979.84,2990.25,3000.83,3011.57,3022.46,3033.51,3044.69,3056,3067.44,3079,3090.66,3102.44,3114.31,3126.28,3138.34,3150.48,3162.7,3174.99,3187.35,3199.78,3212.27,3224.81,3237.4,3250.04,3262.72,3275.45,3288.21,3301
5091.74,5308.06,5547.57,5802.6,6054.03,6265.84,6386.45,6367.28,6194.82,5904.61,5557.69,5207.01,4883.21,4598.14,4352.9,4143.9,3966.1,3814.52,3684.78,3573.19,3476.73,3392.95,3319.84,3255.81,3199.53,3149.92,3106.08,3067.27,3032.87,3002.36,2975.3,2951.31,2930.07,2911.29,2894.74,2880.22,2867.53,2856.52,2847.04,2838.97,2832.19,2826.62,2822.15,2818.71,2816.23,2814.64,2813.88,2813.89,2814.64,2816.06,2818.13,2820.81,2824.05,2827.83,2832.11,2836.88,2842.09,2847.74,2853.79,2860.23,2867.03,2874.18,2881.65,2889.45,2897.53,2905.91,2914.55,2923.44,2932.58,2941.95,2951.55,2961.35,2971.35,2981.54,2991.92,3002.46,3013.17,3024.03,3035.04,3046.19,3057.48,3068.89,3080.41,3092.05,3103.8,3115.65,3127.59,3139.63,3151.75,3163.94,3176.21,3188.55,3200.96,3213.42,3225.95,3238.52,3251.14,3263.81,3276.51,3289.25,3302.03
5066.65,5276.88,5508.97,5755.57,5998.8,6205.37,6327.59,6319.34,6164.89,5893.69,5561.74,5220.5,4901.59,4618.43,4373.38,4163.68,3984.77,3831.94,3700.94,3588.15,3490.58,3405.77,3331.75,3266.89,3209.86,3159.57,3115.12,3075.76,3040.86,3009.9,2982.43,2958.06,2936.47,2917.37,2900.54,2885.74,2872.8,2861.56,2851.86,2843.59,2836.63,2830.88,2826.25,2822.66,2820.03,2818.31,2817.42,2817.32,2817.95,2819.27,2821.24,2823.81,2826.96,2830.66,2834.86,2839.54,2844.68,2850.26,2856.24,2862.61,2869.35,2876.44,2883.86,2891.6,2899.63,2907.95,2916.54,2925.39,2934.49,2943.82,2953.37,2963.13,2973.09,2983.25,2993.58,3004.09,3014.77,3025.6,3036.57,3047.69,3058.95,3070.33,3081.83,3093.44,3105.16,3116.99,3128.91,3140.91,3153.01,3165.18,3177.43,3189.75,3202.13,3214.58,3227.08,3239.63,3252.24,3264.88,3277.57,3290.3,3303.05
5042.22,5246.63,5471.67,5710.27,5945.69,6147.12,6270.37,6271.77,6133.91,5880.87,5563.73,5232.21,4918.59,4637.69,4393.12,4182.92,4003.05,3849.07,3716.88,3602.94,3504.29,3418.49,3343.57,3277.89,3220.13,3169.17,3124.12,3084.21,3048.82,3017.41,2989.52,2964.78,2942.85,2923.44,2906.31,2891.24,2878.06,2866.58,2856.67,2848.2,2841.06,2835.14,2830.34,2826.6,2823.83,2821.97,2820.95,2820.73,2821.25,2822.46,2824.33,2826.81,2829.87,2833.48,2837.6,2842.2,2847.27,2852.77,2858.69,2864.99,2871.67,2878.7,2886.06,2893.74,2901.72,2909.99,2918.54,2927.34,2936.39,2945.67,2955.18,2964.9,2974.83,2984.94,2995.24,3005.72,3016.36,3027.16,3038.1,3049.19,3060.42,3071.77,3083.24,3094.83,3106.52,3118.32,3130.21,3142.2,3154.27,3166.42,3178.65,3190.94,3203.31,3215.73,3228.21,3240.75,3253.33,3265.96,3278.63,3291.34,3304.08
5018.43,5217.28,5435.6,5666.6,5894.6,6090.99,6214.78,6224.68,6102.08,5866.33,5563.79,5242.19,4934.22,4655.93,4412.1,4201.6,4020.92,3865.89,3732.58,3617.54,3517.85,3431.1,3355.3,3288.82,3230.33,3178.72,3133.07,3092.63,3056.74,3024.89,2996.59,2971.48,2949.2,2929.48,2912.06,2896.73,2883.29,2871.59,2861.47,2852.8,2845.47,2839.38,2834.42,2830.53,2827.61,2825.62,2824.48,2824.14,2824.54,2825.65,2827.41,2829.8,2832.77,2836.29,2840.33,2844.85,2849.85,2855.28,2861.12,2867.36,2873.98,2880.95,2888.25,2895.88,2903.81,2912.03,2920.52,2929.28,2938.28,2947.53,2956.99,2966.67,2976.56,2986.64,2996.9,3007.34,3017.95,3028.71,3039.63,3050.69,3061.88,3073.2,3084.65,3096.21,3107.88,3119.65,3131.52,3143.48,3155.53,3167.65,3179.86,3192.13,3204.48,3216.88,3229.34,3241.86,3254.42,3267.03,3279.69,3292.38,3305.1
4995.25,5188.78,5400.69,5624.49,5845.4,6036.85,6160.79,6178.17,6069.58,5850.24,5562.02,5250.51,4948.49,4673.13,4430.31,4219.72,4038.36,3882.39,3748.04,3631.96,3531.27,3443.59,3366.93,3299.67,3240.46,3188.21,3141.97,3101,3064.63,3032.33,3003.63,2978.15,2955.53,2935.5,2917.79,2902.2,2888.52,2876.58,2866.25,2857.39,2849.87,2843.6,2838.49,2834.44,2831.39,2829.26,2827.99,2827.53,2827.82,2828.83,2830.49,2832.78,2835.66,2839.09,2843.05,2847.5,2852.42,2857.78,2863.56,2869.73,2876.28,2883.19,2890.44,2898.01,2905.89,2914.06,2922.51,2931.22,2940.18,2949.37,2958.8,2968.44,2978.29,2988.33,2998.56,3008.96,3019.53,3030.27,3041.15,3052.18,3063.34,3074.64,3086.05,3097.59,3109.23,3120.97,3132.82,3144.76,3156.78,3168.89,3181.07,3193.32,3205.64,3218.03,3230.47,3242.97,3255.51,3268.11,3280.74,3293.41,3306.12
4972.67,5161.09,5366.9,5583.83,5797.99,5984.63,6108.36,6132.31,6036.59,5832.78,5558.55,5257.2,4961.42,4689.29,4447.74,4237.26,4055.37,3898.56,3763.25,3646.18,3544.54,3455.95,3378.46,3310.43,3250.53,3197.64,3150.82,3109.32,3072.48,3039.74,3010.64,2984.79,2961.84,2941.49,2923.5,2907.64,2893.72,2881.56,2871.02,2861.96,2854.26,2847.82,2842.54,2838.35,2835.15,2832.89,2831.5,2830.92,2831.1,2831.99,2833.56,2835.75,2838.54,2841.89,2845.76,2850.14,2854.98,2860.27,2865.98,2872.09,2878.58,2885.43,2892.62,2900.14,2907.97,2916.09,2924.48,2933.15,2942.06,2951.22,2960.6,2970.2,2980.01,2990.01,3000.21,3010.58,3021.12,3031.81,3042.67,3053.66,3064.8,3076.06,3087.45,3098.96,3110.58,3122.3,3134.12,3146.03,3158.03,3170.11,3182.28,3194.51,3206.81,3219.17,3231.6,3244.07,3256.6,3269.17,3281.79,3294.45,3307.14
4950.64,5134.18,5334.16,5544.56,5752.28,5934.23,6057.46,6087.17,6003.23,5814.09,5553.48,5262.34,4973.04,4704.42,4464.38,4254.2,4071.93,3914.4,3778.2,3660.2,3557.64,3468.18,3389.88,3321.11,3260.52,3207,3159.62,3117.6,3080.28,3047.11,3017.62,2991.4,2968.12,2947.47,2929.19,2913.07,2898.9,2886.52,2875.77,2866.51,2858.63,2852.02,2846.58,2842.24,2838.9,2836.51,2834.99,2834.29,2834.36,2835.15,2836.62,2838.72,2841.42,2844.68,2848.47,2852.77,2857.54,2862.76,2868.4,2874.45,2880.87,2887.67,2894.8,2902.26,2910.04,2918.11,2926.46,2935.07,2943.94,2953.06,2962.4,2971.96,2981.73,2991.7,3001.85,3012.19,3022.69,3033.36,3044.18,3055.15,3066.25,3077.49,3088.85,3100.33,3111.92,3123.62,3135.41,3147.3,3159.28,3171.34,3183.48,3195.69,3207.97,3220.31,3232.72,3245.18,3257.68,3270.24,3282.84,3295.48,3308.15
4929.16,5108.01,5302.42,5506.59,5708.16,5885.55,6008.04,6042.79,5969.63,5794.33,5546.92,5265.99,4983.37,4718.53,4480.24,4270.55,4088.04,3929.89,3792.89,3674.01,3570.58,3480.29,3401.2,3331.7,3270.44,3216.31,3168.37,3125.83,3088.05,3054.45,3024.56,2997.99,2974.37,2953.41,2934.86,2918.48,2904.07,2891.46,2880.5,2871.05,2862.99,2856.21,2850.61,2846.12,2842.64,2840.11,2838.47,2837.66,2837.62,2838.3,2839.67,2841.68,2844.28,2847.46,2851.17,2855.39,2860.09,2865.23,2870.81,2876.79,2883.16,2889.89,2896.97,2904.38,2912.1,2920.12,2928.42,2936.99,2945.82,2954.89,2964.19,2973.71,2983.44,2993.37,3003.49,3013.79,3024.27,3034.9,3045.69,3056.63,3067.7,3078.91,3090.25,3101.7,3113.26,3124.93,3136.7,3148.57,3160.53,3172.56,3184.68,3196.87,3209.13,3221.45,3233.84,3246.28,3258.77,3271.3,3283.89,3296.51,3309.16
4908.19,5082.55,5271.63,5469.87,5665.56,5838.52,5960.07,5999.21,5935.91,5773.63,5539,5268.21,4992.44,4731.61,4495.29,4286.29,4103.69,3945.02,3807.29,3687.61,3583.35,3492.25,3412.4,3342.19,3280.28,3225.55,3177.05,3134.02,3095.77,3061.74,3031.47,3004.54,2980.6,2959.34,2940.5,2923.86,2909.21,2896.38,2885.22,2875.57,2867.33,2860.38,2854.63,2849.98,2846.37,2843.71,2841.95,2841.01,2840.86,2841.44,2842.71,2844.62,2847.14,2850.23,2853.87,2858.01,2862.63,2867.71,2873.22,2879.14,2885.44,2892.12,2899.14,2906.49,2914.16,2922.13,2930.39,2938.91,2947.69,2956.72,2965.98,2975.46,2985.15,2995.05,3005.13,3015.4,3025.84,3036.44,3047.2,3058.1,3069.15,3080.33,3091.64,3103.06,3114.6,3126.25,3137.99,3149.84,3161.77,3173.78,3185.88,3198.05,3210.29,3222.59,3234.95,3247.37,3259.85,3272.37,3284.93,3297.53,3310.17
4887.73,5057.76,5241.75,5434.32,5624.4,5793.05,5913.49,5956.46,5902.17,5752.11,5529.81,5269.08,5000.29,4743.67,4509.56,4301.41,4118.87,3959.79,3821.42,3700.98,3595.94,3504.07,3423.49,3352.59,3290.04,3234.72,3185.68,3142.15,3103.44,3069,3038.35,3011.06,2986.79,2965.24,2946.12,2929.23,2914.34,2901.29,2889.91,2880.08,2871.66,2864.54,2858.63,2853.84,2850.08,2847.3,2845.41,2844.36,2844.1,2844.58,2845.74,2847.56,2849.99,2853,2856.55,2860.61,2865.16,2870.17,2875.62,2881.47,2887.72,2894.33,2901.3,2908.6,2916.22,2924.14,2932.34,2940.82,2949.56,2958.54,2967.76,2977.2,2986.86,2996.72,3006.76,3017,3027.4,3037.97,3048.7,3059.58,3070.59,3081.75,3093.02,3104.42,3115.94,3127.56,3139.28,3151.1,3163.01,3175,3187.07,3199.22,3211.44,3223.72,3236.07,3248.47,3260.92,3273.42,3285.97,3298.56,3311.18
4867.74,5033.63,5212.73,5399.89,5584.59,5749.08,5868.27,5914.55,5868.49,5729.9,5519.46,5268.66,5006.95,4754.75,4523.03,4315.92,4133.57,3974.19,3835.26,3714.13,3608.35,3515.75,3434.46,3362.89,3299.72,3243.82,3194.25,3150.23,3111.08,3076.22,3045.19,3017.55,2992.96,2971.11,2951.72,2934.57,2919.45,2906.17,2894.6,2884.57,2875.97,2868.69,2862.62,2857.68,2853.79,2850.87,2848.86,2847.7,2847.32,2847.7,2848.77,2850.49,2852.83,2855.76,2859.23,2863.22,2867.69,2872.63,2878.01,2883.8,2889.98,2896.54,2903.45,2910.7,2918.26,2926.13,2934.29,2942.73,2951.42,2960.36,2969.54,2978.94,2988.56,2998.38,3008.39,3018.59,3028.96,3039.5,3050.2,3061.04,3072.03,3083.16,3094.41,3105.78,3117.27,3128.86,3140.56,3152.36,3164.24,3176.21,3188.27,3200.39,3212.59,3224.86,3237.18,3249.56,3262,3274.48,3287.01,3299.58,3312.19
4848.22,5010.11,5184.54,5366.52,5546.09,5706.53,5824.35,5873.49,5834.95,5707.11,5508.06,5267.02,5012.45,4764.84,4535.7,4329.8,4147.79,3988.22,3848.81,3727.05,3620.58,3527.28,3445.3,3373.09,3309.31,3252.85,3202.76,3158.26,3118.66,3083.4,3051.99,3024.01,2999.1,2976.95,2957.29,2939.89,2924.53,2911.04,2899.26,2889.04,2880.27,2872.82,2866.6,2861.51,2857.48,2854.43,2852.3,2851.02,2850.54,2850.81,2851.78,2853.41,2855.67,2858.51,2861.9,2865.81,2870.21,2875.08,2880.39,2886.12,2892.24,2898.74,2905.6,2912.79,2920.31,2928.13,2936.24,2944.63,2953.28,2962.18,2971.31,2980.68,2990.26,3000.04,3010.02,3020.18,3030.52,3041.03,3051.69,3062.51,3073.47,3084.56,3095.79,3107.14,3118.6,3130.17,3141.84,3153.61,3165.48,3177.43,3189.46,3201.56,3213.74,3225.98,3238.29,3250.65,3263.07,3275.54,3288.05,3300.6,3313.19
4829.15,4987.19,5157.14,5334.17,5508.81,5665.34,5781.7,5833.3,5801.6,5683.83,5495.68,5264.23,5016.85,4773.97,4547.6,4343.07,4161.52,4001.87,3862.05,3739.73,3632.62,3538.65,3456.02,3383.18,3318.81,3261.8,3211.2,3166.23,3126.2,3090.54,3058.76,3030.43,3005.21,2982.77,2962.84,2945.18,2929.59,2915.89,2903.9,2893.5,2884.55,2876.93,2870.56,2865.33,2861.16,2857.98,2855.73,2854.33,2853.75,2853.91,2854.79,2856.33,2858.49,2861.25,2864.56,2868.39,2872.73,2877.53,2882.77,2888.44,2894.5,2900.94,2907.74,2914.88,2922.34,2930.12,2938.18,2946.52,2955.13,2963.99,2973.08,2982.41,2991.95,3001.7,3011.64,3021.77,3032.07,3042.55,3053.18,3063.97,3074.9,3085.97,3097.17,3108.49,3119.92,3131.47,3143.12,3154.87,3166.71,3178.63,3190.64,3202.73,3214.89,3227.11,3239.4,3251.74,3264.14,3276.59,3289.08,3301.62,3314.19
4810.5,4964.85,5130.49,5302.78,5472.7,5625.44,5740.27,5793.96,5768.51,5660.15,5482.44,5260.37,5020.18,4782.16,4558.71,4355.71,4174.76,4015.13,3875,3752.17,3644.46,3549.87,3466.61,3393.17,3328.23,3270.68,3219.58,3174.14,3133.68,3097.63,3065.48,3036.82,3011.29,2988.56,2968.36,2950.46,2934.64,2920.72,2908.53,2897.94,2888.81,2881.03,2874.5,2869.13,2864.83,2861.52,2859.14,2857.64,2856.94,2857,2857.78,2859.23,2861.31,2863.98,2867.21,2870.97,2875.23,2879.96,2885.14,2890.74,2896.75,2903.13,2909.88,2916.96,2924.38,2932.1,2940.12,2948.41,2956.98,2965.79,2974.85,2984.13,2993.64,3003.35,3013.26,3023.35,3033.62,3044.07,3054.67,3065.43,3076.33,3087.37,3098.54,3109.83,3121.24,3132.77,3144.39,3156.12,3167.93,3179.84,3191.83,3203.89,3216.03,3228.23,3240.5,3252.83,3265.21,3277.64,3290.11,3302.63,3315.19
4792.27,4943.05,5104.56,5272.3,5437.7,5586.77,5700.02,5755.49,5735.73,5636.16,5468.41,5255.49,5022.48,4789.43,4569.05,4367.73,4187.5,4028,3887.63,3764.36,3656.11,3560.92,3477.07,3403.05,3337.55,3279.48,3227.89,3182,3141.12,3104.67,3072.17,3043.18,3017.33,2994.32,2973.86,2955.71,2939.66,2925.52,2913.14,2902.36,2893.06,2885.12,2878.44,2872.92,2868.48,2865.05,2862.55,2860.93,2860.12,2860.09,2860.77,2862.12,2864.12,2866.7,2869.86,2873.54,2877.73,2882.39,2887.51,2893.05,2898.99,2905.32,2912.01,2919.04,2926.4,2934.08,2942.05,2950.3,2958.82,2967.59,2976.61,2985.85,2995.32,3005,3014.87,3024.93,3035.17,3045.58,3056.16,3066.88,3077.76,3088.77,3099.91,3111.18,3122.56,3134.06,3145.66,3157.36,3169.16,3181.04,3193.01,3205.05,3217.17,3229.35,3241.6,3253.91,3266.27,3278.68,3291.14,3303.64,3316.18
4774.43,4921.78,5079.32,5242.71,5403.77,5549.28,5660.9,5717.86,5703.29,5611.92,5453.68,5249.67,5023.8,4795.8,4578.64,4379.12,4199.75,4040.48,3899.95,3776.3,3667.55,3571.81,3487.4,3412.81,3346.78,3288.19,3236.13,3189.8,3148.5,3111.68,3078.82,3049.5,3023.35,3000.05,2979.32,2960.93,2944.65,2930.31,2917.73,2906.77,2897.29,2889.19,2882.35,2876.69,2872.12,2868.56,2865.94,2864.21,2863.3,2863.16,2863.74,2865.01,2866.91,2869.42,2872.5,2876.11,2880.22,2884.82,2889.86,2895.34,2901.22,2907.49,2914.13,2921.11,2928.42,2936.05,2943.97,2952.18,2960.65,2969.39,2978.36,2987.57,2997,3006.64,3016.48,3026.5,3036.71,3047.09,3057.63,3068.33,3079.18,3090.16,3101.28,3112.52,3123.88,3135.35,3146.93,3158.61,3170.38,3182.24,3194.19,3206.21,3218.31,3230.47,3242.7,3254.99,3267.33,3279.73,3292.17,3304.65,3317.18
4756.98,4901.02,5054.74,5213.95,5370.84,5512.92,5622.88,5681.08,5671.22,5587.52,5438.33,5242.98,5024.18,4801.3,4587.47,4389.91,4211.51,4052.56,3911.95,3787.99,3678.79,3582.54,3497.58,3422.46,3355.91,3296.83,3244.31,3197.53,3155.83,3118.63,3085.42,3055.78,3029.33,3005.75,2984.77,2966.13,2949.63,2935.07,2922.3,2911.15,2901.51,2893.24,2886.26,2880.45,2875.75,2872.06,2869.33,2867.48,2866.46,2866.22,2866.71,2867.89,2869.7,2872.13,2875.12,2878.66,2882.71,2887.23,2892.22,2897.63,2903.45,2909.67,2916.25,2923.18,2930.44,2938.01,2945.89,2954.05,2962.49,2971.18,2980.11,2989.28,2998.67,3008.28,3018.08,3028.07,3038.25,3048.6,3059.11,3069.78,3080.59,3091.55,3102.64,3113.86,3125.19,3136.64,3148.19,3159.85,3171.6,3183.44,3195.36,3207.36,3219.44,3231.59,3243.8,3256.07,3268.39,3280.77,3293.19,3305.66,3318.17
4739.9,4880.74,5030.8,5185.99,5338.88,5477.63,5585.91,5645.12,5639.56,5563,5422.41,5235.46,5023.67,4805.96,4595.57,4400.08,4222.77,4064.24,3923.64,3799.42,3689.82,3593.09,3507.63,3431.99,3364.94,3305.38,3252.41,3205.21,3163.11,3125.54,3091.98,3062.02,3035.27,3011.42,2990.18,2971.3,2954.58,2939.82,2926.85,2915.52,2905.7,2897.28,2890.14,2884.2,2879.36,2875.55,2872.7,2870.74,2869.61,2869.27,2869.67,2870.75,2872.48,2874.83,2877.75,2881.21,2885.18,2889.64,2894.56,2899.91,2905.68,2911.83,2918.36,2925.23,2932.45,2939.98,2947.81,2955.92,2964.31,2972.96,2981.86,2990.99,3000.34,3009.91,3019.68,3029.64,3039.78,3050.1,3060.58,3071.22,3082.01,3092.94,3104,3115.19,3126.5,3137.92,3149.45,3161.09,3172.81,3184.63,3196.53,3208.52,3220.57,3232.7,3244.89,3257.14,3269.45,3281.81,3294.22,3306.67,3319.16
4723.18,4860.94,5007.46,5158.8,5307.84,5443.37,5549.96,5609.99,5608.32,5538.43,5406.02,5227.19,5022.31,4809.8,4602.95,4409.64,4233.53,4075.52,3935,3810.59,3700.63,3603.47,3517.53,3441.41,3373.87,3313.85,3260.43,3212.82,3170.33,3132.4,3098.5,3068.22,3041.18,3017.06,2995.56,2976.45,2959.51,2944.54,2931.38,2919.87,2909.88,2901.3,2894.02,2887.93,2882.96,2879.02,2876.05,2873.98,2872.75,2872.32,2872.61,2873.61,2875.26,2877.52,2880.36,2883.75,2887.65,2892.04,2896.9,2902.19,2907.89,2913.99,2920.46,2927.29,2934.45,2941.93,2949.71,2957.79,2966.13,2974.74,2983.6,2992.69,3002.01,3011.54,3021.27,3031.2,3041.31,3051.6,3062.05,3072.66,3083.42,3094.32,3105.36,3116.52,3127.8,3139.2,3150.71,3162.32,3174.03,3185.82,3197.7,3209.66,3221.7,3233.81,3245.98,3258.21,3270.5,3282.84,3295.23,3307.67,3320.15
4706.81,4841.58,4984.7,5132.33,5277.68,5410.09,5514.98,5575.65,5577.53,5513.85,5389.2,5218.23,5020.15,4812.86,4609.63,4418.61,4243.79,4086.4,3946.03,3821.49,3711.24,3613.67,3527.28,3450.7,3382.7,3322.23,3268.38,3220.36,3177.5,3139.2,3104.98,3074.39,3047.06,3022.67,3000.92,2981.58,2964.41,2949.24,2935.89,2924.2,2914.05,2905.31,2897.87,2891.65,2886.55,2882.49,2879.4,2877.22,2875.89,2875.35,2875.55,2876.46,2878.02,2880.2,2882.96,2886.28,2890.11,2894.43,2899.22,2904.45,2910.1,2916.14,2922.56,2929.33,2936.45,2943.88,2951.62,2959.65,2967.95,2976.52,2985.33,2994.39,3003.67,3013.17,3022.86,3032.76,3042.84,3053.09,3063.51,3074.1,3084.83,3095.7,3106.71,3117.85,3129.11,3140.48,3151.97,3163.55,3175.23,3187.01,3198.87,3210.81,3222.83,3234.91,3247.07,3259.28,3271.55,3283.88,3296.25,3308.67,3321.13
4690.77,4822.67,4962.5,5106.57,5248.36,5377.75,5480.95,5542.1,5547.2,5489.3,5372.01,5208.63,5017.23,4815.15,4615.62,4426.99,4253.57,4096.88,3956.74,3832.13,3721.62,3623.7,3536.89,3459.86,3391.42,3330.52,3276.26,3227.84,3184.61,3145.96,3111.41,3080.51,3052.9,3028.24,3006.25,2986.67,2969.29,2953.92,2940.37,2928.51,2918.19,2909.29,2901.71,2895.35,2890.12,2885.94,2882.73,2880.44,2879,2878.37,2878.48,2879.29,2880.77,2882.87,2885.56,2888.8,2892.56,2896.82,2901.55,2906.72,2912.3,2918.29,2924.65,2931.38,2938.44,2945.82,2953.52,2961.5,2969.76,2978.29,2987.07,2996.08,3005.33,3014.79,3024.45,3034.31,3044.36,3054.58,3064.97,3075.53,3086.23,3097.08,3108.06,3119.17,3130.41,3141.76,3153.22,3164.78,3176.44,3188.19,3200.03,3211.95,3223.95,3236.02,3248.15,3260.35,3272.6,3284.91,3297.27,3309.67,3322.11
4675.05,4804.17,4940.84,5081.48,5219.85,5346.32,5447.82,5509.31,5517.34,5464.82,5354.51,5198.44,5013.59,4816.72,4620.93,4434.78,4262.86,4106.95,3967.12,3842.5,3731.79,3633.54,3546.35,3468.91,3400.04,3338.73,3284.06,3235.26,3191.66,3152.67,3117.79,3086.6,3058.7,3033.78,3011.54,2991.74,2974.15,2958.57,2944.84,2932.8,2922.32,2913.27,2905.54,2899.04,2893.68,2889.37,2886.05,2883.65,2882.11,2881.38,2881.39,2882.12,2883.51,2885.53,2888.14,2891.31,2895.01,2899.2,2903.86,2908.97,2914.5,2920.43,2926.74,2933.41,2940.42,2947.76,2955.41,2963.35,2971.57,2980.05,2988.79,2997.77,3006.98,3016.4,3026.03,3035.86,3045.88,3056.07,3066.43,3076.95,3087.63,3098.45,3109.4,3120.49,3131.7,3143.03,3154.46,3166.01,3177.64,3189.38,3201.19,3213.09,3225.07,3237.12,3249.24,3261.41,3273.65,3285.94,3298.28,3310.66,3323.09
4659.65,4786.07,4919.7,5057.04,5192.11,5315.75,5415.57,5477.28,5487.96,5440.45,5336.75,5187.72,5009.28,4817.58,4625.59,4442.01,4271.67,4116.63,3977.18,3852.6,3741.73,3643.2,3555.65,3477.82,3408.55,3346.83,3291.78,3242.6,3198.64,3159.32,3124.13,3092.64,3064.47,3039.29,3016.81,2996.78,2978.98,2963.2,2949.28,2937.07,2926.42,2917.22,2909.35,2902.71,2897.22,2892.79,2889.36,2886.85,2885.21,2884.37,2884.3,2884.94,2886.25,2888.19,2890.72,2893.82,2897.44,2901.57,2906.17,2911.22,2916.69,2922.56,2928.82,2935.44,2942.4,2949.69,2957.29,2965.19,2973.37,2981.81,2990.51,2999.45,3008.62,3018.01,3027.61,3037.41,3047.39,3057.55,3067.88,3078.38,3089.02,3099.82,3110.75,3121.81,3132.99,3144.3,3155.71,3167.23,3178.84,3190.55,3202.35,3214.23,3226.19,3238.22,3250.32,3262.48,3274.69,3286.97,3299.29,3311.66,3324.07
4644.55,4768.37,4899.05,5033.21,5165.11,5286.01,5384.16,5445.98,5459.06,5416.22,5318.78,5176.51,5004.33,4817.78,4629.62,4448.67,4279.99,4125.9,3986.9,3862.43,3751.45,3652.67,3564.8,3486.6,3416.95,3354.85,3299.41,3249.88,3205.57,3165.92,3130.43,3098.64,3070.2,3044.76,3022.05,3001.79,2983.78,2967.81,2953.71,2941.32,2930.51,2921.16,2913.14,2906.37,2900.75,2896.2,2892.66,2890.04,2888.29,2887.36,2887.2,2887.75,2888.97,2890.83,2893.29,2896.32,2899.87,2903.93,2908.47,2913.46,2918.87,2924.69,2930.89,2937.46,2944.38,2951.62,2959.18,2967.03,2975.17,2983.57,2992.23,3001.13,3010.27,3019.62,3029.18,3038.95,3048.9,3059.03,3069.33,3079.8,3090.42,3101.18,3112.09,3123.12,3134.28,3145.56,3156.95,3168.45,3180.04,3191.73,3203.51,3215.37,3227.3,3239.31,3251.39,3263.54,3275.74,3287.99,3300.3,3312.65,3325.04
4629.75,4751.05,4878.88,5009.98,5138.81,5257.06,5353.56,5415.4,5430.64,5392.15,5300.63,5164.86,4998.79,4817.33,4633.04,4454.78,4287.85,4134.78,3996.29,3871.99,3760.95,3661.96,3573.8,3495.26,3425.24,3362.77,3306.97,3257.08,3212.44,3172.47,3136.67,3104.6,3075.89,3050.2,3027.25,3006.78,2988.56,2972.39,2958.11,2945.55,2934.58,2925.07,2916.92,2910.01,2904.27,2899.6,2895.94,2893.21,2891.37,2890.34,2890.08,2890.55,2891.69,2893.47,2895.85,2898.81,2902.29,2906.29,2910.76,2915.69,2921.05,2926.81,2932.96,2939.48,2946.34,2953.54,2961.05,2968.86,2976.96,2985.32,2993.94,3002.81,3011.9,3021.22,3030.75,3040.48,3050.4,3060.5,3070.78,3081.21,3091.8,3102.54,3113.42,3124.43,3135.57,3146.82,3158.19,3169.66,3181.24,3192.9,3204.66,3216.5,3228.42,3240.41,3252.47,3264.59,3276.77,3289.01,3301.3,3313.64,3326.02
4615.23,4734.09,4859.17,4987.31,5113.19,5228.88,5323.74,5385.51,5402.72,5368.27,5282.35,5152.82,4992.7,4816.27,4635.85,4460.35,4295.23,4143.26,4005.35,3881.28,3770.21,3671.06,3582.63,3503.78,3433.42,3370.6,3314.45,3264.21,3219.24,3178.96,3142.86,3110.52,3081.54,3055.61,3032.42,3011.73,2993.31,2976.95,2962.49,2949.76,2938.63,2928.98,2920.68,2913.64,2907.77,2902.98,2899.21,2896.38,2894.43,2893.31,2892.96,2893.33,2894.39,2896.1,2898.41,2901.29,2904.71,2908.63,2913.05,2917.91,2923.21,2928.92,2935.02,2941.49,2948.31,2955.46,2962.92,2970.69,2978.74,2987.06,2995.65,3004.48,3013.54,3022.82,3032.32,3042.02,3051.9,3061.97,3072.22,3082.63,3093.19,3103.9,3114.75,3125.74,3136.85,3148.08,3159.42,3170.88,3182.43,3194.07,3205.81,3217.63,3229.53,3241.5,3253.54,3265.65,3277.81,3290.03,3302.31,3314.63,3326.99
4600.98,4717.48,4839.91,4965.19,5088.23,5201.42,5294.68,5356.29,5375.28,5344.6,5263.97,5140.42,4986.09,4814.63,4638.1,4465.39,4302.16,4151.35,4014.08,3890.29,3779.25,3679.97,3591.31,3512.16,3441.48,3378.32,3321.84,3271.27,3225.98,3185.4,3149.01,3116.39,3087.16,3060.98,3037.56,3016.66,2998.03,2981.49,2966.85,2953.95,2942.66,2932.86,2924.42,2917.25,2911.25,2906.35,2902.46,2899.53,2897.48,2896.26,2895.82,2896.11,2897.09,2898.72,2900.95,2903.76,2907.11,2910.97,2915.32,2920.13,2925.37,2931.03,2937.08,2943.49,2950.26,2957.36,2964.79,2972.51,2980.52,2988.8,2997.35,3006.14,3015.17,3024.42,3033.88,3043.54,3053.4,3063.44,3073.66,3084.03,3094.57,3105.26,3116.08,3127.04,3138.13,3149.34,3160.66,3172.09,3183.61,3195.24,3206.95,3218.75,3230.63,3242.59,3254.61,3266.7,3278.85,3291.05,3303.31,3315.61,3327.96
4587.01,4701.21,4821.08,4943.6,5063.89,5174.68,5266.34,5327.74,5348.33,5321.15,5245.52,5127.7,4979,4812.44,4639.78,4469.92,4308.63,4159.06,4022.49,3899.02,3788.07,3688.69,3599.83,3520.41,3449.43,3385.95,3329.14,3278.26,3232.66,3191.77,3155.1,3122.22,3092.73,3066.31,3042.67,3021.55,3002.73,2986,2971.18,2958.12,2946.68,2936.72,2928.15,2920.84,2914.72,2909.7,2905.71,2902.66,2900.52,2899.2,2898.67,2898.88,2899.78,2901.32,2903.48,2906.22,2909.51,2913.31,2917.59,2922.34,2927.53,2933.13,2939.12,2945.49,2952.21,2959.27,2966.65,2974.33,2982.3,2990.54,2999.05,3007.8,3016.79,3026.01,3035.43,3045.07,3054.89,3064.9,3075.09,3085.44,3095.95,3106.61,3117.41,3128.34,3139.4,3150.59,3161.89,3173.29,3184.8,3196.4,3208.1,3219.88,3231.74,3243.67,3255.68,3267.75,3279.88,3292.06,3304.3,3316.59,3328.92
4573.29,4685.27,4802.65,4922.52,5040.15,5148.6,5238.7,5299.83,5321.86,5297.93,5227.04,5114.71,4971.47,4809.72,4640.94,4473.95,4314.66,4166.38,4030.57,3907.49,3796.65,3697.21,3608.18,3528.53,3457.26,3393.48,3336.36,3285.17,3239.27,3198.1,3161.15,3128,3098.26,3071.61,3047.75,3026.42,3007.4,2990.48,2975.49,2962.27,2950.67,2940.57,2931.85,2924.42,2918.18,2913.04,2908.93,2905.79,2903.54,2902.13,2901.52,2901.64,2902.45,2903.92,2906.01,2908.68,2911.9,2915.63,2919.86,2924.55,2929.68,2935.22,2941.16,2947.48,2954.15,2961.17,2968.5,2976.14,2984.07,2992.27,3000.74,3009.45,3018.41,3027.59,3036.99,3046.59,3056.38,3066.36,3076.52,3086.84,3097.32,3107.95,3118.73,3129.64,3140.68,3151.84,3163.11,3174.5,3185.98,3197.56,3209.24,3221,3232.84,3244.75,3256.74,3268.79,3280.91,3293.08,3305.3,3317.57,3329.89
4559.82,4669.65,4784.63,4901.93,5016.99,5123.18,5211.74,5272.54,5295.86,5274.97,5208.54,5101.47,4963.52,4806.51,4641.58,4477.5,4320.25,4173.31,4038.33,3915.68,3805,3705.55,3616.37,3536.5,3464.98,3400.91,3343.49,3292.01,3245.82,3204.36,3167.14,3133.73,3103.75,3076.87,3052.79,3031.26,3012.04,2994.94,2979.78,2966.39,2954.64,2944.4,2935.54,2927.98,2921.62,2916.37,2912.15,2908.9,2906.56,2905.06,2904.35,2904.38,2905.12,2906.51,2908.53,2911.13,2914.28,2917.95,2922.11,2926.74,2931.82,2937.31,2943.2,2949.47,2956.09,2963.06,2970.35,2977.94,2985.83,2993.99,3002.42,3011.1,3020.02,3029.17,3038.53,3048.1,3057.87,3067.82,3077.94,3088.24,3098.69,3109.3,3120.05,3130.93,3141.95,3153.08,3164.33,3175.7,3187.16,3198.72,3210.38,3222.12,3233.94,3245.83,3257.8,3269.84,3281.93,3294.09,3306.29,3318.55,3330.85
4546.6,4654.34,4766.99,4881.8,4994.39,5098.38,5185.43,5245.86,5270.34,5252.27,5190.06,5088.01,4955.19,4802.83,4641.72,4480.57,4325.41,4179.88,4045.76,3923.59,3813.12,3713.68,3624.4,3544.34,3472.57,3408.24,3350.54,3298.77,3252.3,3210.56,3173.08,3139.42,3109.2,3082.09,3057.8,3036.06,3016.65,2999.37,2984.04,2970.49,2958.59,2948.2,2939.22,2931.53,2925.04,2919.68,2915.35,2912,2909.56,2907.96,2907.17,2907.12,2907.78,2909.09,2911.03,2913.56,2916.65,2920.25,2924.36,2928.93,2933.95,2939.39,2945.23,2951.45,2958.02,2964.94,2972.19,2979.74,2987.59,2995.71,3004.11,3012.75,3021.63,3030.75,3040.08,3049.61,3059.35,3069.27,3079.36,3089.63,3100.06,3110.64,3121.36,3132.22,3143.21,3154.32,3165.55,3176.89,3188.34,3199.88,3211.51,3223.23,3235.03,3246.91,3258.86,3270.88,3282.96,3295.09,3307.28,3319.52,3331.81
4533.62,4639.32,4749.72,4862.13,4972.32,5074.19,5159.75,5219.77,5245.29,5229.84,5171.61,5074.37,4946.51,4798.7,4641.39,4483.18,4330.15,4186.07,4052.88,3931.24,3821.02,3721.63,3632.27,3552.04,3480.05,3415.46,3357.49,3305.45,3258.71,3216.71,3178.97,3145.06,3114.61,3087.28,3062.77,3040.83,3021.24,3003.78,2988.28,2974.57,2962.52,2951.99,2942.87,2935.06,2928.45,2922.97,2918.54,2915.09,2912.55,2910.86,2909.98,2909.85,2910.42,2911.66,2913.53,2915.99,2919.01,2922.56,2926.6,2931.11,2936.08,2941.46,2947.25,2953.42,2959.95,2966.82,2974.02,2981.54,2989.34,2997.43,3005.78,3014.39,3023.24,3032.32,3041.61,3051.12,3060.82,3070.71,3080.78,3091.02,3101.42,3111.97,3122.67,3133.51,3144.47,3155.56,3166.77,3178.09,3189.51,3201.03,3212.64,3224.34,3236.13,3247.99,3259.92,3271.92,3283.98,3296.1,3308.27,3320.49,3332.76
4520.86,4624.6,4732.81,4842.9,4950.77,5050.57,5134.67,5194.26,5220.7,5207.69,5153.22,5060.58,4937.52,4794.15,4640.61,4485.34,4334.48,4191.9,4059.68,3938.61,3828.68,3729.38,3639.96,3559.59,3487.4,3422.58,3364.36,3312.05,3265.05,3222.79,3184.81,3150.66,3119.98,3092.42,3067.71,3045.58,3025.8,3008.16,2992.49,2978.63,2966.43,2955.76,2946.51,2938.57,2931.85,2926.25,2921.72,2918.16,2915.52,2913.75,2912.78,2912.56,2913.06,2914.23,2916.02,2918.41,2921.37,2924.85,2928.83,2933.29,2938.2,2943.53,2949.26,2955.38,2961.87,2968.7,2975.85,2983.32,2991.09,2999.14,3007.45,3016.02,3024.84,3033.88,3043.15,3052.62,3062.29,3072.15,3082.19,3092.4,3102.78,3113.3,3123.98,3134.79,3145.73,3156.8,3167.98,3179.28,3190.68,3202.18,3213.77,3225.45,3237.22,3249.06,3260.97,3272.95,3285,3297.1,3309.26,3321.46,3333.72
4508.33,4610.16,4716.25,4824.09,4929.71,5027.51,5110.18,5169.29,5196.56,5185.82,5134.9,5046.65,4928.22,4789.21,4639.39,4487.08,4338.41,4197.37,4066.17,3945.72,3836.11,3736.93,3647.5,3567.01,3494.64,3429.6,3371.14,3318.58,3271.32,3228.82,3190.59,3156.21,3125.3,3097.53,3072.61,3050.29,3030.32,3012.52,2996.68,2982.67,2970.32,2959.51,2950.13,2942.07,2935.22,2929.52,2924.88,2921.22,2918.49,2916.62,2915.56,2915.27,2915.69,2916.78,2918.5,2920.83,2923.71,2927.13,2931.05,2935.46,2940.31,2945.59,2951.27,2957.34,2963.78,2970.57,2977.68,2985.11,2992.83,3000.84,3009.12,3017.66,3026.43,3035.45,3044.68,3054.12,3063.76,3073.59,3083.6,3093.79,3104.13,3114.63,3125.28,3136.07,3146.99,3158.03,3169.19,3180.47,3191.85,3203.33,3214.9,3226.56,3238.3,3250.13,3262.02,3273.99,3286.01,3298.1,3310.24,3322.43,3334.67
4496.02,4595.98,4700.03,4805.68,4909.14,5004.99,5086.26,5144.87,5172.87,5164.23,5116.67,5032.61,4918.67,4783.91,4637.76,4488.39,4341.95,4202.49,4072.35,3952.56,3843.32,3744.29,3654.86,3574.28,3501.75,3436.51,3377.82,3325.03,3277.53,3234.78,3196.31,3161.7,3130.58,3102.6,3077.48,3054.97,3034.82,3016.84,3000.85,2986.68,2974.19,2963.25,2953.73,2945.54,2938.59,2932.77,2928.02,2924.27,2921.44,2919.48,2918.34,2917.96,2918.3,2919.32,2920.97,2923.23,2926.05,2929.41,2933.27,2937.61,2942.41,2947.64,2953.28,2959.3,2965.69,2972.43,2979.5,2986.88,2994.57,3002.54,3010.78,3019.28,3028.03,3037,3046.2,3055.61,3065.22,3075.03,3085.01,3095.16,3105.48,3115.96,3126.58,3137.34,3148.24,3159.26,3170.4,3181.65,3193.01,3204.47,3216.02,3227.66,3239.39,3251.19,3263.07,3275.02,3287.03,3299.1,3311.22,3323.4,3335.62
4483.92,4582.08,4684.13,4787.67,4889.02,4982.99,5062.88,5120.97,5149.62,5142.94,5098.55,5018.49,4908.87,4778.26,4635.74,4489.31,4345.11,4207.27,4078.22,3959.14,3850.3,3751.46,3662.06,3581.41,3508.74,3443.31,3384.41,3331.39,3283.66,3240.68,3201.99,3167.15,3135.81,3107.63,3082.32,3059.61,3039.29,3021.14,3004.99,2990.67,2978.04,2966.96,2957.32,2949.01,2941.93,2936.01,2931.15,2927.3,2924.38,2922.33,2921.1,2920.64,2920.91,2921.85,2923.43,2925.62,2928.38,2931.67,2935.48,2939.77,2944.51,2949.68,2955.27,2961.24,2967.59,2974.28,2981.31,2988.66,2996.3,3004.23,3012.44,3020.9,3029.61,3038.56,3047.72,3057.1,3066.68,3076.45,3086.41,3096.54,3106.83,3117.28,3127.88,3138.62,3149.49,3160.48,3171.6,3182.83,3194.17,3205.61,3217.14,3228.76,3240.47,3252.26,3264.12,3276.05,3288.04,3300.09,3312.2,3324.36,3336.57
4472.02,4568.42,4668.54,4770.04,4869.35,4961.49,5040.03,5097.59,5126.8,5121.94,5080.54,5004.3,4898.85,4772.28,4633.33,4489.84,4347.89,4211.7,4083.8,3965.45,3857.05,3758.43,3669.09,3588.39,3515.61,3450.01,3390.91,3337.68,3289.72,3246.52,3207.6,3172.55,3141,3112.62,3087.11,3064.23,3043.73,3025.42,3009.11,2994.64,2981.86,2970.65,2960.88,2952.45,2945.26,2939.23,2934.27,2930.32,2927.31,2925.17,2923.86,2923.32,2923.5,2924.37,2925.89,2928.01,2930.7,2933.93,2937.68,2941.91,2946.6,2951.72,2957.26,2963.19,2969.48,2976.13,2983.12,2990.42,2998.03,3005.92,3014.09,3022.52,3031.19,3040.1,3049.24,3058.59,3068.14,3077.88,3087.81,3097.91,3108.17,3118.6,3129.17,3139.88,3150.73,3161.71,3172.8,3184.01,3195.33,3206.75,3218.26,3229.86,3241.55,3253.32,3265.16,3277.07,3289.05,3301.08,3313.18,3325.32,3337.51
4460.33,4555.02,4653.26,4752.78,4850.11,4940.47,5017.7,5074.69,5104.4,5101.24,5062.66,4990.07,4888.63,4766,4630.57,4489.99,4350.32,4215.8,4089.07,3971.5,3863.58,3765.2,3675.96,3595.24,3522.35,3456.6,3397.32,3343.88,3295.71,3252.3,3213.16,3177.9,3146.15,3117.57,3091.87,3068.81,3048.14,3029.66,3013.2,2998.58,2985.67,2974.32,2964.43,2955.88,2948.57,2942.43,2937.38,2933.33,2930.22,2928,2926.6,2925.98,2926.09,2926.89,2928.33,2930.38,2933.01,2936.19,2939.87,2944.05,2948.68,2953.75,2959.24,2965.12,2971.37,2977.98,2984.92,2992.18,2999.75,3007.61,3015.74,3024.13,3032.77,3041.65,3050.75,3060.07,3069.59,3079.3,3089.2,3099.27,3109.51,3119.91,3130.46,3141.15,3151.97,3162.93,3174,3185.19,3196.48,3207.88,3219.37,3230.96,3242.63,3254.38,3266.2,3278.09,3290.05,3302.07,3314.15,3326.28,3338.46
4448.82,4541.85,4638.28,4735.87,4831.29,4919.92,4995.85,5052.28,5082.42,5080.83,5044.91,4975.8,4878.24,4759.45,4627.48,4489.79,4352.4,4219.58,4094.06,3977.3,3869.88,3771.79,3682.66,3601.94,3528.97,3463.08,3403.63,3350,3301.63,3258.01,3218.67,3183.2,3151.25,3122.48,3096.6,3073.35,3052.52,3033.88,3017.26,3002.5,2989.45,2977.97,2967.95,2959.28,2951.87,2945.62,2940.46,2936.32,2933.12,2930.81,2929.33,2928.63,2928.66,2929.39,2930.76,2932.75,2935.32,2938.43,2942.06,2946.18,2950.76,2955.78,2961.22,2967.05,2973.25,2979.82,2986.72,2993.94,3001.47,3009.28,3017.38,3025.73,3034.34,3043.19,3052.26,3061.54,3071.03,3080.72,3090.59,3100.64,3110.85,3121.22,3131.74,3142.41,3153.21,3164.14,3175.19,3186.36,3197.63,3209.01,3220.48,3232.05,3243.7,3255.43,3267.24,3279.11,3291.06,3303.06,3315.12,3327.23,3339.4
4437.51,4528.92,4623.58,4719.3,4812.87,4899.82,4974.48,5030.34,5060.84,5060.71,5027.31,4961.52,4867.69,4752.63,4624.06,4489.24,4354.13,4223.04,4098.76,3982.84,3875.96,3778.18,3689.19,3608.49,3535.46,3469.46,3409.85,3356.05,3307.48,3263.66,3224.12,3188.45,3156.3,3127.34,3101.28,3077.87,3056.87,3038.07,3021.3,3006.4,2993.21,2981.6,2971.46,2962.68,2955.15,2948.8,2943.54,2939.3,2936.01,2933.61,2932.05,2931.27,2931.23,2931.88,2933.19,2935.11,2937.61,2940.66,2944.24,2948.3,2952.83,2957.8,2963.18,2968.97,2975.13,2981.65,2988.51,2995.69,3003.18,3010.96,3019.01,3027.33,3035.91,3044.72,3053.76,3063.01,3072.48,3082.13,3091.97,3101.99,3112.18,3122.53,3133.03,3143.67,3154.45,3165.35,3176.38,3187.53,3198.78,3210.14,3221.59,3233.14,3244.77,3256.48,3268.27,3280.13,3292.06,3304.05,3316.09,3328.19,3340.33
4426.38,4516.22,4609.15,4703.07,4794.83,4880.15,4953.58,5008.84,5039.66,5040.89,5009.87,4947.24,4857.01,4745.57,4620.33,4488.36,4355.54,4226.19,4103.17,3988.13,3881.82,3784.38,3695.56,3614.9,3541.83,3475.73,3415.98,3362,3313.25,3269.24,3229.51,3193.65,3161.31,3132.17,3105.93,3082.35,3061.18,3042.23,3025.32,3010.27,2996.95,2985.21,2974.95,2966.05,2958.42,2951.96,2946.6,2942.26,2938.88,2936.4,2934.75,2933.9,2933.78,2934.36,2935.6,2937.46,2939.9,2942.89,2946.4,2950.41,2954.89,2959.81,2965.15,2970.88,2977,2983.47,2990.29,2997.43,3004.88,3012.62,3020.64,3028.93,3037.47,3046.25,3055.26,3064.48,3073.91,3083.54,3093.36,3103.35,3113.51,3123.83,3134.31,3144.92,3155.68,3166.56,3177.57,3188.69,3199.93,3211.26,3222.7,3234.23,3245.84,3257.53,3269.31,3281.15,3293.06,3305.03,3317.06,3329.14,3341.27
4415.43,4503.74,4595,4687.15,4777.17,4860.9,4933.12,4987.79,5018.87,5021.36,4992.58,4932.98,4846.21,4738.29,4616.32,4487.17,4356.63,4229.03,4107.31,3993.18,3887.46,3790.39,3701.76,3621.17,3548.08,3481.89,3422.01,3367.88,3318.96,3274.76,3234.84,3198.8,3166.28,3136.96,3110.55,3086.79,3065.47,3046.37,3029.3,3014.12,3000.66,2988.8,2978.42,2969.4,2961.66,2955.1,2949.64,2945.21,2941.74,2939.18,2937.45,2936.52,2936.33,2936.84,2938.01,2939.8,2942.18,2945.11,2948.57,2952.52,2956.94,2961.81,2967.1,2972.79,2978.86,2985.29,2992.07,2999.17,3006.58,3014.28,3022.27,3030.52,3039.03,3047.77,3056.75,3065.94,3075.35,3084.95,3094.73,3104.7,3114.83,3125.13,3135.58,3146.17,3156.91,3167.77,3178.75,3189.86,3201.07,3212.39,3223.8,3235.31,3246.9,3258.58,3270.34,3282.16,3294.05,3306.01,3318.02,3330.09,3342.2
4404.66,4491.47,4581.11,4671.55,4759.87,4842.06,4913.09,4967.17,4998.46,5002.12,4975.46,4918.74,4835.3,4730.8,4612.03,4485.67,4357.4,4231.58,4111.17,3997.97,3892.89,3796.21,3707.8,3627.3,3554.2,3487.94,3427.94,3373.67,3324.58,3280.21,3240.11,3203.89,3171.2,3141.7,3115.12,3091.21,3069.72,3050.47,3033.27,3017.94,3004.36,2992.37,2981.87,2972.74,2964.89,2958.23,2952.67,2948.15,2944.59,2941.94,2940.13,2939.12,2938.86,2939.3,2940.4,2942.13,2944.44,2947.32,2950.72,2954.62,2958.99,2963.81,2969.05,2974.69,2980.72,2987.11,2993.84,3000.9,3008.27,3015.94,3023.89,3032.11,3040.58,3049.29,3058.24,3067.4,3076.78,3086.35,3096.11,3106.05,3116.16,3126.43,3136.85,3147.42,3158.13,3168.97,3179.93,3191.02,3202.21,3213.51,3224.9,3236.39,3247.97,3259.63,3271.36,3283.17,3295.05,3306.99,3318.98,3331.03,3343.14
