CH4 Density [kg/m3] PelePhys
134.337,86.438,76.1578,69.6746,64.9089,61.1404,58.0279,55.3812,53.0829,51.0552,49.244,47.6097,46.1229,44.7609,43.5056,42.3429,41.261,40.2504,39.3031,38.4124,37.5724,36.7783,36.0259,35.3115,34.6317,33.9839,33.3654,32.774,32.2077,31.6648,31.1436,30.6427,30.1608,29.6966,29.2491,28.8173,28.4002,27.9971,27.6072,27.2297,26.864,26.5095,26.1656,25.8319,25.5078,25.1928,24.8865,24.5887,24.2987,24.0165,23.7415,23.4735,23.2122,22.9573,22.7087,22.4659,22.2289,21.9973,21.7711,21.5499,21.3336,21.122,20.9151,20.7125,20.5142,20.32,20.1297,19.9433,19.7607,19.5816,19.406,19.2338,19.0649,18.8992,18.7365,18.5768,18.4201,18.2661,18.1149,17.9664,17.8204,17.677,17.536,17.3974,17.2611,17.1271,16.9952,16.8656,16.738,16.6124,16.4888,16.3672,16.2474,16.1295,16.0134,15.899,15.7863,15.6753,15.566,15.4582,15.352
176.146,91.7485,79.5336,72.2976,67.1101,63.0648,59.7535,56.9555,54.5373,52.4117,50.5185,48.8145,47.2673,45.8524,44.5503,43.3458,42.2263,41.1816,40.2033,39.284,38.4178,37.5995,36.8245,36.0891,35.3897,34.7235,34.0877,33.48,32.8984,32.3409,31.8059,31.2919,30.7975,30.3214,29.8626,29.4199,28.9925,28.5794,28.1799,27.7933,27.4188,27.0558,26.7038,26.3621,26.0304,25.7081,25.3947,25.09,24.7934,24.5047,24.2234,23.9494,23.6822,23.4217,23.1674,22.9193,22.677,22.4403,22.2091,21.9831,21.7621,21.5459,21.3345,21.1275,20.9249,20.7265,20.5322,20.3418,20.1553,19.9724,19.7931,19.6172,19.4448,19.2755,19.1094,18.9464,18.7864,18.6292,18.4748,18.3232,18.1742,18.0278,17.8839,17.7424,17.6033,17.4665,17.332,17.1996,17.0694,16.9413,16.8152,16.691,16.5688,16.4485,16.33,16.2133,16.0983,15.9851,15.8735,15.7636,15.6552
185.456,98.0201,83.1694,75.0479,69.3885,65.0415,61.5171,58.5588,56.0145,53.7866,51.8083,50.032,48.4225,46.9532,45.6031,44.3557,43.1977,42.1182,41.1082,40.1599,39.267,38.424,37.6262,36.8695,36.1502,35.4653,34.812,34.1879,33.5907,33.0186,32.4696,31.9424,31.4354,30.9473,30.477,30.0234,29.5856,29.1625,28.7534,28.3575,27.9741,27.6026,27.2423,26.8928,26.5534,26.2237,25.9032,25.5916,25.2883,24.9931,24.7056,24.4255,24.1524,23.8861,23.6263,23.3728,23.1252,22.8834,22.6472,22.4163,22.1906,21.9698,21.7538,21.5425,21.3356,21.133,20.9346,20.7403,20.5498,20.3631,20.1801,20.0006,19.8245,19.6518,19.4823,19.3159,19.1526,18.9922,18.8347,18.6799,18.5279,18.3785,18.2317,18.0873,17.9454,17.8059,17.6686,17.5336,17.4007,17.27,17.1414,17.0147,16.8901,16.7673,16.6465,16.5274,16.4102,16.2947,16.1809,16.0688,15.9583
191.925,105.751,87.1127,77.9388,71.7495,67.0733,63.3203,60.192,57.5152,55.1803,53.1134,51.2623,49.5886,48.0632,46.6638,45.3726,44.1753,43.0602,42.0178,41.04,40.12,39.2519,38.4309,37.6526,36.9132,36.2094,35.5384,34.8976,34.2847,33.6977,33.1347,32.5941,32.0744,31.5743,31.0924,30.6278,30.1794,29.7462,29.3275,28.9223,28.53,28.1499,27.7814,27.4238,27.0768,26.7396,26.412,26.0934,25.7834,25.4817,25.1879,24.9017,24.6227,24.3507,24.0853,23.8263,23.5735,23.3265,23.0853,22.8495,22.6191,22.3937,22.1732,21.9575,21.7463,21.5395,21.337,21.1386,20.9443,20.7538,20.567,20.3838,20.2042,20.0279,19.855,19.6853,19.5186,19.355,19.1943,19.0365,18.8814,18.7291,18.5793,18.4321,18.2873,18.145,18.005,17.8673,17.7319,17.5986,17.4674,17.3383,17.2112,17.086,16.9628,16.8414,16.7219,16.6041,16.4881,16.3738,16.2612
197.039,115.886,91.4233,80.9856,74.1992,69.163,65.1646,61.8559,59.0397,56.5932,54.4343,52.5057,50.7656,49.1826,47.7326,46.3964,45.1589,44.0076,42.9322,41.9244,40.9767,40.0832,39.2386,38.4384,37.6786,36.9557,36.2668,35.6092,34.9804,34.3784,33.8012,33.2471,32.7146,32.2022,31.7088,31.2331,30.774,30.3307,29.9022,29.4877,29.0864,28.6977,28.3208,27.9553,27.6005,27.2559,26.9211,26.5955,26.2788,25.9706,25.6705,25.3781,25.0931,24.8153,24.5443,24.2799,24.0218,23.7697,23.5234,23.2828,23.0476,22.8175,22.5925,22.3724,22.1569,21.9459,21.7393,21.537,21.3387,21.1443,20.9538,20.767,20.5837,20.404,20.2276,20.0545,19.8846,19.7178,19.5539,19.393,19.2349,19.0795,18.9268,18.7767,18.6291,18.484,18.3413,18.201,18.0629,17.927,17.7933,17.6617,17.5321,17.4046,17.279,17.1553,17.0334,16.9134,16.7952,16.6787,16.5639
201.331,129.934,96.1775,84.2058,76.744,71.3137,67.0517,63.5516,60.5888,58.0255,55.771,53.7622,51.9537,50.3115,48.8095,47.4273,46.1487,44.9603,43.8514,42.8129,41.8372,40.9179,40.0494,39.2269,38.4464,37.7043,36.9972,36.3225,35.6777,35.0605,34.469,33.9013,33.3559,32.8312,32.3261,31.8392,31.3695,30.9159,30.4776,30.0537,29.6434,29.2459,28.8607,28.4871,28.1246,27.7725,27.4304,27.0978,26.7744,26.4596,26.1531,25.8546,25.5637,25.2801,25.0035,24.7336,24.4701,24.2129,23.9616,23.7161,23.4761,23.2414,23.0118,22.7873,22.5675,22.3523,22.1416,21.9352,21.733,21.5348,21.3405,21.15,20.9632,20.7799,20.6001,20.4237,20.2504,20.0804,19.9133,19.7493,19.5881,19.4298,19.2741,19.1212,18.9708,18.8229,18.6775,18.5344,18.3937,18.2553,18.119,17.9849,17.8529,17.7229,17.595,17.4689,17.3448,17.2225,17.1021,16.9834,16.8664
205.063,146.634,101.471,87.619,79.3909,73.5286,68.9831,65.28,62.163,59.4777,57.1238,55.032,53.153,51.4498,49.8945,48.4653,47.1446,45.9185,44.7754,43.7057,42.7015,41.7559,40.8631,40.0182,39.2167,38.455,37.7296,37.0377,36.3767,35.7442,35.1381,34.5567,33.9983,33.4612,32.9443,32.4461,31.9656,31.5018,31.0536,30.6202,30.2008,29.7947,29.4011,29.0194,28.649,28.2894,27.94,27.6004,27.2702,26.9488,26.636,26.3313,26.0344,25.7449,25.4627,25.1873,24.9185,24.6561,24.3998,24.1493,23.9045,23.6652,23.4311,23.2021,22.978,22.7586,22.5438,22.3333,22.1272,21.9252,21.7271,21.533,21.3426,21.1558,20.9725,20.7927,20.6161,20.4428,20.2726,20.1055,19.9413,19.7799,19.6214,19.4655,19.3123,19.1616,19.0135,18.8678,18.7244,18.5834,18.4446,18.308,18.1735,18.0411,17.9108,17.7824,17.656,17.5315,17.4088,17.2879,17.1688
208.385,159.967,107.418,91.2471,82.1473,75.8108,70.9606,67.0419,63.7628,60.9502,58.4929,56.3153,54.3635,52.5977,50.9878,49.5103,48.1467,46.882,45.704,44.6027,43.5695,42.5972,41.6799,40.8121,39.9894,39.2079,38.464,37.7546,37.0772,36.4292,35.8086,35.2134,34.6418,34.0922,33.5634,33.0539,32.5626,32.0883,31.6302,31.1873,30.7588,30.3438,29.9418,29.552,29.1737,28.8066,28.4499,28.1033,27.7662,27.4382,27.119,26.8081,26.5052,26.2099,25.922,25.6411,25.367,25.0993,24.838,24.5826,24.333,24.089,23.8504,23.6169,23.3885,23.1648,22.9459,22.7314,22.5213,22.3155,22.1137,21.9158,21.7218,21.5315,21.3448,21.1616,20.9817,20.8052,20.6318,20.4615,20.2943,20.1299,19.9684,19.8097,19.6536,19.5002,19.3493,19.2009,19.0549,18.9113,18.77,18.6309,18.494,18.3592,18.2265,18.0958,17.967,17.8403,17.7154,17.5923,17.471
211.39,169.451,114.135,95.1141,85.0211,78.1639,72.9858,68.8384,65.3888,62.4432,59.8786,57.6122,55.5854,53.7552,52.0892,50.5623,49.1549,47.8509,46.6375,45.5039,44.4412,43.4419,42.4996,41.6087,40.7645,39.9629,39.2002,38.4733,37.7794,37.1158,36.4804,35.8712,35.2864,34.7242,34.1834,33.6625,33.1602,32.6756,32.2075,31.755,31.3172,30.8935,30.4829,30.0849,29.6988,29.324,28.96,28.6063,28.2624,27.9278,27.6021,27.285,26.9761,26.6749,26.3813,26.0949,25.8155,25.5426,25.2762,25.0159,24.7615,24.5128,24.2696,24.0317,23.7989,23.571,23.3479,23.1294,22.9154,22.7057,22.5001,22.2986,22.1009,21.9071,21.7169,21.5303,21.3472,21.1674,20.9908,20.8174,20.6471,20.4798,20.3153,20.1537,19.9948,19.8386,19.685,19.5339,19.3853,19.2391,19.0952,18.9536,18.8143,18.6771,18.542,18.4089,18.2779,18.1489,18.0217,17.8965,17.7731
214.144,176.648,121.688,99.2449,88.0203,80.5913,75.0606,70.6704,67.0415,63.9571,61.2811,58.9228,56.8187,54.9223,53.1988,51.6215,50.1692,48.8252,47.5756,46.4092,45.3166,44.2898,43.3222,42.4079,41.542,40.7201,39.9385,39.1938,38.4831,37.8038,37.1535,36.5302,35.932,35.3572,34.8043,34.2718,33.7586,33.2635,32.7853,32.3232,31.8762,31.4436,31.0245,30.6182,30.2242,29.8418,29.4704,29.1096,28.7588,28.4175,28.0854,27.762,27.4471,27.1401,26.8408,26.5488,26.264,25.9859,25.7144,25.4491,25.1899,24.9365,24.6887,24.4464,24.2092,23.9771,23.7499,23.5274,23.3094,23.0958,22.8864,22.6812,22.48,22.2826,22.089,21.899,21.7125,21.5295,21.3497,21.1732,20.9998,20.8295,20.6621,20.4976,20.3359,20.1769,20.0206,19.8668,19.7155,19.5667,19.4203,19.2762,19.1344,18.9948,18.8573,18.7219,18.5886,18.4573,18.328,18.2005,18.0749
216.69,182.462,129.97,103.663,91.153,83.0962,77.1864,72.5387,68.7215,65.4921,62.7005,60.2473,58.0635,56.0991,54.3167,52.6877,51.1898,49.8048,48.5185,47.3187,46.1957,45.1411,44.1478,43.2098,42.3218,41.4794,40.6786,39.916,39.1884,38.4932,37.8279,37.1904,36.5787,35.9911,35.426,34.882,34.3577,33.852,33.3637,32.8919,32.4356,31.9941,31.5664,31.1519,30.7499,30.3598,29.9811,29.6131,29.2553,28.9074,28.5688,28.2392,27.9181,27.6053,27.3003,27.0028,26.7125,26.4292,26.1526,25.8824,25.6183,25.3602,25.1079,24.861,24.6195,24.3832,24.1518,23.9252,23.7032,23.4858,23.2727,23.0637,22.8589,22.658,22.4609,22.2675,22.0777,21.8914,21.7085,21.5288,21.3524,21.179,21.0087,20.8413,20.6768,20.515,20.3559,20.1995,20.0456,19.8942,19.7452,19.5986,19.4544,19.3123,19.1725,19.0348,18.8992,18.7656,18.634,18.5044,18.3767
219.064,187.363,138.577,108.387,94.427,85.6821,79.3651,74.4443,70.4293,67.0487,64.1369,61.5856,59.3198,57.2855,55.4428,53.7611,52.2164,50.7898,49.466,48.2324,47.0785,45.9956,44.9763,44.0142,43.104,42.2408,41.4207,40.6399,39.8952,39.184,38.5035,37.8517,37.2265,36.626,36.0487,35.493,34.9575,34.4412,33.9427,33.4612,32.9955,32.545,32.1087,31.6859,31.2759,30.8782,30.492,30.1168,29.7521,29.3975,29.0524,28.7165,28.3893,28.0705,27.7598,27.4567,27.1611,26.8725,26.5908,26.3156,26.0467,25.7839,25.5269,25.2756,25.0298,24.7891,24.5536,24.3229,24.097,23.8757,23.6588,23.4462,23.2377,23.0332,22.8327,22.6359,22.4428,22.2532,22.0671,21.8843,21.7048,21.5285,21.3552,21.1849,21.0175,20.853,20.6911,20.532,20.3755,20.2215,20.07,19.9209,19.7742,19.6297,19.4875,19.3475,19.2095,19.0737,18.9399,18.8081,18.6782
221.29,191.619,146.913,113.423,97.849,88.3521,81.598,76.388,72.1652,68.627,65.5907,62.938,60.5877,58.4818,56.5772,54.8415,53.2492,51.7802,50.4182,49.1502,47.9649,46.8533,45.8077,44.8213,43.8885,43.0043,42.1646,41.3654,40.6036,39.8761,39.1804,38.5142,37.8753,37.2618,36.6721,36.1047,35.558,35.031,34.5223,34.0309,33.5559,33.0963,32.6514,32.2202,31.8022,31.3967,31.0031,30.6207,30.249,29.8877,29.5361,29.1939,28.8606,28.5359,28.2194,27.9108,27.6097,27.3158,27.029,26.7488,26.4751,26.2075,25.946,25.6902,25.4399,25.195,24.9553,24.7206,24.4907,24.2655,24.0448,23.8285,23.6164,23.4084,23.2043,23.0041,22.8077,22.6149,22.4256,22.2397,22.0571,21.8777,21.7015,21.5283,21.3581,21.1907,21.0262,20.8644,20.7052,20.5487,20.3946,20.243,20.0938,19.9469,19.8023,19.66,19.5197,19.3817,19.2456,19.1116,18.9796
223.388,195.395,154.519,118.757,101.424,91.1089,83.8866,78.3705,73.9298,70.2272,67.0619,64.3045,61.8673,59.6877,57.7199,55.929,54.2881,52.7758,51.3751,50.072,48.855,47.7143,46.6419,45.6309,44.6753,43.7699,42.9104,42.0927,41.3135,40.5697,39.8586,39.1778,38.5251,37.8985,37.2964,36.7171,36.1592,35.6214,35.1024,34.6012,34.1167,33.6481,33.1944,32.7549,32.3288,31.9155,31.5144,31.1248,30.7462,30.378,30.0199,29.6714,29.3319,29.0013,28.679,28.3648,28.0583,27.7592,27.4671,27.182,26.9034,26.6311,26.3649,26.1046,25.85,25.6008,25.357,25.1182,24.8843,24.6552,24.4307,24.2106,23.9949,23.7834,23.5758,23.3723,23.1725,22.9764,22.7839,22.5949,22.4092,22.2268,22.0477,21.8716,21.6985,21.5284,21.3611,21.1966,21.0348,20.8756,20.719,20.5649,20.4133,20.264,20.117,19.9723,19.8298,19.6894,19.5512,19.415,19.2808
225.376,198.797,161.246,124.342,105.155,93.9547,86.2321,80.3924,75.7234,71.8497,68.5505,65.6851,63.1585,60.9034,58.8708,57.0235,55.333,53.7768,52.3366,50.998,49.7486,48.5785,47.479,46.443,45.4643,44.5375,43.658,42.8216,42.0249,41.2646,40.5379,39.8424,39.1758,38.5361,37.9215,37.3303,36.7611,36.2124,35.6831,35.1719,34.678,34.2002,33.7378,33.2899,32.8557,32.4346,32.0259,31.629,31.2434,30.8685,30.5038,30.1489,29.8034,29.4668,29.1387,28.8189,28.5069,28.2025,27.9053,27.6151,27.3317,27.0546,26.7839,26.5191,26.26,26.0066,25.7585,25.5156,25.2778,25.0448,24.8165,24.5927,24.3733,24.1582,23.9472,23.7403,23.5371,23.3378,23.1421,22.9499,22.7612,22.5758,22.3937,22.2147,22.0388,21.8659,21.6958,21.5286,21.3642,21.2024,21.0433,20.8867,20.7326,20.5809,20.4315,20.2845,20.1396,19.997,19.8566,19.7182,19.5818
227.265,201.902,167.149,130.093,109.039,96.891,88.6355,82.4544,77.5462,73.4945,70.0568,67.08,64.4614,62.1289,60.0299,58.1251,56.3841,54.783,53.3028,51.9279,50.6458,49.4458,48.3189,47.2577,46.2556,45.3071,44.4074,43.5522,42.7377,41.9608,41.2185,40.5082,39.8276,39.1747,38.5474,37.9443,37.3636,36.804,36.2643,35.7432,35.2397,34.7527,34.2815,33.8251,33.3829,32.9539,32.5377,32.1335,31.7408,31.3591,30.9879,30.6266,30.2749,29.9323,29.5984,29.2729,28.9555,28.6458,28.3435,28.0483,27.7599,27.4781,27.2027,26.9334,26.67,26.4122,26.16,25.913,25.6712,25.4343,25.2021,24.9747,24.7517,24.533,24.3185,24.1081,23.9017,23.699,23.5001,23.3048,23.113,22.9246,22.7395,22.5577,22.3789,22.2032,22.0304,21.8605,21.6934,21.5291,21.3674,21.2083,21.0517,20.8976,20.7458,20.5965,20.4493,20.3045,20.1618,20.0212,19.8827
229.066,204.761,172.353,135.894,113.07,99.918,91.0974,84.5568,79.3986,75.1619,71.5808,68.4891,65.776,63.3641,61.1973,59.2337,57.4412,55.7944,54.2735,52.862,51.5466,50.3162,49.1616,48.0749,47.0492,46.0788,45.1586,44.2843,43.452,42.6583,41.9002,41.175,40.4804,39.814,39.1741,38.5589,37.9667,37.3962,36.846,36.3149,35.8018,35.3056,34.8256,34.3607,33.9103,33.4735,33.0496,32.6381,32.2384,31.8499,31.472,31.1043,30.7464,30.3978,30.0582,29.727,29.4041,29.0891,28.7816,28.4813,28.1881,27.9016,27.6215,27.3477,27.0798,26.8178,26.5613,26.3103,26.0644,25.8236,25.5877,25.3565,25.1298,24.9076,24.6896,24.4758,24.266,24.0601,23.858,23.6596,23.4647,23.2733,23.0852,22.9004,22.7188,22.5403,22.3648,22.1923,22.0225,21.8556,21.6913,21.5297,21.3707,21.2141,21.06,20.9083,20.7589,20.6117,20.4668,20.324,20.1833
230.789,207.417,176.984,141.614,117.232,103.035,93.618,86.6999,81.2808,76.8518,73.1224,69.9124,67.1022,64.609,62.3729,60.3493,58.5043,56.8111,55.2487,53.7999,52.4509,51.1898,50.0071,48.8945,47.8449,46.8524,45.9116,45.0181,44.1678,43.3572,42.5832,41.8429,41.1341,40.4543,39.8016,39.1742,38.5705,37.989,37.4282,36.887,36.3643,35.8589,35.37,34.8966,34.4379,33.9932,33.5618,33.1429,32.7361,32.3407,31.9562,31.5822,31.218,30.8634,30.5179,30.1812,29.8527,29.5324,29.2197,28.9144,28.6162,28.3249,28.0402,27.7618,27.4896,27.2232,26.9626,26.7074,26.4576,26.2129,25.9731,25.7382,25.5079,25.2821,25.0606,24.8434,24.6302,24.4211,24.2158,24.0142,23.8162,23.6218,23.4308,23.2431,23.0586,22.8773,22.6991,22.5238,22.3514,22.1819,22.0151,21.851,21.6894,21.5305,21.374,21.2199,21.0682,20.9188,20.7716,20.6267,20.4839
232.441,209.899,181.147,147.138,121.503,106.239,96.197,88.8837,83.1926,78.5643,74.6818,71.3499,68.4401,65.8635,63.5566,61.4718,59.5733,57.8329,56.2284,54.7419,53.3586,52.0665,50.8553,49.7165,48.6428,47.6279,46.6663,45.7534,44.8849,44.0573,43.2672,42.5119,41.7887,41.0954,40.4299,39.7903,39.1749,38.5823,38.0109,37.4596,36.9272,36.4125,35.9147,35.4327,34.9658,34.5132,34.0741,33.6479,33.234,32.8317,32.4406,32.0601,31.6897,31.3291,30.9777,30.6353,30.3013,29.9756,29.6577,29.3474,29.0443,28.7482,28.4589,28.1759,27.8993,27.6286,27.3638,27.1045,26.8506,26.602,26.3584,26.1198,25.8858,25.6564,25.4315,25.2108,24.9943,24.7819,24.5733,24.3686,24.1676,23.9701,23.7761,23.5856,23.3982,23.2141,23.0332,22.8552,22.6802,22.508,22.3387,22.172,22.0081,21.8467,21.6878,21.5314,21.3774,21.2257,21.0763,20.9292,20.7842
234.029,212.231,184.925,152.382,125.851,109.525,98.8337,91.1081,85.1342,80.2994,76.2589,72.8016,69.7895,67.1278,64.7484,62.6013,60.6483,58.8599,57.2126,55.6877,54.2698,52.9462,51.7062,50.541,49.4429,48.4054,47.4228,46.4903,45.6035,44.7586,43.9524,43.1818,42.4442,41.7373,41.0588,40.407,39.7799,39.1761,38.5942,38.0327,37.4905,36.9665,36.4597,35.9691,35.494,35.0334,34.5866,34.153,33.7319,33.3228,32.925,32.538,32.1614,31.7947,31.4375,31.0894,30.7499,30.4188,30.0958,29.7804,29.4724,29.1715,28.8774,28.59,28.3089,28.0339,27.7648,27.5014,27.2436,26.991,26.7436,26.5012,26.2636,26.0306,25.8022,25.5781,25.3583,25.1425,24.9308,24.7229,24.5188,24.3183,24.1214,23.9279,23.7377,23.5508,23.3671,23.1864,23.0087,22.834,22.6621,22.493,22.3265,22.1627,22.0015,21.8427,21.6864,21.5325,21.3808,21.2315,21.0844
235.558,214.433,188.384,157.304,130.238,112.886,101.526,93.3726,87.1053,82.0569,77.8535,74.2674,71.1505,68.4015,65.9483,63.7375,61.7291,59.8919,58.2013,56.6375,55.1844,53.8289,52.5598,51.3678,50.2451,49.1848,48.181,47.2287,46.3234,45.4612,44.6387,43.8528,43.1007,42.38,41.6886,41.0243,40.3855,39.7705,39.1778,38.6061,38.0542,37.5208,37.005,36.5058,36.0223,35.5537,35.0993,34.6583,34.23,33.8139,33.4094,33.016,32.6332,32.2604,31.8973,31.5435,31.1985,30.862,30.5337,30.2133,29.9003,29.5946,29.2959,29.0039,28.7184,28.4391,28.1658,27.8983,27.6364,27.3799,27.1287,26.8825,26.6412,26.4047,26.1727,25.9452,25.722,25.503,25.2881,25.077,24.8698,24.6663,24.4664,24.27,24.077,23.8873,23.7008,23.5175,23.3371,23.1598,22.9853,22.8137,22.6448,22.4786,22.3149,22.1538,21.9952,21.839,21.6852,21.5336,21.3843
237.033,216.52,191.575,161.894,134.622,116.313,104.273,95.6763,89.1056,83.8368,79.4657,75.7473,72.523,69.6848,67.1561,64.8806,62.8158,60.929,59.1943,57.591,56.1024,54.7146,53.416,52.197,51.0494,49.966,48.9408,47.9686,47.0447,46.165,45.3261,44.5247,43.758,43.0236,42.319,41.6423,40.9917,40.3654,39.762,39.18,38.6182,38.0754,37.5506,37.0427,36.5509,36.0743,35.6121,35.1636,34.7282,34.3052,33.894,33.4941,33.105,32.7261,32.3571,31.9976,31.6471,31.3052,30.9717,30.6461,30.3282,30.0177,29.7143,29.4178,29.1278,28.8441,28.5666,28.295,28.0291,27.7687,27.5136,27.2637,27.0187,26.7786,26.5432,26.3122,26.0857,25.8634,25.6452,25.431,25.2207,25.0142,24.8113,24.612,24.4161,24.2236,24.0344,23.8483,23.6654,23.4854,23.3084,23.1343,22.9629,22.7942,22.6282,22.4648,22.3039,22.1454,21.9893,21.8356,21.6842
238.459,218.506,194.538,166.161,138.96,119.792,107.069,98.0184,91.1346,85.6386,81.0951,77.241,73.9068,70.9775,68.3719,66.0304,63.9082,61.971,60.1916,58.5483,57.0237,55.6032,54.2748,53.0285,51.8557,50.7491,49.7023,48.71,47.7673,46.87,46.0146,45.1976,44.4162,43.6679,42.9501,42.261,41.5984,40.9608,40.3466,39.7543,39.1826,38.6304,38.0965,37.5799,37.0797,36.595,36.1251,35.6692,35.2265,34.7965,34.3786,33.9722,33.5768,33.1919,32.817,32.4517,32.0956,31.7484,31.4096,31.0789,30.7561,30.4408,30.1327,29.8315,29.5371,29.2491,28.9673,28.6916,28.4217,28.1573,27.8984,27.6447,27.3961,27.1524,26.9134,26.6791,26.4492,26.2236,26.0022,25.7848,25.5714,25.3619,25.156,24.9538,24.7551,24.5598,24.3678,24.179,23.9934,23.8109,23.6313,23.4546,23.2808,23.1097,22.9413,22.7756,22.6123,22.4516,22.2933,22.1374,21.9838
239.839,220.4,197.305,170.129,143.212,123.31,109.912,100.397,93.1917,87.4622,82.7417,78.7485,75.3018,72.2796,69.5955,67.1868,65.0064,63.018,61.1932,59.5094,57.9483,56.4947,55.1362,53.8623,52.6641,51.534,50.4654,49.4528,48.4912,47.5762,46.7041,45.8715,45.0753,44.3129,43.582,42.8802,42.2057,41.5567,40.9317,40.329,39.7474,39.1857,38.6426,38.1173,37.6087,37.116,36.6383,36.1748,35.7249,35.288,34.8633,34.4504,34.0486,33.6576,33.2768,32.9057,32.5441,32.1914,31.8474,31.5117,31.1839,30.8637,30.5509,30.2452,29.9463,29.6539,29.368,29.0881,28.8141,28.5458,28.2831,28.0256,27.7733,27.526,27.2836,27.0457,26.8125,26.5836,26.359,26.1385,25.922,25.7094,25.5006,25.2954,25.0939,24.8957,24.701,24.5096,24.3213,24.1362,23.954,23.7749,23.5986,23.425,23.2543,23.0862,22.9206,22.7576,22.5971,22.439,22.2832
241.176,222.213,199.902,173.823,147.346,126.849,112.795,102.811,95.2761,89.3071,84.405,80.2695,76.708,73.5908,70.8268,68.3498,66.1101,64.0698,62.199,60.4742,58.8761,57.3891,56.0002,54.6984,53.4745,52.3207,51.2302,50.1971,49.2164,48.2835,47.3946,46.5462,45.7352,44.9588,44.2145,43.5001,42.8136,42.1531,41.5171,40.904,40.3125,39.7412,39.189,38.6549,38.1379,37.6371,37.1515,36.6806,36.2234,35.7795,35.348,34.9286,34.5205,34.1233,33.7366,33.3598,32.9926,32.6345,32.2852,31.9443,31.6115,31.2865,30.969,30.6587,30.3554,30.0587,29.7684,29.4844,29.2064,28.9342,28.6676,28.4064,28.1504,27.8995,27.6535,27.4123,27.1756,26.9435,26.7156,26.492,26.2724,26.0567,25.845,25.6369,25.4325,25.2316,25.0341,24.8399,24.649,24.4613,24.2766,24.0949,23.9161,23.7402,23.567,23.3966,23.2288,23.0635,22.9007,22.7404,22.5825
242.473,223.951,202.35,177.271,151.338,130.391,115.713,105.257,97.3867,91.1726,86.0849,81.8038,78.125,74.9111,72.0658,69.5193,67.2194,65.1264,63.209,61.4426,59.8071,58.2863,56.8666,55.5366,54.2868,53.1091,51.9964,50.9428,49.9428,48.992,48.0862,47.2219,46.3959,45.6053,44.8476,44.1205,43.4219,42.75,42.103,41.4795,40.8779,40.297,39.7357,39.1928,38.6673,38.1583,37.665,37.1864,36.722,36.271,35.8328,35.4068,34.9924,34.5891,34.1964,33.8138,33.441,33.0775,32.7229,32.3769,32.0392,31.7093,31.3871,31.0722,30.7644,30.4633,30.1688,29.8807,29.5986,29.3224,29.052,28.787,28.5273,28.2728,28.0233,27.7787,27.5386,27.3032,27.0721,26.8453,26.6226,26.4039,26.1892,25.9782,25.7709,25.5672,25.3669,25.1701,24.9765,24.7862,24.5989,24.4147,24.2335,24.0552,23.8796,23.7068,23.5367,23.3692,23.2042,23.0417,22.8816
243.733,225.622,204.667,180.499,155.172,133.918,118.659,107.733,99.5222,93.0582,87.7808,83.3512,79.5528,76.2403,73.3122,70.6951,68.3342,66.1877,64.2231,62.4146,60.7413,59.1863,57.7354,56.377,55.1011,53.8993,52.7643,51.6898,50.6705,49.7015,48.7788,47.8985,47.0574,46.2526,45.4814,44.7415,44.0308,43.3473,42.6893,42.0552,41.4436,40.8532,40.2826,39.7308,39.1969,38.6797,38.1785,37.6924,37.2207,36.7627,36.3176,35.885,35.4643,35.0548,34.6561,34.2678,33.8894,33.5204,33.1606,32.8094,32.4667,32.132,31.805,31.4855,31.1732,30.8678,30.5691,30.2768,29.9907,29.7105,29.4362,29.1675,28.9041,28.646,28.393,28.1449,27.9015,27.6627,27.4284,27.1984,26.9727,26.751,26.5332,26.3193,26.1092,25.9026,25.6997,25.5001,25.3039,25.1109,24.9211,24.7344,24.5507,24.3699,24.192,24.0169,23.8445,23.6747,23.5075,23.3428,23.1806
244.959,227.23,206.867,183.53,158.841,137.413,121.623,110.235,101.681,94.9631,89.4924,84.9114,80.9911,77.5783,74.5661,71.8772,69.4543,67.2537,65.2412,63.3901,61.6786,60.089,58.6067,57.2196,55.9173,54.6911,53.5336,52.4382,51.3994,50.4122,49.4723,48.5759,47.7197,46.9005,46.1158,45.3631,44.6401,43.9451,43.276,42.6314,42.0097,41.4095,40.8297,40.2691,39.7266,39.2012,38.6921,38.1985,37.7194,37.2543,36.8025,36.3633,35.9361,35.5205,35.1159,34.7217,34.3377,33.9633,33.5981,33.2419,32.8941,32.5546,32.2229,31.8988,31.582,31.2722,30.9692,30.6727,30.3826,30.0985,29.8203,29.5478,29.2808,29.0191,28.7625,28.5109,28.2642,28.0221,27.7846,27.5514,27.3225,27.0978,26.8771,26.6603,26.4473,26.2379,26.0322,25.8299,25.6311,25.4355,25.2431,25.0539,24.8678,24.6846,24.5042,24.3268,24.152,23.98,23.8106,23.6437,23.4793
246.152,228.782,208.962,186.386,162.343,140.859,124.599,112.761,103.862,96.8864,91.2191,86.4839,82.4396,78.9249,75.8272,73.0655,70.5798,68.3242,66.2633,64.3691,62.6189,60.9943,59.4803,58.0642,56.7353,55.4846,54.3044,53.1879,52.1294,51.1239,50.1668,49.2542,48.3827,47.5492,46.7508,45.9852,45.25,44.5432,43.8631,43.2078,42.576,41.9662,41.3771,40.8075,40.2565,39.7229,39.2059,38.7046,38.2183,37.7461,37.2874,36.8416,36.408,35.9862,35.5756,35.1756,34.786,34.4061,34.0357,33.6742,33.3215,32.9771,32.6406,32.3119,31.9906,31.6765,31.3692,31.0686,30.7743,30.4863,30.2042,29.928,29.6572,29.3919,29.1319,28.8768,28.6267,28.3813,28.1405,27.9042,27.6723,27.4445,27.2208,27.0011,26.7852,26.573,26.3645,26.1596,25.9581,25.7599,25.565,25.3732,25.1846,24.999,24.8163,24.6365,24.4594,24.2851,24.1135,23.9444,23.7779
247.315,230.282,210.963,189.084,165.681,144.24,127.576,115.305,106.063,98.8271,92.9604,88.0685,83.8982,80.2799,77.0954,74.2599,71.7104,69.3992,67.2893,65.3514,63.5621,61.9023,60.3563,58.9109,57.5552,56.2798,55.0767,53.939,52.8607,51.8366,50.8622,49.9333,49.0465,48.1985,47.3864,46.6078,45.8603,45.1418,44.4505,43.7846,43.1426,42.5231,41.9246,41.3462,40.7865,40.2447,39.7198,39.2108,38.7171,38.2378,37.7723,37.3199,36.8799,36.4519,36.0353,35.6295,35.2342,34.8489,34.4731,34.1065,33.7487,33.3994,33.0583,32.7249,32.3991,32.0806,31.7691,31.4643,31.166,30.874,30.588,30.308,30.0336,29.7646,29.501,29.2426,28.9891,28.7404,28.4964,28.2569,28.0218,27.791,27.5643,27.3417,27.1229,26.908,26.6967,26.489,26.2849,26.0841,25.8866,25.6924,25.5013,25.3132,25.1282,24.946,24.7666,24.5901,24.4162,24.2449,24.0762
248.448,231.733,212.879,191.641,168.861,147.546,130.546,117.864,108.282,100.784,94.7155,89.6648,85.3665,81.643,78.3705,75.4601,72.8461,70.4786,68.3191,66.3371,64.5083,62.8129,61.2345,59.7596,58.3769,57.0765,55.8503,54.6912,53.593,52.5503,51.5585,50.6132,49.711,48.8484,48.0226,47.2309,46.4711,45.7408,45.0383,44.3617,43.7095,43.0802,42.4724,41.885,41.3167,40.7666,40.2337,39.7172,39.216,38.7296,38.2572,37.7981,37.3518,36.9175,36.4949,36.0833,35.6823,35.2915,34.9104,34.5387,34.1759,33.8217,33.4758,33.1378,32.8075,32.4846,32.1688,31.8598,31.5575,31.2615,30.9717,30.6878,30.4097,30.1372,29.8701,29.6081,29.3512,29.0993,28.852,28.6094,28.3712,28.1373,27.9077,27.6821,27.4605,27.2427,27.0287,26.8183,26.6115,26.4081,26.2081,26.0113,25.8178,25.6273,25.4398,25.2553,25.0737,24.8948,24.7187,24.5453,24.3744
249.555,233.139,214.717,194.071,171.891,150.767,133.499,120.432,110.516,102.756,96.4838,91.2721,86.8442,83.0141,79.6523,76.6661,73.9867,71.5623,69.3526,67.3261,65.4574,63.726,62.115,60.6103,59.2003,57.8748,56.6254,55.4448,54.3265,53.2651,52.2557,51.294,50.3762,49.499,48.6594,47.8546,47.0823,46.3402,45.6264,44.9391,44.2766,43.6375,43.0204,42.4239,41.847,41.2887,40.7478,40.2235,39.715,39.2215,38.7422,38.2764,37.8236,37.3832,36.9545,36.5371,36.1304,35.7341,35.3477,34.9708,34.6029,34.2439,33.8932,33.5506,33.2158,32.8885,32.5684,32.2552,31.9488,31.6489,31.3552,31.0675,30.7857,30.5096,30.2389,29.9735,29.7133,29.458,29.2075,28.9617,28.7204,28.4835,28.2508,28.0223,27.7978,27.5773,27.3605,27.1474,26.938,26.732,26.5294,26.3301,26.1341,25.9412,25.7513,25.5645,25.3805,25.1994,25.0211,24.8455,24.6725
250.635,234.502,216.484,196.385,174.779,153.896,136.428,123.005,112.763,104.742,98.2644,92.8901,88.331,84.3928,80.9407,77.8777,75.1322,72.6501,70.3897,68.3182,66.4092,64.6415,62.9976,61.4629,60.0254,58.6746,57.4018,56.1995,55.061,53.9808,52.9537,51.9754,51.0421,50.1502,49.2966,48.4787,47.6939,46.94,46.2149,45.5168,44.844,44.1951,43.5685,42.963,42.3775,41.8108,41.2619,40.7299,40.214,39.7133,39.2271,38.7547,38.2954,37.8487,37.414,36.9908,36.5784,36.1766,35.7849,35.4028,35.0299,34.6659,34.3105,33.9633,33.6239,33.2922,32.9678,32.6505,32.34,32.0361,31.7385,31.4471,31.1616,30.8818,30.6076,30.3388,30.0751,29.8165,29.5628,29.3138,29.0694,28.8294,28.5938,28.3624,28.135,27.9117,27.6921,27.4764,27.2642,27.0556,26.8505,26.6487,26.4502,26.2549,26.0626,25.8734,25.6872,25.5038,25.3233,25.1454,24.9703
251.692,235.827,218.186,198.595,177.535,156.93,139.323,125.578,115.02,106.74,100.056,94.5182,89.8264,85.779,82.2355,79.0947,76.2823,73.7421,71.4304,69.3134,67.3638,65.5594,63.8823,62.3174,60.8522,59.4759,58.1796,56.9554,55.7966,54.6974,53.6526,52.6577,51.7086,50.8019,49.9344,49.1033,48.3059,47.5401,46.8036,46.0947,45.4117,44.7528,44.1168,43.5023,42.9081,42.333,41.7761,41.2364,40.713,40.2052,39.712,39.2329,38.7672,38.3143,37.8735,37.4444,37.0264,36.6191,36.222,35.8347,35.4567,35.0879,34.7277,34.3758,34.0319,33.6958,33.3671,33.0456,32.7311,32.4232,32.1217,31.8265,31.5373,31.2539,30.9761,30.7038,30.4368,30.1749,29.9179,29.6657,29.4182,29.1752,28.9366,28.7023,28.4721,28.2459,28.0236,27.8051,27.5903,27.3791,27.1714,26.9671,26.7661,26.5684,26.3738,26.1822,25.9937,25.8081,25.6253,25.4452,25.2679
252.725,237.115,219.828,200.709,180.167,159.865,142.177,128.145,117.285,108.748,101.859,96.1558,91.33,87.1723,83.5363,80.3171,77.4371,74.838,72.4746,70.3117,68.321,66.4797,64.7691,63.1737,61.6806,60.2786,58.9586,57.7124,56.5332,55.4149,54.3523,53.3406,52.3758,51.4543,50.5728,49.7283,48.9184,48.1405,47.3927,46.673,45.9795,45.3108,44.6653,44.0417,43.4387,42.8553,42.2904,41.7429,41.2121,40.697,40.197,39.7112,39.239,38.7798,38.3329,37.8979,37.4742,37.0614,36.6589,36.2664,35.8835,35.5097,35.1447,34.7882,34.4398,34.0993,33.7663,33.4406,33.122,32.8101,32.5047,32.2057,31.9128,31.6258,31.3445,31.0687,30.7983,30.533,30.2728,30.0175,29.7669,29.5208,29.2792,29.042,28.8089,28.5799,28.3548,28.1337,27.9162,27.7024,27.4921,27.2853,27.0819,26.8817,26.6847,26.4908,26.3,26.1121,25.9271,25.7449,25.5654
253.736,238.368,221.414,202.736,182.685,162.703,144.985,130.702,119.554,110.766,103.671,97.8022,92.8415,88.5724,84.8431,81.5445,78.5963,75.9377,73.5221,71.3129,69.2808,67.4023,65.658,64.0318,62.5106,61.0828,59.7389,58.4706,57.2708,56.1334,55.0528,54.0242,53.0436,52.1072,51.2116,50.3538,49.5312,48.7413,47.9821,47.2514,46.5476,45.8689,45.2139,44.5812,43.9695,43.3777,42.8047,42.2495,41.7112,41.1889,40.6819,40.1894,39.7107,39.2452,38.7923,38.3514,37.922,37.5037,37.0958,36.6981,36.3101,35.9314,35.5616,35.2004,34.8475,34.5026,34.1653,33.8355,33.5127,33.1968,32.8876,32.5848,32.2881,31.9975,31.7127,31.4334,31.1596,30.8911,30.6276,30.3691,30.1153,29.8663,29.6217,29.3815,29.1455,28.9137,28.6859,28.462,28.2419,28.0255,27.8127,27.6034,27.3974,27.1948,26.9955,26.7992,26.6061,26.4159,26.2287,26.0443,25.8627
254.726,239.589,222.948,204.683,185.096,165.443,147.741,133.243,121.824,112.79,105.492,99.4567,94.3604,89.979,86.1555,82.7768,79.7597,77.0412,74.5729,72.317,70.2432,68.3271,66.5488,64.8917,63.3421,61.8883,60.5204,59.2299,58.0094,56.8526,55.754,54.7086,53.7121,52.7606,51.8508,50.9797,50.1444,49.3425,48.5717,47.8301,47.1159,46.4272,45.7627,45.1208,44.5004,43.9001,43.319,42.7561,42.2103,41.6808,41.1668,40.6675,40.1823,39.7106,39.2516,38.8048,38.3697,37.9458,37.5326,37.1297,36.7366,36.3529,35.9784,35.6126,35.2551,34.9058,34.5642,34.2301,33.9033,33.5834,33.2703,32.9637,32.6633,32.3691,32.0807,31.798,31.5208,31.2489,30.9822,30.7205,30.4636,30.2115,29.9639,29.7208,29.482,29.2474,29.0168,28.7902,28.5674,28.3484,28.133,27.9212,27.7128,27.5078,27.306,27.1075,26.912,26.7196,26.5301,26.3436,26.1598
255.696,240.779,224.435,206.556,187.409,168.089,150.44,135.764,124.093,114.82,107.319,101.119,95.8861,91.3917,87.4733,84.0139,80.9273,78.1483,75.6269,73.3238,71.2079,69.254,67.4414,65.7532,64.1751,62.6951,61.3031,59.9902,58.7489,57.5728,56.456,55.3936,54.3811,53.4146,52.4906,51.6059,50.7579,49.9439,49.1616,48.4091,47.6843,46.9857,46.3116,45.6605,45.0313,44.4226,43.8334,43.2627,42.7093,42.1726,41.6516,41.1457,40.654,40.1759,39.7108,39.2581,38.8173,38.3878,37.9693,37.5611,37.1629,36.7744,36.395,36.0245,35.6626,35.3088,34.9629,34.6246,34.2937,33.9698,33.6528,33.3424,33.0383,32.7404,32.4485,32.1623,31.8817,31.6065,31.3366,31.0717,30.8118,30.5566,30.306,30.06,29.8183,29.5808,29.3475,29.1182,28.8928,28.6711,28.4532,28.2389,28.028,27.8205,27.6164,27.4155,27.2178,27.0231,26.8314,26.6426,26.4567
256.647,241.94,225.877,208.362,189.629,170.643,153.08,138.261,126.356,116.853,109.153,102.787,97.4182,92.8102,88.7962,85.2555,82.0988,79.2588,76.6839,74.3333,72.1751,70.183,68.336,66.6164,65.0096,63.5033,62.0869,60.7515,59.4893,58.2937,57.1587,56.0792,55.0506,54.069,53.1307,52.2326,51.3717,50.5456,49.7518,48.9882,48.253,47.5443,46.8606,46.2004,45.5623,44.9452,44.3479,43.7693,43.2084,42.6644,42.1365,41.6237,41.1255,40.6411,40.1699,39.7113,39.2648,38.8298,38.4058,37.9924,37.5892,37.1957,36.8115,36.4364,36.0698,35.7116,35.3615,35.019,34.684,34.3561,34.0352,33.7209,33.4132,33.1116,32.8161,32.5265,32.2425,31.964,31.6908,31.4227,31.1597,30.9014,30.6479,30.3989,30.1544,29.9141,29.678,29.446,29.2179,28.9937,28.7732,28.5563,28.343,28.1331,27.9266,27.7234,27.5233,27.3264,27.1324,26.9415,26.7534
257.579,243.074,227.277,210.104,191.764,173.107,155.659,140.729,128.612,118.887,110.992,104.462,98.9561,94.2341,90.124,86.5014,83.2741,80.3727,77.7438,75.3455,73.1445,71.1141,69.2323,67.4812,65.8455,64.3126,62.8718,61.5138,60.2306,59.0154,57.8621,56.7654,55.7207,54.7239,53.7713,52.8596,51.9859,51.1476,50.3422,49.5676,48.8218,48.103,47.4097,46.7403,46.0934,45.4678,44.8623,44.2759,43.7075,43.1562,42.6213,42.1018,41.597,41.1063,40.629,40.1645,39.7122,39.2716,38.8422,38.4236,38.0153,37.6168,37.2279,36.8481,36.477,36.1144,35.7599,35.4132,35.074,34.7422,34.4174,34.0993,33.7878,33.4827,33.1836,32.8905,32.6031,32.3213,32.0448,31.7736,31.5074,31.2461,30.9896,30.7377,30.4903,30.2472,30.0083,29.7736,29.5429,29.316,29.093,28.8736,28.6578,28.4455,28.2366,28.031,27.8287,27.6295,27.4333,27.2402,27.05
258.494,244.182,228.638,211.788,193.82,175.487,158.174,143.166,130.857,120.921,112.835,106.141,100.499,95.6629,91.4563,87.7513,84.453,81.4898,78.8065,76.3601,74.1161,72.0471,70.1304,68.3474,66.6827,65.1232,63.6578,62.2771,60.9727,59.7378,58.5661,57.4522,56.3913,55.3793,54.4123,53.487,52.6004,51.7498,50.9328,50.1471,49.3907,48.6619,47.9589,47.2803,46.6245,45.9904,45.3768,44.7825,44.2066,43.648,43.106,42.5797,42.0684,41.5714,41.0879,40.6175,40.1595,39.7133,39.2786,38.8547,38.4413,38.0379,37.6441,37.2596,36.884,36.5169,36.1581,35.8072,35.464,35.1281,34.7994,34.4775,34.1623,33.8535,33.5509,33.2543,32.9635,32.6784,32.3987,32.1243,31.855,31.5906,31.3311,31.0763,30.826,30.5801,30.3385,30.101,29.8676,29.6382,29.4126,29.1907,28.9724,28.7577,28.5464,28.3385,28.1338,27.9324,27.734,27.5387,27.3463
259.393,245.266,229.962,213.418,195.802,177.786,160.626,145.567,133.088,122.952,114.679,107.825,102.047,97.0964,92.7929,89.0051,85.6354,82.6099,79.872,77.3771,75.0898,72.9819,71.0301,69.2152,67.5213,65.935,64.4449,63.0412,61.7157,60.461,59.2708,58.1396,57.0625,56.0351,55.0537,54.1147,53.2152,52.3523,51.5236,50.7268,49.9599,49.2209,48.5083,47.8203,47.1557,46.5131,45.8913,45.2891,44.7056,44.1397,43.5907,43.0576,42.5397,42.0364,41.5468,41.0704,40.6066,40.1549,39.7147,39.2856,38.8671,38.4588,38.0602,37.671,37.2908,36.9193,36.5562,36.2011,35.8537,35.5139,35.1812,34.8555,34.5366,34.2242,33.918,33.6179,33.3238,33.0353,32.7523,32.4747,32.2023,31.9349,31.6724,31.4147,31.1615,30.9128,30.6684,30.4283,30.1922,29.9602,29.732,29.5076,29.2869,29.0697,28.856,28.6458,28.4388,28.2351,28.0345,27.837,27.6425
260.275,246.326,231.252,214.997,197.715,180.007,163.014,147.931,135.303,124.979,116.525,109.512,103.599,98.5339,94.1333,90.2625,86.821,83.733,80.94,78.3963,76.0656,73.9186,71.9314,70.0844,68.3611,66.7479,65.2329,63.8063,62.4594,61.1848,59.9761,58.8275,57.7341,56.6913,55.6954,54.7427,53.8302,52.955,52.1146,51.3067,50.5291,49.78,49.0577,48.3605,47.6869,47.0358,46.4057,45.7957,45.2046,44.6314,44.0753,43.5354,43.011,42.5013,42.0055,41.5232,41.0537,40.5964,40.1508,39.7164,39.2928,38.8795,38.4761,38.0822,37.6975,37.3215,36.9541,36.5947,36.2433,35.8994,35.5629,35.2334,34.9107,34.5946,34.2849,33.9814,33.6838,33.392,33.1058,32.825,32.5495,32.279,32.0135,31.7528,31.4968,31.2453,30.9982,30.7553,30.5166,30.2819,30.0512,29.8243,29.6011,29.3815,29.1655,28.9529,28.7436,28.5376,28.3348,28.1351,27.9385
261.142,247.363,232.508,216.528,199.564,182.155,165.338,150.255,137.499,126.999,118.37,111.201,105.154,99.9752,95.4774,91.5232,88.0096,84.8587,82.0105,79.4178,77.0433,74.857,72.8343,70.9549,69.2021,67.5618,66.0219,64.5722,63.2039,61.9094,60.682,59.5159,58.4061,57.3479,56.3375,55.3711,54.4455,53.558,52.7058,51.8867,51.0985,50.3392,49.6071,48.9006,48.2182,47.5585,46.9202,46.3023,45.7035,45.1231,44.5599,44.0132,43.4822,42.9661,42.4642,41.9759,41.5006,41.0377,40.5867,40.1471,39.7184,39.3001,38.8919,38.4933,38.104,37.7236,37.3518,36.9883,36.6327,36.2848,35.9443,35.611,35.2846,34.9649,34.6517,34.3446,34.0437,33.7485,33.4591,33.1751,32.8965,32.623,32.3545,32.0908,31.8319,31.5776,31.3277,31.0821,30.8408,30.6035,30.3702,30.1408,29.9151,29.6931,29.4747,29.2598,29.0482,28.84,28.6349,28.4331,28.2342
261.993,248.38,233.734,218.015,201.352,184.233,167.601,152.537,139.673,129.01,120.214,112.892,106.712,101.42,96.8247,92.787,89.2011,85.9871,83.0833,80.4413,78.0229,75.797,73.7386,71.8268,70.0443,68.3768,66.8118,65.3389,63.9491,62.6345,61.3884,60.2049,59.0786,58.005,56.9799,55.9997,55.0611,54.1611,53.2972,52.4669,51.668,50.8985,50.1567,49.4408,48.7494,48.0812,47.4347,46.8088,46.2025,45.6146,45.0444,44.4909,43.9533,43.4308,42.9228,42.4285,41.9474,41.4789,41.0225,40.5776,40.1438,39.7205,39.3075,38.9042,38.5103,38.1255,37.7493,37.3816,37.0219,36.67,36.3256,35.9885,35.6584,35.335,35.0182,34.7077,34.4033,34.1049,33.8122,33.525,33.2432,32.9667,32.6952,32.4287,32.1669,31.9097,31.6571,31.4088,31.1648,30.9249,30.689,30.4571,30.229,30.0046,29.7838,29.5665,29.3526,29.1421,28.9349,28.7308,28.5298
262.831,249.376,234.931,219.46,203.084,186.245,169.802,154.777,141.824,131.011,122.054,114.583,108.272,102.867,98.175,94.0536,90.3952,87.1179,84.1583,81.4669,79.0042,76.7387,74.6443,72.6999,70.8876,69.1927,67.6026,66.1064,64.695,63.3603,62.0954,60.8943,59.7515,58.6623,57.6226,56.6285,55.6768,54.7645,53.8887,53.0472,52.2375,51.4579,50.7063,49.9811,49.2807,48.6038,47.9491,47.3153,46.7013,46.1061,45.5288,44.9685,44.4242,43.8954,43.3812,42.881,42.3941,41.92,41.4581,41.008,40.569,40.1408,39.7229,39.3149,38.9165,38.5272,38.1467,37.7747,37.411,37.0551,36.7068,36.3658,36.032,35.7049,35.3846,35.0706,34.7628,34.461,34.1651,33.8747,33.5898,33.3102,33.0358,32.7663,32.5016,32.2416,31.9862,31.7352,31.4886,31.2461,31.0077,30.7732,30.5426,30.3158,30.0926,29.873,29.6568,29.4441,29.2346,29.0284,28.8252
263.655,250.352,236.1,220.865,204.763,188.195,171.943,156.973,143.949,133,123.89,116.274,109.834,104.316,99.5277,95.3228,91.5918,88.2509,85.2353,82.4942,79.9872,77.6818,75.5513,73.5741,71.732,70.0096,68.3942,66.8746,65.4415,64.0866,62.8029,61.5841,60.4248,59.32,58.2656,57.2577,56.2928,55.368,54.4804,53.6276,52.8072,52.0173,51.2559,50.5213,49.812,49.1265,48.4635,47.8217,47.2001,46.5976,46.0132,45.446,44.8951,44.3599,43.8395,43.3333,42.8406,42.3609,41.8936,41.4382,40.9941,40.5609,40.1382,39.7255,39.3225,38.9287,38.5439,38.1677,37.7998,37.4399,37.0877,36.7429,36.4053,36.0747,35.7507,35.4333,35.1221,34.817,34.5177,34.2242,33.9362,33.6536,33.3761,33.1037,32.8361,32.5734,32.3152,32.0615,31.8122,31.5671,31.3261,31.0891,30.8561,30.6268,30.4013,30.1793,29.9609,29.7458,29.5342,29.3257,29.1205
264.466,251.31,237.242,222.234,206.393,190.085,174.027,159.124,146.048,134.976,125.721,117.963,111.396,105.768,100.883,96.5942,92.7905,89.386,86.3143,83.5233,80.9718,78.6263,76.4597,74.4495,72.5773,70.8274,69.1866,67.6436,66.1887,64.8135,63.5109,62.2744,61.0984,59.978,58.9089,57.887,56.909,55.9717,55.0722,54.2081,53.377,52.5767,51.8055,51.0616,50.3433,49.6491,48.9778,48.3281,47.6989,47.0889,46.4974,45.9233,45.3659,44.8242,44.2977,43.7855,43.2871,42.8017,42.329,41.8682,41.419,40.9809,40.5533,40.1359,39.7283,39.3301,38.941,38.5605,38.1885,37.8246,37.4684,37.1198,36.7785,36.4442,36.1167,35.7958,35.4812,35.1727,34.8702,34.5735,34.2824,33.9967,33.7162,33.4409,33.1705,32.9049,32.644,32.3876,32.1356,31.8879,31.6443,31.4049,31.1693,30.9377,30.7097,30.4854,30.2647,30.0474,29.8335,29.6229,29.4155
265.264,252.251,238.359,223.568,207.975,191.918,176.054,161.231,148.118,136.936,127.544,119.65,112.959,107.22,102.239,97.8677,93.9913,90.523,87.395,84.554,81.9578,79.5721,77.3692,75.326,73.4237,71.6461,69.9797,68.4132,66.9364,65.5409,64.2193,62.965,61.7724,60.6363,59.5524,58.5166,57.5253,56.5755,55.6641,54.7887,53.9468,53.1363,52.3552,51.6018,50.8745,50.1717,49.4922,48.8345,48.1975,47.5802,46.9816,46.4006,45.8365,45.2885,44.7557,44.2376,43.7333,43.2424,42.7642,42.2981,41.8438,41.4006,40.9682,40.5461,40.1339,39.7313,39.3378,38.9531,38.577,38.209,37.849,37.4965,37.1515,36.8135,36.4825,36.158,35.8401,35.5283,35.2225,34.9226,34.6284,34.3396,34.0562,33.7779,33.5046,33.2362,32.9725,32.7134,32.4588,32.2085,31.9624,31.7204,31.4824,31.2483,31.018,30.7914,30.5683,30.3488,30.1327,29.9199,29.7103
266.049,253.174,239.453,224.868,209.513,193.699,178.028,163.294,150.158,138.879,129.359,121.334,114.521,108.673,103.598,99.1428,95.1938,91.6617,88.4773,85.5863,82.9452,80.5192,78.2798,76.2035,74.2709,72.4655,70.7736,69.1834,67.6847,66.2688,64.9282,63.6561,62.4467,61.2949,60.1961,59.1463,58.1419,57.1794,56.2561,55.3693,54.5166,53.6958,52.9049,52.1421,51.4057,50.6943,50.0064,49.3407,48.6961,48.0714,47.4656,46.8778,46.3071,45.7526,45.2137,44.6895,44.1794,43.6829,43.1992,42.7279,42.2684,41.8202,41.383,40.9562,40.5394,40.1323,39.7344,39.3456,38.9653,38.5933,38.2293,37.8731,37.5243,37.1827,36.848,36.5201,36.1987,35.8836,35.5746,35.2716,34.9742,34.6824,34.3959,34.1147,33.8386,33.5673,33.3009,33.0391,32.7818,32.5289,32.2802,32.0357,31.7953,31.5588,31.3261,31.0971,30.8718,30.65,30.4316,30.2167,30.005
266.823,254.081,240.523,226.137,211.01,195.429,179.949,165.313,152.168,140.804,131.164,123.013,116.081,110.127,104.957,100.419,96.3979,92.802,89.5611,86.6199,83.9339,81.4675,79.1915,77.0819,75.1189,73.2857,71.5681,69.9542,68.4335,66.9972,65.6374,64.3474,63.1213,61.9537,60.8401,59.7763,58.7585,57.7835,56.8482,55.9501,55.0865,54.2554,53.4546,52.6823,51.9369,51.2168,50.5206,49.8469,49.1946,48.5625,47.9496,47.3549,46.7775,46.2166,45.6714,45.1413,44.6254,44.1232,43.6341,43.1574,42.6928,42.2397,41.7976,41.366,40.9447,40.5331,40.1309,39.7378,39.3534,38.9774,38.6095,38.2494,37.8969,37.5516,37.2134,36.882,36.5572,36.2388,35.9265,35.6203,35.3198,35.0249,34.7355,34.4513,34.1723,33.8983,33.629,33.3645,33.1046,32.8491,32.5979,32.3509,32.1079,31.869,31.6339,31.4026,31.175,30.951,30.7304,30.5132,30.2994
267.585,254.972,241.572,227.376,212.467,197.111,181.819,167.288,154.146,142.71,132.959,124.688,117.64,111.58,106.317,101.697,97.6032,93.9436,90.6463,87.6548,84.9237,82.4168,80.1041,77.9612,75.9677,74.1066,72.3633,70.7256,69.1828,67.726,66.347,65.0391,63.7962,62.6128,61.4843,60.4064,59.3753,58.3877,57.4404,56.5309,55.6564,54.8149,54.0042,53.2225,52.4681,51.7393,51.0347,50.353,49.693,49.0535,48.4334,47.8318,47.2478,46.6805,46.1291,45.5929,45.0712,44.5634,44.0688,43.5868,43.1171,42.6589,42.212,41.7757,41.3498,40.9337,40.5272,40.1298,39.7413,39.3613,38.9894,38.6255,38.2693,37.9204,37.5786,37.2437,36.9155,36.5937,36.2782,35.9688,35.6652,35.3672,35.0748,34.7877,34.5058,34.229,33.957,33.6898,33.4272,33.1691,32.9153,32.6658,32.4204,32.1791,31.9416,31.708,31.4781,31.2518,31.029,30.8096,30.5937
268.336,255.847,242.601,228.587,213.887,198.748,183.642,169.22,156.093,144.595,134.743,126.356,119.195,113.033,107.677,102.975,98.8097,95.0864,91.7326,88.6908,85.9147,83.3671,81.0176,78.8413,76.8173,74.9281,73.159,71.4974,69.9326,68.4551,67.057,65.7311,64.4713,63.2721,62.1286,61.0366,59.9922,58.9919,58.0327,57.1117,56.2264,55.3745,54.5539,53.7627,52.9992,52.2617,51.5488,50.859,50.1913,49.5443,48.9171,48.3086,47.7179,47.1442,46.5866,46.0444,45.5168,45.0034,44.5033,44.0161,43.5412,43.078,42.6262,42.1852,41.7547,41.3342,40.9233,40.5217,40.129,39.745,39.3692,39.0015,38.6414,38.2889,37.9436,37.6052,37.2736,36.9485,36.6297,36.3171,36.0103,35.7094,35.4139,35.1239,34.8392,34.5595,34.2848,34.0148,33.7496,33.4889,33.2325,32.9805,32.7327,32.4889,32.2491,32.0131,31.7809,31.5523,31.3274,31.1059,30.8877
269.076,256.709,243.609,229.771,215.272,200.341,185.417,171.109,158.007,146.459,136.513,128.017,120.748,114.484,109.037,104.254,100.017,96.2301,92.82,89.7278,86.9065,84.3183,81.932,79.7222,77.6675,75.7503,73.9553,72.2698,70.6828,69.1847,67.7673,66.4234,65.1467,63.9316,62.7731,61.667,60.6092,59.5962,58.625,57.6925,56.7963,55.934,55.1035,54.3028,53.5302,52.784,52.0627,51.365,50.6895,50.0351,49.4007,48.7853,48.1879,47.6077,47.0439,46.4957,45.9623,45.4432,44.9377,44.4451,43.9651,43.4969,43.0402,42.5945,42.1594,41.7344,41.3192,40.9133,40.5165,40.1284,39.7488,39.3772,39.0134,38.6572,38.3083,37.9665,37.6315,37.303,36.981,36.6652,36.3553,36.0513,35.7529,35.4599,35.1723,34.8898,34.6123,34.3397,34.0718,33.8084,33.5496,33.2951,33.0447,32.7986,32.5564,32.3181,32.0836,31.8527,31.6255,31.4019,31.1816
269.806,257.556,244.598,230.929,216.623,201.894,187.148,172.957,159.889,148.301,138.27,129.671,122.296,115.933,110.396,105.534,101.225,97.3747,93.9082,90.7656,87.8992,85.2703,82.8471,80.6037,78.5184,76.573,74.7521,73.0426,71.4333,69.9145,68.4778,67.1159,65.8222,64.5912,63.4178,62.2975,61.2263,60.2006,59.2173,58.2734,57.3662,56.4935,55.6531,54.8429,54.0612,53.3062,52.5766,51.8708,51.1875,50.5257,49.8841,49.2618,48.6578,48.0711,47.5011,46.9468,46.4076,45.8829,45.3718,44.874,44.3888,43.9156,43.4541,43.0036,42.5639,42.1344,41.7149,41.3048,40.9038,40.5117,40.1281,39.7527,39.3852,39.0254,38.6729,38.3276,37.9891,37.6574,37.3321,37.013,36.7001,36.393,36.0916,35.7957,35.5052,35.2199,34.9397,34.6643,34.3938,34.1278,33.8664,33.6094,33.3566,33.108,32.8634,32.6228,32.386,32.1529,31.9235,31.6977,31.4753
270.526,258.39,245.569,232.063,217.942,203.407,188.837,174.765,161.738,150.12,140.012,131.316,123.84,117.38,111.755,106.813,102.433,98.5198,94.9971,91.8043,88.8927,86.223,83.7629,81.4859,79.3698,77.3962,75.5493,73.8158,72.1842,70.6447,69.1887,67.8086,66.498,65.251,64.0625,62.928,61.8434,60.805,59.8096,58.8542,57.9362,57.053,56.2026,55.3829,54.592,53.8284,53.0903,52.3765,51.6855,51.0162,50.3675,49.7382,49.1275,48.5344,47.9581,47.3978,46.8528,46.3223,45.8058,45.3027,44.8123,44.3341,43.8677,43.4126,42.9682,42.5343,42.1103,41.696,41.2909,40.8948,40.5073,40.128,39.7568,39.3933,39.0372,38.6884,38.3466,38.0115,37.6829,37.3607,37.0446,36.7345,36.4301,36.1313,35.8379,35.5498,35.2668,34.9888,34.7156,34.447,34.183,33.9235,33.6683,33.4172,33.1703,32.9273,32.6883,32.453,32.2213,31.9933,31.7688
271.236,259.21,246.523,233.173,219.23,204.883,190.484,176.533,163.554,151.915,141.74,132.952,125.378,118.824,113.112,108.091,103.641,99.6653,96.0866,92.8435,89.8868,87.1763,84.6792,82.3685,80.2217,78.2198,76.3469,74.5893,72.9354,71.3751,69.8997,68.5015,67.1739,65.9109,64.7074,63.5587,62.4606,61.4095,60.4019,59.4351,58.506,57.6125,56.7521,55.9228,55.1228,54.3504,53.604,52.882,52.1833,51.5066,50.8506,50.2144,49.597,48.9975,48.4149,47.8486,47.2977,46.7616,46.2397,45.7312,45.2356,44.7525,44.2812,43.8213,43.3723,42.9339,42.5056,42.0871,41.6779,41.2777,40.8862,40.5031,40.1281,39.761,39.4014,39.0491,38.7038,38.3654,38.0336,37.7082,37.389,37.0758,36.7684,36.4667,36.1704,35.8795,35.5937,35.313,35.0371,34.766,34.4995,34.2374,33.9797,33.7263,33.477,33.2317,32.9903,32.7528,32.5189,32.2887,32.062
271.937,260.018,247.459,234.261,220.49,206.324,192.091,178.262,165.338,153.687,143.451,134.577,126.91,120.265,114.467,109.369,104.849,100.811,97.1764,93.8833,90.8814,88.1302,85.5961,83.2517,81.0741,79.0439,77.1449,75.3632,73.6869,72.1058,70.611,69.1946,67.85,66.571,65.3523,64.1894,63.0778,62.0139,60.9943,60.0159,59.0759,58.1718,57.3015,56.4627,55.6535,54.8723,54.1175,53.3875,52.681,51.9968,51.3336,50.6905,50.0664,49.4604,48.8716,48.2992,47.7425,47.2008,46.6733,46.1595,45.6588,45.1706,44.6944,44.2298,43.7763,43.3334,42.9007,42.4779,42.0645,41.6603,41.2649,40.878,40.4993,40.1285,39.7653,39.4095,39.0609,38.7191,38.3841,38.0555,37.7331,37.4169,37.1065,36.8019,36.5027,36.209,35.9205,35.637,35.3585,35.0848,34.8157,34.5511,34.291,34.0351,33.7835,33.5358,33.2922,33.0524,32.8163,32.5839,32.3551
272.628,260.814,248.38,235.327,221.722,207.731,193.661,179.955,167.09,155.434,145.145,136.192,128.436,121.702,115.82,110.646,106.057,101.957,98.2665,94.9234,91.8765,89.0845,86.5134,84.1353,81.9268,79.8683,77.9431,76.1373,74.4386,72.8367,71.3224,69.8878,68.5261,67.2311,65.9973,64.8201,63.695,62.6184,61.5866,60.5966,59.6457,58.7311,57.8508,57.0024,56.1841,55.3942,54.6309,53.8928,53.1785,52.4868,51.8165,51.1664,50.5356,49.9231,49.3281,48.7497,48.1871,47.6397,47.1067,46.5876,46.0817,45.5885,45.1075,44.6381,44.18,43.7326,43.2956,42.8685,42.451,42.0428,41.6435,41.2527,40.8702,40.4958,40.129,39.7698,39.4177,39.0726,38.7343,38.4025,38.0771,37.7577,37.4444,37.1368,36.8348,36.5383,36.247,35.9608,35.6797,35.4033,35.1317,34.8647,34.6021,34.3438,34.0897,33.8398,33.5938,33.3518,33.1135,32.879,32.648
273.31,261.598,249.284,236.373,222.928,209.105,195.195,181.611,168.81,157.157,146.822,137.796,129.955,123.134,117.171,111.921,107.264,103.102,99.3566,95.9637,92.8718,90.0391,87.4311,85.0192,82.7798,80.693,78.7417,76.9117,75.1906,73.5677,72.034,70.5812,69.2024,67.8913,66.6424,65.4508,64.3123,63.2228,62.1789,61.1773,60.2154,59.2904,58.4,57.542,56.7146,55.9158,55.1441,54.398,53.6759,52.9767,52.2992,51.6422,51.0047,50.3857,49.7844,49.1999,48.6315,48.0784,47.54,47.0155,46.5044,46.0062,45.5203,45.0462,44.5835,44.1316,43.6902,43.2589,42.8373,42.425,42.0218,41.6272,41.241,40.8628,40.4925,40.1298,39.7743,39.4259,39.0843,38.7493,38.4208,38.0984,37.7821,37.4716,37.1667,36.8673,36.5733,36.2845,36.0006,35.7217,35.4475,35.178,34.9129,34.6522,34.3958,34.1435,33.8953,33.651,33.4105,33.1738,32.9407
273.984,262.371,250.174,237.4,224.108,210.449,196.694,183.231,170.499,158.855,148.482,139.388,131.466,124.562,118.519,113.195,108.47,104.247,100.447,97.0041,93.8673,90.994,88.349,85.9034,83.6332,81.5179,79.5405,77.6862,75.9427,74.2989,72.7456,71.2746,69.8787,68.5515,67.2874,66.0816,64.9295,63.8272,62.7711,61.758,60.785,59.8495,58.9491,58.0816,57.2449,56.4374,55.6573,54.903,54.1732,53.4665,52.7817,52.1178,51.4735,50.8481,50.2405,49.65,49.0757,48.5169,47.973,47.4432,46.927,46.4237,45.933,45.4541,44.9868,44.5304,44.0847,43.6491,43.2234,42.8071,42.3999,42.0014,41.6115,41.2297,40.8558,40.4896,40.1307,39.7789,39.4341,39.096,38.7643,38.4389,38.1195,37.8061,37.4984,37.1962,36.8994,36.6078,36.3214,36.0398,35.7631,35.4911,35.2235,34.9604,34.7017,34.4471,34.1965,33.95,33.7073,33.4684,33.2332
274.649,263.132,251.049,238.407,225.265,211.764,198.159,184.818,172.157,160.528,150.123,140.967,132.969,125.985,119.864,114.467,109.675,105.392,101.536,98.0444,94.863,91.949,89.2671,86.7878,84.4867,82.343,80.3394,78.4609,76.6949,75.0302,73.4574,71.9681,70.555,69.2117,67.9325,66.7123,65.5467,64.4315,63.3632,62.3386,61.3546,60.4085,59.4981,58.6209,57.7751,56.9588,56.1702,55.4079,54.6702,53.9561,53.2641,52.5931,51.9422,51.3103,50.6965,50.0999,49.5197,48.9553,48.4058,47.8707,47.3493,46.841,46.3454,45.8618,45.3898,44.929,44.4789,44.0391,43.6092,43.1889,42.7777,42.3755,41.9818,41.5963,41.2189,40.8492,40.4869,40.1318,39.7837,39.4424,39.1076,38.7791,38.4568,38.1404,37.8298,37.5248,37.2253,36.931,36.6419,36.3578,36.0785,35.804,35.534,35.2685,35.0073,34.7504,34.4976,34.2488,34.0039,33.7628,33.5255
275.306,263.883,251.911,239.397,226.398,213.05,199.592,186.372,173.785,162.176,151.745,142.533,134.463,127.402,121.205,115.736,110.879,106.536,102.626,99.0846,95.8585,92.9041,90.1853,87.6724,85.3403,83.1683,81.1385,79.2358,77.4472,75.7616,74.1692,72.6616,71.2314,69.8719,68.5775,67.343,66.1638,65.0358,63.9553,62.919,61.924,60.9674,60.0469,59.1602,58.3052,57.4801,56.683,55.9126,55.1671,54.4455,53.7462,53.0684,52.4107,51.7723,51.1522,50.5495,49.9635,49.3934,48.8384,48.298,47.7714,47.2581,46.7576,46.2693,45.7927,45.3274,44.8729,44.4289,43.9948,43.5705,43.1554,42.7493,42.3518,41.9628,41.5817,41.2085,40.8428,40.4844,40.1331,39.7885,39.4506,39.1191,38.7938,38.4745,38.161,37.8533,37.551,37.254,36.9622,36.6755,36.3937,36.1166,35.8442,35.5763,35.3128,35.0535,34.7984,34.5474,34.3003,34.0571,33.8176
275.955,264.624,252.759,240.369,227.509,214.309,200.995,187.893,175.383,163.799,153.349,144.086,135.947,128.812,122.542,117.003,112.081,107.678,103.715,100.124,96.854,93.8592,91.1036,88.557,86.1941,83.9936,81.9376,80.0107,78.1996,76.493,74.8811,73.3552,71.9077,70.5322,69.2225,67.9736,66.7808,65.64,64.5473,63.4994,62.4933,61.5262,60.5957,59.6993,58.8351,58.0012,57.1957,56.4171,55.6639,54.9347,54.2282,53.5434,52.879,52.2341,51.6077,50.999,50.4071,49.8313,49.2709,48.7251,48.1933,47.675,47.1696,46.6765,46.1953,45.7255,45.2667,44.8184,44.3802,43.9518,43.5328,43.1229,42.7217,42.329,41.9444,41.5677,41.1986,40.8368,40.4822,40.1345,39.7935,39.4589,39.1306,38.8084,38.4921,38.1815,37.8764,37.5768,37.2824,36.993,36.7087,36.4291,36.1542,35.8839,35.618,35.3564,35.0991,34.8458,34.5965,34.3511,34.1095
276.596,265.354,253.593,241.324,228.599,215.542,202.368,189.384,176.951,165.398,154.934,145.624,137.423,130.217,123.874,118.267,113.281,108.82,104.803,101.164,97.8491,94.8141,92.0218,89.4416,87.0478,84.819,82.7368,80.7856,78.952,77.2244,75.5929,74.0487,72.5841,71.1923,69.8675,68.6042,67.3978,66.2441,65.1391,64.0797,63.0625,62.0849,61.1442,60.2383,59.3649,58.5221,57.7082,56.9214,56.1604,55.4237,54.71,54.0182,53.3471,52.6957,52.063,51.4483,50.8505,50.269,49.7031,49.1519,48.615,48.0917,47.5814,47.0836,46.5978,46.1235,45.6603,45.2077,44.7654,44.333,43.91,43.4963,43.0913,42.6949,42.3068,41.9266,41.5541,41.189,40.8311,40.4802,40.1361,39.7985,39.4672,39.1421,38.8229,38.5095,38.2017,37.8993,37.6023,37.3103,37.0234,36.7414,36.464,36.1913,35.9231,35.6592,35.3995,35.144,34.8925,34.6449,34.4012
277.23,266.075,254.416,242.263,229.669,216.751,203.712,190.844,178.492,166.972,156.499,147.149,138.888,131.614,125.202,119.528,114.479,109.96,105.89,102.203,98.8439,95.7688,92.9398,90.3261,87.9016,85.6444,83.536,81.5605,79.7044,77.9558,76.3047,74.7422,73.2603,71.8524,70.5123,69.2347,68.0147,66.848,65.7309,64.6598,63.6316,62.6434,61.6927,60.7771,59.8945,59.0429,58.2205,57.4256,56.6568,55.9125,55.1916,54.4928,53.815,53.1571,52.5182,51.8973,51.2937,50.7065,50.135,49.5786,49.0364,48.5081,47.9929,47.4904,47,46.5212,46.0536,45.5968,45.1503,44.7139,44.287,43.8694,43.4607,43.0607,42.669,42.2853,41.9094,41.541,41.1798,40.8258,40.4785,40.1378,39.8036,39.4755,39.1535,38.8372,38.5267,38.2217,37.922,37.6274,37.338,37.0534,36.7736,36.4985,36.2279,35.9617,35.6997,35.442,35.1883,34.9385,34.6927
277.856,266.786,255.226,243.186,230.719,217.936,205.029,192.276,180.004,168.522,158.045,148.659,140.343,133.004,126.525,120.786,115.675,111.098,106.976,103.241,99.8382,96.7231,93.8576,91.2104,88.7552,86.4697,84.3351,82.3354,80.4567,78.6872,77.0165,75.4356,73.9365,72.5124,71.1571,69.8651,68.6314,67.4519,66.3225,65.2398,64.2005,63.2017,62.2409,61.3157,60.4239,59.5634,58.7326,57.9296,57.1529,56.4012,55.673,54.9672,54.2826,53.6182,52.9731,52.3461,51.7366,51.1438,50.5668,50.005,49.4577,48.9243,48.4042,47.8969,47.4019,46.9187,46.4467,45.9857,45.5351,45.0946,44.6638,44.2423,43.8299,43.4262,43.0309,42.6437,42.2644,41.8927,41.5283,41.1711,40.8207,40.477,40.1397,39.8087,39.4838,39.1648,38.8515,38.5438,38.2414,37.9443,37.6523,37.3653,37.083,36.8055,36.5325,36.264,35.9998,35.7398,35.4839,35.232,34.984
278.475,267.488,256.024,244.095,231.75,219.098,206.32,193.679,181.489,170.048,159.571,150.155,141.787,134.387,127.843,122.039,116.868,112.235,108.061,104.278,100.832,97.677,94.7752,92.0946,89.6086,87.2948,85.1341,83.1101,81.2089,79.4184,77.7281,76.1289,74.6126,73.1723,71.8017,70.4953,69.2481,68.0556,66.914,65.8196,64.7692,63.7599,62.789,61.8542,60.9531,60.0838,59.2445,58.4333,57.6489,56.8896,56.1542,55.4414,54.7501,54.0792,53.4277,52.7947,52.1794,51.5808,50.9983,50.4312,49.8787,49.3403,48.8153,48.3033,47.8036,47.3159,46.8396,46.3743,45.9196,45.475,45.0403,44.615,44.1988,43.7915,43.3926,43.002,42.6193,42.2442,41.8766,41.5161,41.1626,40.8159,40.4756,40.1417,39.814,39.4921,39.1761,38.8657,38.5607,38.261,37.9664,37.6769,37.3922,37.1123,36.8369,36.5661,36.2996,36.0373,35.7792,35.5252,35.2751
279.087,268.181,256.811,244.989,232.763,220.238,207.585,195.056,182.947,171.55,161.078,151.635,143.219,135.761,129.155,123.289,118.059,113.37,109.144,105.314,101.825,98.6305,95.6923,92.9785,90.4619,88.1198,85.933,83.8848,81.9611,80.1496,78.4397,76.8221,75.2886,73.8321,72.4462,71.1254,69.8645,68.6592,67.5053,66.3992,65.3378,64.3179,63.3369,62.3924,61.4821,60.604,59.7562,58.9369,58.1446,57.3778,56.6351,55.9154,55.2173,54.5399,53.8822,53.2431,52.6219,52.0176,51.4296,50.8571,50.2995,49.756,49.2262,48.7094,48.2052,47.7129,47.2323,46.7627,46.3038,45.8552,45.4166,44.9875,44.5676,44.1565,43.7541,43.36,42.9739,42.5955,42.2246,41.861,41.5044,41.1546,40.8114,40.4745,40.1439,39.8193,39.5005,39.1874,38.8797,38.5774,38.2804,37.9883,37.7012,37.4188,37.1411,36.868,36.5992,36.3347,36.0744,35.8182,35.566
279.692,268.866,257.587,245.868,233.759,221.356,208.827,196.406,184.38,173.029,162.565,153.1,144.641,137.127,130.461,124.535,119.246,114.503,110.226,106.349,102.817,99.5833,96.609,93.862,91.3148,88.9446,86.7316,84.6592,82.713,80.8806,79.1511,77.5151,75.9644,74.4917,73.0906,71.7553,70.4808,69.2626,68.0964,66.9787,65.9061,64.8757,63.8846,62.9305,62.011,61.124,60.2677,59.4402,58.6401,57.8658,57.1159,56.3891,55.6843,55.0004,54.3364,53.6913,53.0641,52.4542,51.8607,51.2828,50.72,50.1715,49.6368,49.1153,48.6064,48.1097,47.6247,47.1509,46.6878,46.2352,45.7926,45.3597,44.936,44.5214,44.1154,43.7178,43.3283,42.9466,42.5724,42.2056,41.8459,41.493,41.1468,40.8071,40.4736,40.1462,39.8246,39.5088,39.1986,38.8937,38.5941,38.2995,38.01,37.7252,37.4451,37.1696,36.8986,36.6319,36.3694,36.111,35.8567
280.29,269.542,258.352,246.735,234.738,222.455,210.044,197.731,185.787,174.484,164.033,154.549,146.051,138.485,131.761,125.776,120.43,115.633,111.306,107.383,103.808,100.535,97.5252,94.745,92.1674,89.769,87.53,85.4335,83.4648,81.6114,79.8623,78.208,76.6401,75.1512,73.7348,72.3851,71.097,69.8658,68.6873,67.558,66.4743,65.4333,64.4321,63.4683,62.5396,61.6437,60.7789,59.9434,59.1354,58.3535,57.5964,56.8626,56.1511,55.4607,54.7904,54.1392,53.5062,52.8905,52.2915,51.7083,51.1403,50.5868,50.0472,49.5209,49.0074,48.5062,48.0168,47.5388,47.0716,46.615,46.1684,45.7317,45.3043,44.886,44.4764,44.0753,43.6824,43.2974,42.92,42.55,42.1872,41.8313,41.4821,41.1394,40.8031,40.4729,40.1486,39.8301,39.5172,39.2097,38.9075,38.6105,38.3185,38.0313,37.7489,37.4711,37.1978,36.9289,36.6642,36.4036,36.1471
280.882,270.209,259.106,247.588,235.7,223.534,211.239,199.031,187.17,175.917,165.482,155.983,147.449,139.833,133.054,127.012,121.611,116.76,112.384,108.415,104.798,101.487,98.4407,95.6276,93.0196,90.5931,88.3281,86.2075,84.2163,82.342,80.5733,78.9006,77.3155,75.8104,74.3788,73.0147,71.7129,70.4688,69.2781,68.137,67.0423,65.9907,64.9794,64.0059,63.0679,62.1633,61.29,60.4463,59.6305,58.8411,58.0767,57.3359,56.6177,55.9207,55.2441,54.5868,53.9479,53.3266,52.7221,52.1336,51.5604,51.0018,50.4573,49.9263,49.4082,48.9025,48.4088,47.9265,47.4552,46.9945,46.544,46.1034,45.6723,45.2503,44.8372,44.4326,44.0363,43.648,43.2673,42.8942,42.5282,42.1693,41.8171,41.4716,41.1323,40.7993,40.4723,40.1511,39.8356,39.5255,39.2208,38.9213,38.6268,38.3373,38.0525,37.7724,37.4968,37.2256,36.9587,36.696,36.4374
281.468,270.869,259.851,248.429,236.647,224.594,212.413,200.308,188.529,177.327,166.911,157.402,148.834,141.173,134.341,128.244,122.788,117.886,113.46,109.446,105.787,102.437,99.3555,96.5096,93.8713,91.4169,89.1259,86.9811,84.9676,83.0723,81.2841,79.5931,77.9907,76.4694,75.0225,73.644,72.3286,71.0715,69.8686,68.7159,67.61,66.5478,65.5265,64.5433,63.5961,62.6826,61.8008,60.9489,60.1253,59.3284,58.5567,57.809,57.084,56.3805,55.6976,55.0343,54.3895,53.7625,53.1524,52.5586,51.9802,51.4166,50.8672,50.3315,49.8088,49.2986,48.8005,48.3139,47.8385,47.3738,46.9194,46.4749,46.0401,45.6145,45.1978,44.7897,44.39,43.9983,43.6145,43.2381,42.8691,42.5071,42.1519,41.8034,41.4614,41.1256,40.7958,40.4719,40.1537,39.8411,39.5339,39.2319,38.935,38.643,38.3559,38.0734,37.7956,37.5222,37.2531,36.9882,36.7275
282.047,271.521,260.586,249.257,237.579,225.635,213.565,201.562,189.864,178.716,168.321,158.804,150.208,142.503,135.62,129.47,123.961,119.008,114.534,110.476,106.775,103.386,100.269,97.391,94.7225,92.2401,89.9233,87.7545,85.7185,83.8023,81.9946,80.2853,78.6657,77.1282,75.666,74.2731,72.9441,71.6741,70.4589,69.2945,68.1775,67.1047,66.0733,65.0805,64.124,63.2016,62.3114,61.4513,60.6199,59.8154,59.0365,58.2818,57.55,56.8401,56.1509,55.4814,54.8308,54.1981,53.5825,52.9833,52.3997,51.8311,51.2769,50.7364,50.2091,49.6944,49.1919,48.7011,48.2215,47.7528,47.2945,46.8462,46.4076,45.9783,45.5581,45.1466,44.7435,44.3485,43.9613,43.5818,43.2097,42.8446,42.4865,42.1351,41.7902,41.4516,41.1191,40.7925,40.4717,40.1565,39.8467,39.5422,39.2429,38.9485,38.659,38.3743,38.0942,37.8185,37.5473,37.2802,37.0174
282.621,272.165,261.311,250.074,238.496,226.66,214.697,202.793,191.177,180.083,169.712,160.191,151.569,143.824,136.892,130.691,125.13,120.127,115.606,111.503,107.762,104.335,101.183,98.2716,95.5731,93.0629,90.7203,88.5274,86.4691,84.5321,82.7048,80.9772,79.3404,77.7868,76.3093,74.902,73.5593,72.2764,71.0489,69.8729,68.7448,67.6614,66.6198,65.6174,64.6517,63.7204,62.8217,61.9535,61.1142,60.3022,59.516,58.7543,58.0158,57.2994,56.6039,55.9284,55.2718,54.6334,54.0124,53.4078,52.819,52.2454,51.6863,51.141,50.6091,50.09,49.5831,49.0881,48.6044,48.1316,47.6693,47.2172,46.7749,46.342,45.9182,45.5032,45.0967,44.6984,44.308,43.9253,43.55,43.182,42.8209,42.4666,42.1188,41.7774,41.4421,41.1129,40.7894,40.4716,40.1593,39.8523,39.5505,39.2538,38.962,38.6749,38.3925,38.1147,37.8412,37.572,37.3071
283.188,272.802,262.027,250.878,239.399,227.667,215.809,204.003,192.467,181.429,171.084,161.563,152.917,145.135,138.157,131.906,126.295,121.243,116.675,112.529,108.746,105.282,102.095,99.1515,96.4231,93.8852,91.5168,89.3,87.2193,85.2614,83.4146,81.6687,80.0148,78.445,76.9523,75.5306,74.1742,72.8784,71.6387,70.451,69.3118,68.2178,67.1662,66.1541,65.1791,64.239,63.3317,62.4554,61.6083,60.7887,59.9953,59.2266,58.4813,57.7584,57.0566,56.375,55.7126,55.0685,54.4419,53.832,53.2381,52.6595,52.0954,51.5454,51.0089,50.4853,49.9741,49.4748,48.9869,48.5101,48.044,47.588,47.142,46.7054,46.278,45.8596,45.4496,45.048,44.6544,44.2685,43.8902,43.5191,43.155,42.7978,42.4471,42.1029,41.7649,41.433,41.1069,40.7865,40.4717,40.1622,39.858,39.5589,39.2647,38.9753,38.6907,38.4106,38.1349,37.8636,37.5965
283.75,273.432,262.734,251.672,240.288,228.658,216.902,205.192,193.737,182.754,172.438,162.918,154.253,146.436,139.414,133.115,127.455,122.355,117.742,113.552,109.73,106.228,103.006,100.031,97.2724,94.7068,92.3127,90.0721,87.9691,85.9904,84.1242,82.36,80.6889,79.1029,77.595,76.1589,74.7889,73.4802,72.2281,71.0288,69.8785,68.774,67.7122,66.6904,65.7062,64.7573,63.8415,62.957,62.1021,61.275,60.4743,59.6986,58.9466,58.2172,57.5091,56.8214,56.1531,55.5034,54.8713,54.256,53.6569,53.0732,52.5043,51.9496,51.4085,50.8803,50.3648,49.8612,49.3693,48.8884,48.4183,47.9586,47.5088,47.0686,46.6376,46.2157,45.8024,45.3974,45.0006,44.6115,44.2301,43.8559,43.4889,43.1287,42.7753,42.4283,42.0875,41.7529,41.4242,41.1013,40.7839,40.4719,40.1653,39.8638,39.5672,39.2756,38.9886,38.7063,38.4285,38.155,37.8858
284.306,274.055,263.432,252.455,241.164,229.633,217.977,206.361,194.985,184.059,173.773,164.258,155.576,147.726,140.664,134.318,128.611,123.464,118.806,114.574,110.711,107.172,103.916,100.909,98.1208,95.5277,93.1081,90.8436,88.7185,86.719,84.8333,83.0509,81.3627,79.7606,78.2374,76.7869,75.4033,74.0816,72.8174,71.6064,70.445,69.3299,68.258,67.2265,66.2331,65.2753,64.351,63.4584,62.5956,61.761,60.953,60.1704,59.4116,58.6757,57.9613,57.2676,56.5934,55.9379,55.3003,54.6797,54.0754,53.4867,52.913,52.3535,51.8077,51.2752,50.7552,50.2474,49.7513,49.2665,48.7924,48.3289,47.8753,47.4315,46.997,46.5716,46.1549,45.7466,45.3465,44.9543,44.5697,44.1926,43.8226,43.4595,43.1032,42.7534,42.4099,42.0726,41.7413,41.4157,41.0958,40.7814,40.4723,40.1684,39.8695,39.5756,39.2864,39.0018,38.7218,38.4462,38.1749
284.856,274.67,264.122,253.228,242.027,230.592,219.035,207.511,196.213,185.345,175.09,165.582,156.886,149.007,141.905,135.515,129.762,124.569,119.867,115.593,111.691,108.115,104.825,101.786,98.9685,96.348,93.9029,91.6146,89.4673,87.4472,85.542,83.7414,82.0361,80.4178,78.8795,77.4145,76.0174,74.6828,73.4063,72.1836,71.0111,69.8854,68.8034,67.7624,66.7597,65.793,64.8603,63.9595,63.0889,62.2467,61.4315,60.6418,59.8764,59.1339,58.4133,57.7134,57.0334,56.3722,55.7291,55.1032,54.4937,53.9,53.3213,52.7571,52.2068,51.6697,51.1454,50.6334,50.1331,49.6443,49.1663,48.6989,48.2416,47.7942,47.3561,46.9272,46.5071,46.0955,45.6922,45.2968,44.9092,44.529,44.156,43.79,43.4308,43.0783,42.7321,42.3921,42.0581,41.73,41.4076,41.0907,40.7791,40.4728,40.1716,39.8753,39.5839,39.2971,39.0149,38.7371,38.4637
285.401,275.279,264.803,253.99,242.878,231.537,220.075,208.641,197.421,186.611,176.39,166.891,158.183,150.277,143.138,136.706,130.908,125.671,120.925,116.609,112.669,109.057,105.733,102.662,99.8153,97.1675,94.697,92.3851,90.2157,88.1748,86.2503,84.4315,82.7091,81.0747,79.5212,78.0419,76.6311,75.2836,73.9949,72.7606,71.577,70.4407,69.3486,68.2979,67.286,66.3105,65.3692,64.4603,63.5818,62.7322,61.9097,61.113,60.3408,59.5918,58.8649,58.159,57.4731,56.8063,56.1576,55.5264,54.9117,54.313,53.7294,53.1605,52.6055,52.064,51.5353,51.0191,50.5147,50.0218,49.5399,49.0687,48.6077,48.1566,47.715,47.2826,46.8591,46.4442,46.0377,45.6391,45.2483,44.8651,44.4892,44.1203,43.7583,43.4029,43.054,42.7113,42.3747,42.044,41.7191,41.3997,41.0857,40.7771,40.4735,40.1749,39.8812,39.5922,39.3078,39.0279,38.7524
285.941,275.882,265.477,254.742,243.717,232.467,221.099,209.754,198.61,187.857,177.672,168.184,159.468,151.537,144.363,137.89,132.049,126.768,121.98,117.624,113.645,109.997,106.639,103.537,100.661,97.9862,95.4904,93.1549,90.9635,88.902,86.9581,85.1212,83.3817,81.7312,80.1625,78.6689,77.2445,75.8841,74.5831,73.3372,72.1425,70.9957,69.8935,68.8331,67.812,66.8276,65.8779,64.9608,64.0745,63.2173,62.3876,61.5839,60.805,60.0495,59.3163,58.6043,57.9126,57.24,56.5859,55.9493,55.3295,54.7257,54.1373,53.5636,53.004,52.458,51.925,51.4045,50.896,50.3991,49.9133,49.4382,48.9735,48.5188,48.0736,47.6378,47.2109,46.7927,46.3829,45.9812,45.5873,45.201,44.8221,44.4504,44.0855,43.7273,43.3757,43.0303,42.6911,42.3579,42.0304,41.7085,41.3921,41.0811,40.7751,40.4743,40.1783,39.8871,39.6005,39.3185,39.0408
286.476,276.478,266.142,255.485,244.544,233.384,222.106,210.848,199.78,189.086,178.936,169.462,160.739,152.786,145.58,139.068,133.185,127.861,123.032,118.635,114.619,110.935,107.544,104.411,101.506,98.804,96.283,93.924,91.7106,89.6286,87.6655,85.8104,84.0538,82.3873,80.8034,79.2955,77.8575,76.4843,75.171,73.9135,72.7078,71.5503,70.4381,69.3681,68.3377,67.3445,66.3863,65.461,64.5669,63.7022,62.8652,62.0546,61.2689,60.5069,59.7674,59.0494,58.3517,57.6735,57.0139,56.3719,55.7469,55.1381,54.5449,53.9664,53.4023,52.8518,52.3144,51.7897,51.2771,50.7761,50.2864,49.8075,49.3391,48.8807,48.432,47.9927,47.5624,47.1409,46.7278,46.323,45.926,45.5367,45.1549,44.7802,44.4125,44.0515,43.6971,43.3491,43.0073,42.6715,42.3415,42.0171,41.6983,41.3848,41.0766,40.7734,40.4752,40.1817,39.893,39.6088,39.3291
287.005,277.068,266.8,256.218,245.359,234.287,223.098,211.925,200.932,190.296,180.184,170.725,161.997,154.025,146.788,140.239,134.315,128.95,124.08,119.644,115.59,111.871,108.447,105.283,102.35,99.6209,97.0749,94.6925,92.4572,90.3546,88.3723,86.4991,84.7256,83.043,81.444,79.9217,78.4702,77.0841,75.7586,74.4894,73.2726,72.1047,70.9823,69.9026,68.863,67.861,66.8943,65.9609,65.059,64.1867,63.3425,62.5249,61.7325,60.964,60.2183,59.4941,58.7906,58.1067,57.4416,56.7943,56.1641,55.5503,54.9522,54.369,53.8002,53.2453,52.7036,52.1746,51.6578,51.1529,50.6592,50.1765,49.7044,49.2423,48.7901,48.3473,47.9137,47.4889,47.0726,46.6645,46.2645,45.8722,45.4873,45.1098,44.7392,44.3755,44.0184,43.6677,43.3232,42.9848,42.6523,42.3255,42.0042,41.6884,41.3778,41.0723,40.7718,40.4762,40.1853,39.8989,39.6171
287.53,277.652,267.45,256.942,246.164,235.177,224.075,212.986,202.066,191.488,181.414,171.973,163.243,155.252,147.987,141.402,135.44,130.035,125.125,120.65,116.56,112.806,109.349,106.154,103.192,100.437,97.8659,95.4602,93.203,91.08,89.0785,87.1873,85.3968,83.6982,82.0841,80.5475,79.0824,77.6835,76.3458,75.065,73.8372,72.6586,71.5262,70.4369,69.3881,68.3772,67.402,66.4605,65.5508,64.671,63.8195,62.9949,62.1958,61.4208,60.6688,59.9386,59.2292,58.5396,57.869,57.2164,56.581,55.9622,55.3592,54.7713,54.1979,53.6385,53.0924,52.5592,52.0384,51.5294,51.0318,50.5453,50.0694,49.6038,49.148,48.7017,48.2647,47.8366,47.4171,47.0059,46.6027,46.2074,45.8196,45.4391,45.0657,44.6992,44.3394,43.986,43.6389,43.298,42.9629,42.6336,42.31,41.9917,41.6788,41.371,41.0683,40.7704,40.4773,40.1889,39.9049
288.049,278.229,268.093,257.657,246.958,236.054,225.037,214.03,203.183,192.664,182.628,173.205,164.475,156.47,149.177,142.559,136.559,131.115,126.166,121.654,117.526,113.738,110.249,107.024,104.034,101.252,98.656,96.2271,93.9482,91.8048,89.7842,87.875,86.0675,84.353,82.7237,81.1729,79.6943,78.2825,76.9326,75.6402,74.4013,73.2122,72.0698,70.9708,69.9128,68.8931,67.9095,66.9598,66.0422,65.1549,64.2962,63.4647,62.6588,61.8773,61.119,60.3828,59.6675,58.9723,58.2961,57.6382,56.9977,56.3738,55.7659,55.1733,54.5954,54.0315,53.481,52.9436,52.4186,51.9056,51.4042,50.9138,50.4342,49.9649,49.5056,49.0559,48.6155,48.1841,47.7613,47.3469,46.9407,46.5423,46.1516,45.7682,45.392,45.0227,44.6601,44.3041,43.9544,43.6109,43.2733,42.9416,42.6155,42.2949,41.9796,41.6695,41.3645,41.0645,40.7692,40.4786,40.1925
288.564,278.801,268.729,258.364,247.741,236.919,225.985,215.058,204.284,193.822,183.826,174.424,165.695,157.676,150.359,143.709,137.672,132.191,127.203,122.654,118.491,114.669,111.148,107.893,104.874,102.066,99.4452,96.9932,94.6926,92.529,90.4892,88.5621,86.7377,85.0072,83.3629,81.7978,80.3057,78.8811,77.5191,76.2151,74.9651,73.7655,72.6129,71.5044,70.4371,69.4086,68.4165,67.4588,66.5334,65.6385,64.7726,63.9341,63.1215,62.3335,61.5689,60.8266,60.1055,59.4046,58.7229,58.0597,57.414,56.7852,56.1724,55.5751,54.9925,54.4241,53.8694,53.3277,52.7986,52.2816,51.7762,51.2821,50.7987,50.3258,49.863,49.4098,48.966,48.5313,48.1053,47.6878,47.2785,46.8771,46.4834,46.0971,45.718,45.346,44.9807,44.622,44.2697,43.9236,43.5835,43.2493,42.9208,42.5978,42.2802,41.9678,41.6606,41.3583,41.0608,40.7681,40.4799
289.074,279.368,269.358,259.062,248.514,237.772,226.92,216.071,205.368,194.963,185.009,175.627,166.902,158.871,151.531,144.851,138.78,133.261,128.237,123.651,119.453,115.597,112.044,108.76,105.713,102.878,100.233,97.7584,95.4363,93.2524,91.1936,89.2486,87.4074,85.661,84.0016,82.4223,80.9167,79.4793,78.1051,76.7895,75.5285,74.3184,73.1558,72.0376,70.9612,69.9238,68.9233,67.9574,67.0242,66.1218,65.2487,64.4032,63.5838,62.7894,62.0186,61.2702,60.5432,59.8366,59.1495,58.4809,57.8301,57.1962,56.5786,55.9765,55.3894,54.8165,54.2574,53.7115,53.1783,52.6573,52.148,51.6501,51.163,50.6865,50.2201,49.7634,49.3163,48.8782,48.449,48.0284,47.616,47.2116,46.8149,46.4257,46.0438,45.669,45.301,44.9396,44.5847,44.236,43.8934,43.5568,43.2258,42.9005,42.5805,42.2659,41.9564,41.6519,41.3522,41.0574,40.7671
289.58,279.928,269.98,259.752,249.278,238.614,227.841,217.07,206.436,196.089,186.175,176.816,168.097,160.056,152.695,145.986,139.881,134.327,129.266,124.645,120.412,116.523,112.939,109.625,106.551,103.69,101.021,98.5227,96.1792,93.9751,91.8974,89.9345,88.0764,86.3142,84.6398,83.0462,81.5272,80.077,78.6907,77.3635,76.0915,74.8709,73.6982,72.5705,71.4848,70.4387,69.4297,68.4557,67.5147,66.6048,65.7244,64.8719,64.0459,63.245,62.4679,61.7135,60.9806,60.2684,59.5757,58.9018,58.2458,57.607,56.9845,56.3777,55.786,55.2087,54.6452,54.0951,53.5578,53.0327,52.5196,52.0178,51.527,51.0469,50.5769,50.1168,49.6663,49.225,48.7925,48.3687,47.9532,47.5458,47.1462,46.7541,46.3694,45.9918,45.6211,45.257,44.8995,44.5483,44.2032,43.864,43.5307,43.2029,42.8807,42.5637,42.252,41.9452,41.6434,41.3464,41.0541
290.081,280.484,270.595,260.434,250.032,239.444,228.749,218.053,207.489,197.199,187.326,177.991,169.278,161.23,153.85,147.113,140.977,135.388,130.292,125.635,121.369,117.447,113.832,110.489,107.387,104.5,101.807,99.2861,96.9212,94.697,92.6004,90.6198,88.7449,86.9668,85.2775,83.6697,82.1373,80.6743,79.2758,77.9372,76.6541,75.423,74.2403,73.103,72.0081,70.9532,69.9357,68.9536,68.0048,67.0874,66.1998,65.3404,64.5077,63.7002,62.9169,62.1564,61.4177,60.6998,60.0017,59.3225,58.6613,58.0174,57.3901,56.7786,56.1823,55.6005,55.0327,54.4784,53.9369,53.4079,52.8908,52.3853,51.8908,51.407,50.9335,50.47,50.0161,49.5714,49.1358,48.7088,48.2902,47.8798,47.4772,47.0823,46.6947,46.3143,45.9409,45.5742,45.2141,44.8603,44.5127,44.171,43.8353,43.5052,43.1806,42.8613,42.5473,42.2384,41.9344,41.6353,41.3409
290.577,281.033,271.204,261.108,250.776,240.263,229.644,219.023,208.526,198.293,188.462,179.152,170.448,162.393,154.995,148.233,142.066,136.444,131.313,126.622,122.322,118.369,114.723,111.351,108.222,105.31,102.592,100.049,97.6623,95.4182,93.3027,91.3044,89.4128,87.6189,85.9146,84.2927,82.7468,81.2712,79.8606,78.5103,77.2163,75.9747,74.782,73.6351,72.531,71.4673,70.4414,69.4512,68.4946,67.5697,66.6749,65.8085,64.9691,64.1552,63.3656,62.599,61.8545,61.1309,60.4273,59.7428,59.0765,58.4276,57.7954,57.1792,56.5783,55.9921,55.42,54.8614,54.3158,53.7828,53.2618,52.7524,52.2543,51.7668,51.2898,50.8229,50.3656,49.9176,49.4788,49.0487,48.627,48.2135,47.808,47.4102,47.0198,46.6367,46.2605,45.8911,45.5284,45.172,44.8219,44.4779,44.1397,43.8072,43.4803,43.1587,42.8425,42.5314,42.2252,41.924,41.6274
291.07,281.578,271.807,261.774,251.512,241.071,230.527,219.979,209.549,199.372,189.584,180.299,171.604,163.545,156.131,149.345,143.149,137.495,132.331,127.606,123.273,119.288,115.612,112.211,109.055,106.117,103.376,100.81,98.4026,96.1385,94.0043,91.9883,90.08,88.2704,86.5512,84.9152,83.3559,81.8675,80.4448,79.0831,77.7781,76.526,75.3233,74.1668,73.0536,71.981,70.9467,69.9484,68.984,68.0517,67.1497,66.2763,65.4301,64.6098,63.8139,63.0414,62.291,61.5617,60.8527,60.1628,59.4914,58.8375,58.2004,57.5795,56.974,56.3834,55.8069,55.2441,54.6945,54.1574,53.6325,53.1194,52.6175,52.1264,51.6459,51.1755,50.7148,50.2636,49.8215,49.3882,48.9635,48.547,48.1386,47.7379,47.3447,46.9587,46.5799,46.2079,45.8425,45.4836,45.131,44.7844,44.4438,44.109,43.7797,43.4559,43.1374,42.8241,42.5158,42.2124,41.9138
291.558,282.117,272.403,262.433,252.239,241.87,231.399,220.922,210.558,200.437,190.691,181.433,172.749,164.686,157.259,150.45,144.226,138.54,133.344,128.586,124.221,120.205,116.499,113.07,109.887,106.924,104.158,101.57,99.1419,96.858,94.7051,92.6715,90.7466,88.9213,87.1872,85.5371,83.9645,82.4634,81.0286,79.6554,78.3394,77.0769,75.8641,74.6981,73.5757,72.4944,71.4517,70.4453,69.4731,68.5333,67.6241,66.7438,65.8909,65.0641,64.262,63.4834,62.7271,61.9922,61.2777,60.5825,59.9059,59.2471,58.6052,57.9795,57.3695,56.7743,56.1936,55.6266,55.0728,54.5318,54.003,53.486,52.9804,52.4858,52.0017,51.5278,51.0638,50.6093,50.164,49.7276,49.2998,48.8803,48.4689,48.0653,47.6693,47.2806,46.899,46.5243,46.1564,45.7949,45.4398,45.0908,44.7478,44.4105,44.079,43.7529,43.4322,43.1166,42.8062,42.5006,42.1999
292.042,282.652,272.994,263.085,252.957,242.658,232.258,221.852,211.553,201.487,191.783,182.553,173.881,165.817,158.377,151.547,145.296,139.58,134.352,129.563,125.166,121.119,117.384,113.926,110.717,107.729,104.94,102.33,99.8802,97.5766,95.4051,93.354,91.4125,89.5715,87.8226,86.1585,84.5725,83.0587,81.6119,80.2272,78.9003,77.6273,76.4046,75.229,74.0975,73.0074,71.9562,70.9417,69.9618,69.0145,68.0981,67.2109,66.3513,65.518,64.7097,63.925,63.163,62.4224,61.7024,61.0019,60.3202,59.6563,59.0096,58.3793,57.7646,57.165,56.5799,56.0087,55.4509,54.9058,54.3732,53.8524,53.3431,52.8448,52.3572,51.8799,51.4125,50.9547,50.5062,50.0667,49.6358,49.2133,48.799,48.3925,47.9936,47.6022,47.2179,46.8406,46.47,46.106,45.7483,45.3969,45.0515,44.7119,44.378,44.0496,43.7267,43.4089,43.0963,42.7887,42.4859
292.521,283.181,273.578,263.73,253.666,243.436,233.107,222.769,212.534,202.523,192.862,183.66,175.002,166.937,159.485,152.636,146.359,140.615,135.356,130.535,126.107,122.03,118.266,114.781,111.545,108.533,105.72,103.088,100.618,98.2943,96.1043,94.0357,92.0777,90.2211,88.4574,86.7792,85.1799,83.6536,82.1947,80.7985,79.4607,78.1773,76.9446,75.7595,74.6188,73.52,72.4604,71.4379,70.4502,69.4954,68.5718,67.6776,66.8114,65.9716,65.157,64.3664,63.5985,62.8523,62.1268,61.421,60.7342,60.0653,59.4137,58.7787,58.1595,57.5555,56.966,56.3906,55.8286,55.2796,54.7431,54.2185,53.7055,53.2036,52.7125,52.2317,51.761,51.2999,50.8482,50.4055,49.9716,49.5461,49.1288,48.7194,48.3177,47.9235,47.5365,47.1566,46.7834,46.4168,46.0567,45.7028,45.355,45.013,44.6768,44.3462,44.021,43.701,43.3862,43.0765,42.7716
292.997,283.706,274.157,264.367,254.368,244.204,233.944,223.674,213.502,203.546,193.927,184.754,176.11,168.047,160.585,153.717,147.417,141.644,136.355,131.504,127.046,122.939,119.146,115.634,112.372,109.335,106.499,103.845,101.354,99.011,96.8026,94.7166,92.7422,90.87,89.0916,87.3994,85.7869,84.2478,82.777,81.3694,80.0207,78.7268,77.4842,76.2895,75.1398,74.0322,72.9642,71.9336,70.9381,69.9759,69.0451,68.144,67.2711,66.4249,65.6041,64.8074,64.0337,63.2818,62.5509,61.8398,61.1478,60.474,59.8176,59.1778,58.554,57.9456,57.3518,56.7722,56.2061,55.6531,55.1127,54.5843,54.0676,53.5622,53.0675,52.5833,52.1092,51.6449,51.1899,50.7441,50.3071,49.8786,49.4583,49.0461,48.6416,48.2446,47.8549,47.4723,47.0966,46.7274,46.3648,46.0085,45.6582,45.3139,44.9754,44.6425,44.315,43.9929,43.676,43.3641,43.0571
293.469,284.226,274.73,264.998,255.061,244.964,234.771,224.567,214.457,204.555,194.979,185.835,177.207,169.146,161.676,154.791,148.467,142.668,137.35,132.469,127.981,123.845,120.024,116.485,113.197,110.136,107.277,104.6,102.089,99.7268,97.5001,95.3967,93.4059,91.5182,89.7251,88.019,86.3932,84.8416,83.3588,81.9398,80.5801,79.2759,78.0233,76.8191,75.6603,74.5439,73.4676,72.4289,71.4257,70.456,69.518,68.61,67.7304,66.8778,66.0508,65.248,64.4685,63.711,62.9746,62.2583,61.5611,60.8823,60.2211,59.5766,58.9483,58.3354,57.7373,57.1535,56.5834,56.0264,55.482,54.9499,54.4295,53.9204,53.4222,52.9346,52.4572,51.9895,51.5314,51.0824,50.6423,50.2108,49.7877,49.3725,48.9652,48.5655,48.1731,47.7878,47.4095,47.0378,46.6727,46.3139,45.9612,45.6146,45.2737,44.9385,44.6089,44.2845,43.9654,43.6514,43.3424
293.937,284.741,275.297,265.623,255.747,245.714,235.587,225.449,215.4,205.551,196.018,186.904,178.291,170.235,162.757,155.856,149.511,143.686,138.34,133.43,128.913,124.748,120.899,117.333,114.021,110.935,108.053,105.355,102.823,100.442,98.1966,96.076,94.0689,92.1657,90.3579,88.6379,86.9989,85.4348,83.94,82.5096,81.1391,79.8245,78.562,77.3483,76.1803,75.0553,73.9706,72.9238,71.9129,70.9358,69.9906,69.0757,68.1894,67.3304,66.4971,65.6884,64.903,64.1399,63.3981,62.6764,61.9742,61.2904,60.6243,59.9751,59.3422,58.7249,58.1225,57.5345,56.9603,56.3993,55.8511,55.3152,54.7911,54.2784,53.7767,53.2856,52.8048,52.3339,51.8726,51.4205,50.9773,50.5428,50.1167,49.6987,49.2886,48.8861,48.491,48.1031,47.7222,47.348,46.9804,46.6191,46.2641,45.915,45.5719,45.2344,44.9025,44.576,44.2547,43.9386,43.6275
294.401,285.252,275.859,266.241,256.424,246.455,236.393,226.319,216.33,206.534,197.044,187.96,179.365,171.313,163.829,156.914,150.548,144.699,139.326,134.387,129.841,125.649,121.772,118.18,114.842,111.732,108.828,106.108,103.556,101.155,98.8923,96.7544,94.7311,92.8125,90.9901,89.2563,87.6041,86.0274,84.5207,83.0789,81.6976,80.3726,79.1002,77.877,76.7,75.5662,74.4731,73.4184,72.3997,71.4152,70.4628,69.541,68.6481,67.7826,66.9431,66.1284,65.3372,64.5685,63.8212,63.0943,62.3869,61.6981,61.0272,60.3734,59.7359,59.1141,58.5075,57.9152,57.3369,56.772,56.2199,55.6802,55.1524,54.6361,54.1309,53.6364,53.1522,52.6781,52.2135,51.7583,51.3121,50.8746,50.4456,50.0247,49.6118,49.2065,48.8087,48.4182,48.0346,47.6579,47.2878,46.9241,46.5666,46.2152,45.8698,45.53,45.1959,44.8672,44.5438,44.2255,43.9123
294.862,285.758,276.416,266.852,257.095,247.188,237.189,227.178,217.248,207.505,198.057,189.004,180.427,172.38,164.892,157.964,151.579,145.705,140.306,135.34,130.766,126.546,122.643,119.024,115.662,112.528,109.601,106.86,104.288,101.868,99.5869,97.432,95.3924,93.4585,91.6216,89.8739,88.2086,86.6194,85.1008,83.6477,82.2555,80.9202,79.6379,78.4053,77.2192,76.0767,74.9753,73.9125,72.8861,71.8941,70.9347,70.0059,69.1063,68.2344,67.3887,66.568,65.771,64.9967,64.2439,63.5117,62.7992,62.1055,61.4298,60.7713,60.1293,59.5031,58.8921,58.2957,57.7132,57.1443,56.5884,56.0449,55.5134,54.9935,54.4848,53.9869,53.4994,53.0219,52.5542,52.0958,51.6466,51.2061,50.7741,50.3504,49.9347,49.5267,49.1262,48.733,48.3468,47.9676,47.595,47.2288,46.869,46.5152,46.1675,45.8255,45.4891,45.1582,44.8326,44.5123,44.197
295.318,286.26,276.968,267.457,257.758,247.912,237.976,228.027,218.155,208.464,199.058,190.036,181.478,173.438,165.946,159.006,152.602,146.706,141.282,136.289,131.688,127.44,123.511,119.867,116.479,113.322,110.373,107.611,105.019,102.58,100.281,98.1087,96.053,94.1038,92.2523,90.4909,88.8125,87.2108,85.6804,84.2159,82.813,81.4673,80.1752,78.9331,77.7379,76.5868,75.477,74.4062,73.3721,72.3727,71.4061,70.4705,69.5642,68.6859,67.834,67.0073,66.2045,65.4246,64.6664,63.9289,63.2113,62.5126,61.832,61.1688,60.5223,59.8917,59.2764,58.6758,58.0893,57.5164,56.9566,56.4093,55.8742,55.3507,54.8385,54.3371,53.8463,53.3655,52.8946,52.4331,51.9808,51.5373,51.1024,50.6759,50.2573,49.8466,49.4434,49.0475,48.6588,48.277,47.9019,47.5333,47.1711,46.815,46.4649,46.1206,45.782,45.449,45.1213,44.7988,44.4814
295.771,286.758,277.514,268.057,258.414,248.628,238.753,228.865,219.05,209.41,200.047,191.056,182.517,174.486,166.991,160.04,153.619,147.702,142.253,137.234,132.606,128.332,124.376,120.707,117.295,114.115,111.143,108.36,105.748,103.29,100.973,98.7844,96.7127,94.7482,92.8823,91.1072,89.4157,87.8017,86.2593,84.7836,83.3699,82.0139,80.7119,79.4604,78.2562,77.0964,75.9783,74.8995,73.8577,72.8509,71.8771,70.9346,70.0218,69.137,68.2789,67.4462,66.6377,65.8521,65.0885,64.3457,63.623,62.9194,62.234,61.5661,60.915,60.28,59.6604,59.0556,58.4651,57.8882,57.3245,56.7734,56.2346,55.7076,55.1918,54.6871,54.1929,53.7089,53.2347,52.7701,52.3148,51.8683,51.4305,51.0011,50.5797,50.1662,49.7603,49.3619,48.9706,48.5862,48.2086,47.8376,47.473,47.1145,46.7621,46.4156,46.0748,45.7395,45.4097,45.0851,44.7656
