CO2 Specific Heat [J kg^-1 K^-1] Mixed
4568.52,4222.87,2655.6,2125.56,1851.94,1683.35,1568.74,1485.83,1423.21,1374.42,1335.52,1303.93,1277.92,1256.26,1238.06,1222.67,1209.57,1198.38,1188.78,1180.55,1173.47,1167.39,1162.17,1157.7,1153.89,1150.65,1147.92,1145.65,1143.77,1142.26,1141.06,1140.15,1139.49,1139.07,1138.85,1138.82,1138.97,1139.26,1139.7,1140.26,1140.93,1141.71,1142.59,1143.55,1144.58,1145.69,1146.86,1148.09,1149.37,1150.69,1152.06,1153.47,1154.92,1156.39,1157.89,1159.42,1160.97,1162.53,1164.12,1165.72,1167.33,1168.96,1170.59,1172.23,1173.88,1175.53,1177.19,1178.85,1180.51,1182.17,1183.84,1185.5,1187.16,1188.82,1190.47,1192.13,1193.77,1195.42,1197.06,1198.69,1200.33,1201.95,1203.57,1205.18,1206.79,1208.39,1209.99,1211.58,1213.16,1214.74,1216.31,1217.87,1219.43,1220.98,1222.52,1224.06,1225.59,1227.12,1228.64,1230.16,1231.67
3847.43,5044.37,2861.72,2225.84,1913.68,1726.26,1600.84,1511.05,1443.73,1391.58,1350.16,1316.63,1289.08,1266.18,1246.96,1230.72,1216.9,1205.09,1194.97,1186.27,1178.79,1172.35,1166.81,1162.06,1157.99,1154.52,1151.58,1149.11,1147.06,1145.39,1144.04,1142.99,1142.21,1141.67,1141.34,1141.21,1141.26,1141.47,1141.82,1142.3,1142.9,1143.61,1144.42,1145.32,1146.3,1147.35,1148.46,1149.64,1150.87,1152.16,1153.48,1154.85,1156.25,1157.69,1159.15,1160.65,1162.16,1163.7,1165.25,1166.82,1168.41,1170,1171.61,1173.23,1174.85,1176.48,1178.11,1179.75,1181.39,1183.03,1184.68,1186.32,1187.96,1189.6,1191.24,1192.88,1194.51,1196.14,1197.76,1199.38,1201,1202.61,1204.22,1205.82,1207.41,1209,1210.58,1212.16,1213.73,1215.3,1216.86,1218.41,1219.96,1221.5,1223.03,1224.56,1226.09,1227.6,1229.11,1230.62,1232.12
3518.52,6285.51,3106.57,2337.39,1980.29,1771.73,1634.46,1537.24,1464.93,1409.21,1365.14,1329.59,1300.44,1276.26,1255.99,1238.87,1224.31,1211.87,1201.21,1192.04,1184.15,1177.34,1171.48,1166.43,1162.1,1158.4,1155.25,1152.59,1150.36,1148.52,1147.03,1145.84,1144.93,1144.27,1143.84,1143.61,1143.56,1143.68,1143.94,1144.35,1144.88,1145.52,1146.26,1147.09,1148.01,1149,1150.07,1151.2,1152.38,1153.62,1154.9,1156.22,1157.59,1158.99,1160.42,1161.87,1163.35,1164.86,1166.38,1167.92,1169.48,1171.05,1172.63,1174.22,1175.82,1177.42,1179.04,1180.65,1182.27,1183.89,1185.52,1187.14,1188.76,1190.39,1192.01,1193.63,1195.24,1196.86,1198.47,1200.07,1201.68,1203.27,1204.86,1206.45,1208.03,1209.61,1211.18,1212.75,1214.31,1215.86,1217.41,1218.95,1220.49,1222.02,1223.54,1225.06,1226.58,1228.09,1229.59,1231.09,1232.58
3312.73,8277.05,3400.46,2461.88,2052.23,1819.93,1669.67,1564.46,1486.81,1427.33,1380.49,1342.81,1312.01,1286.5,1265.14,1247.12,1231.81,1218.72,1207.51,1197.86,1189.54,1182.36,1176.17,1170.84,1166.24,1162.3,1158.94,1156.08,1153.67,1151.67,1150.02,1148.7,1147.66,1146.88,1146.34,1146,1145.86,1145.89,1146.07,1146.39,1146.85,1147.42,1148.09,1148.86,1149.72,1150.66,1151.67,1152.75,1153.89,1155.08,1156.31,1157.6,1158.92,1160.28,1161.67,1163.1,1164.55,1166.02,1167.51,1169.02,1170.55,1172.09,1173.65,1175.21,1176.79,1178.37,1179.96,1181.55,1183.15,1184.75,1186.36,1187.96,1189.57,1191.17,1192.77,1194.38,1195.98,1197.58,1199.17,1200.76,1202.35,1203.93,1205.51,1207.08,1208.65,1210.22,1211.78,1213.33,1214.88,1216.42,1217.96,1219.49,1221.02,1222.54,1224.05,1225.56,1227.07,1228.57,1230.06,1231.55,1233.04
3166.14,11462.7,3756.7,2601.24,2130.02,1871.06,1706.56,1592.72,1509.4,1445.94,1396.19,1356.31,1323.78,1296.9,1274.42,1255.47,1239.38,1225.64,1213.86,1203.72,1194.97,1187.42,1180.89,1175.26,1170.4,1166.22,1162.64,1159.58,1156.99,1154.83,1153.03,1151.56,1150.4,1149.5,1148.84,1148.4,1148.16,1148.1,1148.2,1148.44,1148.82,1149.32,1149.93,1150.64,1151.44,1152.32,1153.28,1154.3,1155.39,1156.53,1157.73,1158.97,1160.25,1161.58,1162.93,1164.32,1165.74,1167.17,1168.64,1170.12,1171.62,1173.13,1174.66,1176.2,1177.75,1179.31,1180.88,1182.45,1184.03,1185.61,1187.19,1188.78,1190.37,1191.95,1193.54,1195.13,1196.71,1198.29,1199.87,1201.45,1203.02,1204.59,1206.15,1207.72,1209.27,1210.82,1212.37,1213.91,1215.45,1216.98,1218.51,1220.03,1221.55,1223.06,1224.56,1226.06,1227.56,1229.05,1230.53,1232.01,1233.49
3053.85,14535.8,4191.73,2757.65,2214.22,1925.31,1745.21,1622.09,1532.71,1465.06,1412.25,1370.07,1335.76,1307.45,1283.83,1263.93,1247.04,1232.63,1220.26,1209.62,1200.44,1192.51,1185.64,1179.7,1174.57,1170.15,1166.35,1163.09,1160.32,1157.99,1156.04,1154.43,1153.13,1152.11,1151.35,1150.8,1150.46,1150.31,1150.32,1150.49,1150.79,1151.22,1151.76,1152.41,1153.15,1153.97,1154.88,1155.85,1156.89,1157.99,1159.14,1160.34,1161.59,1162.87,1164.19,1165.54,1166.92,1168.33,1169.76,1171.21,1172.69,1174.17,1175.68,1177.19,1178.72,1180.25,1181.8,1183.35,1184.9,1186.46,1188.03,1189.6,1191.16,1192.73,1194.3,1195.87,1197.44,1199.01,1200.57,1202.13,1203.69,1205.25,1206.8,1208.35,1209.89,1211.43,1212.96,1214.49,1216.02,1217.54,1219.06,1220.57,1222.07,1223.57,1225.07,1226.56,1228.05,1229.53,1231.01,1232.48,1233.95
2963.7,11324.8,4723.85,2933.5,2305.4,1982.87,1785.7,1652.58,1556.76,1484.69,1428.69,1384.11,1347.95,1318.17,1293.36,1272.48,1254.78,1239.68,1226.73,1215.58,1205.95,1197.63,1190.42,1184.17,1178.77,1174.1,1170.07,1166.61,1163.66,1161.16,1159.05,1157.3,1155.88,1154.73,1153.85,1153.21,1152.77,1152.52,1152.45,1152.54,1152.76,1153.12,1153.6,1154.18,1154.86,1155.63,1156.48,1157.4,1158.39,1159.45,1160.55,1161.71,1162.92,1164.16,1165.44,1166.76,1168.11,1169.49,1170.89,1172.31,1173.75,1175.21,1176.69,1178.18,1179.68,1181.19,1182.71,1184.24,1185.78,1187.32,1188.86,1190.41,1191.96,1193.51,1195.06,1196.62,1198.17,1199.72,1201.27,1202.82,1204.36,1205.9,1207.44,1208.97,1210.51,1212.03,1213.56,1215.07,1216.59,1218.1,1219.6,1221.1,1222.6,1224.09,1225.58,1227.06,1228.53,1230.01,1231.48,1232.94,1234.4
2888.91,7027.44,5367.29,3131.28,2404.17,2043.94,1828.11,1684.23,1581.58,1504.84,1445.5,1398.43,1360.35,1329.06,1303.02,1281.14,1262.6,1246.79,1233.24,1221.57,1211.49,1202.77,1195.21,1188.66,1182.98,1178.06,1173.81,1170.15,1167.01,1164.33,1162.07,1160.18,1158.62,1157.36,1156.36,1155.61,1155.08,1154.74,1154.58,1154.58,1154.74,1155.02,1155.43,1155.95,1156.57,1157.28,1158.08,1158.95,1159.89,1160.9,1161.96,1163.08,1164.24,1165.45,1166.7,1167.98,1169.3,1170.64,1172.01,1173.4,1174.82,1176.25,1177.7,1179.16,1180.64,1182.13,1183.63,1185.14,1186.65,1188.17,1189.7,1191.22,1192.76,1194.29,1195.83,1197.36,1198.9,1200.43,1201.97,1203.5,1205.03,1206.56,1208.08,1209.6,1211.12,1212.64,1214.15,1215.65,1217.16,1218.65,1220.15,1221.64,1223.12,1224.61,1226.08,1227.55,1229.02,1230.49,1231.94,1233.4,1234.85
2825.33,5239.15,6115.1,3353.32,2511.11,2108.72,1872.52,1717.08,1607.17,1525.52,1462.69,1413.02,1372.95,1340.1,1312.8,1289.9,1270.5,1253.97,1239.81,1227.61,1217.07,1207.95,1200.04,1193.17,1187.21,1182.03,1177.56,1173.69,1170.36,1167.52,1165.1,1163.06,1161.37,1159.99,1158.88,1158.02,1157.38,1156.95,1156.71,1156.63,1156.71,1156.92,1157.26,1157.72,1158.28,1158.93,1159.68,1160.5,1161.39,1162.35,1163.37,1164.45,1165.57,1166.74,1167.95,1169.2,1170.48,1171.79,1173.13,1174.49,1175.88,1177.29,1178.71,1180.15,1181.6,1183.07,1184.54,1186.03,1187.52,1189.02,1190.53,1192.04,1193.55,1195.07,1196.58,1198.1,1199.62,1201.14,1202.66,1204.18,1205.69,1207.21,1208.72,1210.23,1211.73,1213.24,1214.74,1216.23,1217.72,1219.21,1220.69,1222.17,1223.65,1225.12,1226.59,1228.05,1229.51,1230.96,1232.41,1233.86,1235.3
2770.26,4437.39,6901.57,3601.34,2626.74,2177.38,1918.98,1751.17,1633.55,1546.74,1480.26,1427.89,1385.77,1351.3,1322.71,1298.75,1278.48,1261.22,1246.43,1233.69,1222.69,1213.16,1204.89,1197.7,1191.45,1186.02,1181.32,1177.24,1173.73,1170.71,1168.13,1165.95,1164.12,1162.61,1161.39,1160.43,1159.69,1159.17,1158.84,1158.68,1158.68,1158.82,1159.1,1159.49,1159.99,1160.59,1161.28,1162.05,1162.89,1163.8,1164.78,1165.81,1166.9,1168.03,1169.2,1170.41,1171.66,1172.94,1174.25,1175.58,1176.94,1178.32,1179.72,1181.13,1182.56,1184,1185.46,1186.92,1188.39,1189.87,1191.36,1192.85,1194.34,1195.84,1197.34,1198.84,1200.35,1201.85,1203.36,1204.86,1206.36,1207.86,1209.36,1210.85,1212.35,1213.84,1215.32,1216.81,1218.29,1219.76,1221.24,1222.71,1224.17,1225.63,1227.09,1228.54,1229.99,1231.44,1232.88,1234.32,1235.75
2721.86,3985.85,7552.07,3875.56,2751.51,2250.07,1967.58,1786.5,1660.73,1568.51,1498.21,1443.04,1398.79,1362.66,1332.75,1307.7,1286.54,1268.53,1253.1,1239.81,1228.34,1218.39,1209.76,1202.25,1195.71,1190.03,1185.09,1180.8,1177.1,1173.91,1171.17,1168.84,1166.88,1165.25,1163.91,1162.83,1162,1161.39,1160.97,1160.73,1160.65,1160.72,1160.93,1161.26,1161.7,1162.24,1162.87,1163.59,1164.39,1165.25,1166.19,1167.18,1168.22,1169.31,1170.45,1171.63,1172.84,1174.09,1175.37,1176.67,1178,1179.35,1180.72,1182.11,1183.52,1184.94,1186.37,1187.81,1189.26,1190.72,1192.19,1193.66,1195.13,1196.62,1198.1,1199.58,1201.07,1202.56,1204.05,1205.54,1207.02,1208.51,1210,1211.48,1212.96,1214.44,1215.91,1217.38,1218.85,1220.32,1221.78,1223.24,1224.69,1226.15,1227.59,1229.04,1230.48,1231.91,1233.35,1234.78,1236.2
2678.79,3691.91,7796.97,4173.35,2885.62,2326.91,2018.34,1823.11,1688.72,1590.81,1516.54,1458.47,1412.02,1374.18,1342.9,1316.75,1294.68,1275.9,1259.82,1245.98,1234.02,1223.66,1214.65,1206.82,1199.99,1194.05,1188.87,1184.38,1180.48,1177.11,1174.21,1171.74,1169.64,1167.88,1166.43,1165.25,1164.31,1163.6,1163.1,1162.78,1162.62,1162.62,1162.76,1163.02,1163.4,1163.89,1164.47,1165.13,1165.88,1166.7,1167.59,1168.54,1169.54,1170.6,1171.7,1172.84,1174.02,1175.24,1176.48,1177.76,1179.06,1180.38,1181.73,1183.09,1184.47,1185.87,1187.28,1188.7,1190.13,1191.57,1193.01,1194.47,1195.92,1197.39,1198.85,1200.32,1201.79,1203.27,1204.74,1206.21,1207.69,1209.16,1210.63,1212.1,1213.57,1215.03,1216.5,1217.96,1219.42,1220.87,1222.32,1223.77,1225.22,1226.66,1228.1,1229.53,1230.96,1232.39,1233.81,1235.23,1236.65
2640.1,3482.55,7469.33,4487.26,3029,2407.97,2071.32,1861.01,1717.53,1613.67,1535.25,1474.18,1425.46,1385.86,1353.18,1325.9,1302.89,1283.33,1266.59,1252.18,1239.74,1228.95,1219.57,1211.4,1204.28,1198.08,1192.67,1187.96,1183.86,1180.32,1177.26,1174.64,1172.4,1170.52,1168.95,1167.66,1166.62,1165.82,1165.23,1164.83,1164.59,1164.52,1164.59,1164.79,1165.11,1165.54,1166.06,1166.68,1167.38,1168.15,1168.99,1169.9,1170.86,1171.88,1172.94,1174.05,1175.2,1176.38,1177.6,1178.84,1180.12,1181.41,1182.73,1184.07,1185.43,1186.8,1188.18,1189.58,1190.99,1192.41,1193.84,1195.27,1196.71,1198.16,1199.61,1201.06,1202.52,1203.97,1205.43,1206.89,1208.35,1209.81,1211.27,1212.72,1214.18,1215.63,1217.08,1218.53,1219.98,1221.42,1222.86,1224.3,1225.74,1227.17,1228.6,1230.02,1231.44,1232.86,1234.28,1235.69,1237.1
2605.04,3324.1,6734.03,4802.7,3181.07,2493.23,2126.5,1900.2,1747.15,1637.06,1554.35,1490.16,1439.1,1397.69,1363.58,1335.14,1311.18,1290.82,1273.41,1258.43,1245.49,1234.27,1224.51,1216.01,1208.59,1202.12,1196.47,1191.54,1187.26,1183.53,1180.31,1177.54,1175.17,1173.16,1171.47,1170.07,1168.94,1168.04,1167.36,1166.87,1166.57,1166.42,1166.42,1166.55,1166.81,1167.18,1167.65,1168.22,1168.87,1169.6,1170.39,1171.26,1172.18,1173.16,1174.19,1175.26,1176.37,1177.52,1178.71,1179.93,1181.17,1182.44,1183.73,1185.05,1186.38,1187.73,1189.09,1190.47,1191.86,1193.25,1194.66,1196.08,1197.5,1198.93,1200.36,1201.8,1203.24,1204.68,1206.12,1207.57,1209.01,1210.46,1211.9,1213.34,1214.79,1216.23,1217.67,1219.1,1220.54,1221.97,1223.4,1224.83,1226.26,1227.68,1229.1,1230.51,1231.93,1233.34,1234.74,1236.15,1237.55
2573.05,3198.84,5926.96,5096.36,3340.57,2582.58,2183.89,1940.68,1777.58,1661,1573.82,1506.41,1452.94,1409.67,1374.1,1344.47,1319.54,1298.37,1280.27,1264.71,1251.27,1239.61,1229.47,1220.63,1212.91,1206.17,1200.28,1195.14,1190.66,1186.75,1183.37,1180.45,1177.94,1175.8,1173.99,1172.49,1171.25,1170.26,1169.49,1168.92,1168.54,1168.32,1168.25,1168.32,1168.52,1168.83,1169.24,1169.76,1170.36,1171.04,1171.79,1172.62,1173.5,1174.44,1175.43,1176.47,1177.55,1178.67,1179.82,1181.01,1182.22,1183.47,1184.73,1186.02,1187.33,1188.65,1190,1191.35,1192.72,1194.1,1195.48,1196.88,1198.28,1199.7,1201.11,1202.53,1203.95,1205.38,1206.81,1208.24,1209.67,1211.1,1212.53,1213.96,1215.39,1216.82,1218.25,1219.68,1221.1,1222.52,1223.94,1225.36,1226.77,1228.19,1229.59,1231,1232.41,1233.81,1235.21,1236.6,1238
2543.67,3096.58,5237.9,5337.17,3505.35,2675.74,2243.42,1982.44,1808.82,1685.48,1593.67,1522.94,1466.99,1421.81,1384.73,1353.89,1327.97,1305.98,1287.19,1271.03,1257.08,1244.98,1234.45,1225.27,1217.25,1210.24,1204.11,1198.74,1194.06,1189.98,1186.43,1183.36,1180.71,1178.44,1176.52,1174.9,1173.56,1172.48,1171.62,1170.97,1170.5,1170.21,1170.08,1170.08,1170.22,1170.47,1170.83,1171.3,1171.85,1172.48,1173.19,1173.97,1174.81,1175.72,1176.67,1177.67,1178.72,1179.81,1180.93,1182.09,1183.27,1184.49,1185.73,1186.99,1188.28,1189.58,1190.9,1192.23,1193.58,1194.94,1196.31,1197.68,1199.07,1200.46,1201.86,1203.26,1204.67,1206.08,1207.5,1208.91,1210.33,1211.75,1213.16,1214.58,1216,1217.42,1218.83,1220.25,1221.66,1223.07,1224.48,1225.89,1227.29,1228.69,1230.09,1231.49,1232.89,1234.28,1235.67,1237.06,1238.44
2516.56,3010.99,4706.38,5492.08,3672.12,2772.31,2305.01,2025.43,1840.85,1710.48,1613.89,1539.72,1481.23,1434.09,1395.48,1363.41,1336.47,1313.64,1294.14,1277.39,1262.92,1250.37,1239.45,1229.93,1221.6,1214.32,1207.94,1202.36,1197.47,1193.21,1189.5,1186.27,1183.48,1181.09,1179.04,1177.32,1175.88,1174.7,1173.75,1173.01,1172.47,1172.11,1171.9,1171.84,1171.92,1172.11,1172.42,1172.83,1173.33,1173.92,1174.59,1175.33,1176.13,1176.99,1177.91,1178.88,1179.89,1180.94,1182.04,1183.16,1184.32,1185.51,1186.73,1187.96,1189.22,1190.5,1191.8,1193.11,1194.44,1195.78,1197.12,1198.48,1199.85,1201.23,1202.61,1203.99,1205.39,1206.78,1208.18,1209.58,1210.98,1212.39,1213.79,1215.2,1216.6,1218.01,1219.41,1220.82,1222.22,1223.62,1225.02,1226.41,1227.81,1229.2,1230.59,1231.98,1233.36,1234.75,1236.13,1237.51,1238.89
2491.41,2937.91,4307.74,5536.69,3836.28,2871.64,2368.51,2069.62,1873.64,1736,1634.46,1556.77,1495.66,1446.52,1406.34,1373,1345.04,1321.36,1301.15,1283.78,1268.79,1255.79,1244.47,1234.6,1225.96,1218.4,1211.78,1205.97,1200.89,1196.44,1192.56,1189.19,1186.26,1183.73,1181.57,1179.73,1178.19,1176.91,1175.88,1175.06,1174.44,1174,1173.73,1173.6,1173.62,1173.76,1174.01,1174.37,1174.82,1175.36,1175.98,1176.68,1177.44,1178.26,1179.15,1180.08,1181.06,1182.08,1183.14,1184.24,1185.37,1186.53,1187.72,1188.93,1190.17,1191.43,1192.7,1193.99,1195.29,1196.61,1197.94,1199.28,1200.63,1201.99,1203.35,1204.72,1206.1,1207.48,1208.86,1210.25,1211.64,1213.03,1214.42,1215.81,1217.21,1218.6,1219.99,1221.38,1222.77,1224.16,1225.55,1226.94,1228.32,1229.71,1231.09,1232.47,1233.84,1235.22,1236.59,1237.96,1239.33
2467.99,2874.52,4006.24,5466.23,3991.96,2972.85,2433.72,2114.93,1907.18,1762.02,1655.39,1574.07,1510.27,1459.09,1417.3,1382.69,1353.68,1329.13,1308.19,1290.21,1274.69,1261.23,1249.51,1239.29,1230.34,1222.5,1215.63,1209.6,1204.31,1199.68,1195.63,1192.1,1189.03,1186.38,1184.1,1182.15,1180.5,1179.13,1178,1177.1,1176.41,1175.89,1175.55,1175.36,1175.31,1175.39,1175.59,1175.9,1176.3,1176.8,1177.38,1178.03,1178.75,1179.54,1180.38,1181.28,1182.22,1183.21,1184.25,1185.32,1186.42,1187.55,1188.71,1189.9,1191.11,1192.35,1193.6,1194.87,1196.15,1197.45,1198.76,1200.08,1201.41,1202.75,1204.1,1205.45,1206.81,1208.18,1209.55,1210.92,1212.29,1213.67,1215.05,1216.43,1217.81,1219.19,1220.57,1221.95,1223.33,1224.71,1226.09,1227.46,1228.84,1230.21,1231.58,1232.95,1234.32,1235.69,1237.05,1238.41,1239.77
2446.1,2818.81,3772.97,5299.24,4132.26,3074.78,2500.37,2161.28,1941.41,1788.52,1676.65,1591.61,1525.07,1471.8,1428.37,1392.45,1362.38,1336.95,1315.28,1296.67,1280.61,1266.69,1254.57,1243.99,1234.73,1226.61,1219.48,1213.23,1207.74,1202.93,1198.71,1195.02,1191.81,1189.03,1186.63,1184.57,1182.82,1181.35,1180.13,1179.15,1178.37,1177.79,1177.37,1177.12,1177.01,1177.03,1177.18,1177.43,1177.79,1178.23,1178.77,1179.38,1180.06,1180.81,1181.61,1182.48,1183.39,1184.35,1185.35,1186.39,1187.46,1188.57,1189.71,1190.87,1192.06,1193.26,1194.49,1195.74,1197,1198.28,1199.57,1200.88,1202.19,1203.51,1204.84,1206.18,1207.52,1208.87,1210.23,1211.59,1212.95,1214.31,1215.68,1217.04,1218.41,1219.78,1221.15,1222.52,1223.88,1225.25,1226.62,1227.99,1229.35,1230.71,1232.08,1233.44,1234.8,1236.15,1237.51,1238.86,1240.22
2425.57,2769.31,3587.84,5069.87,4249.9,3175.96,2568.11,2208.56,1976.3,1815.48,1698.24,1609.39,1540.04,1484.64,1439.55,1402.29,1371.14,1344.82,1322.4,1303.16,1286.57,1272.17,1259.64,1248.7,1239.13,1230.73,1223.35,1216.87,1211.17,1206.17,1201.78,1197.94,1194.59,1191.68,1189.15,1186.98,1185.13,1183.56,1182.26,1181.19,1180.33,1179.68,1179.19,1178.87,1178.7,1178.67,1178.76,1178.96,1179.27,1179.67,1180.15,1180.72,1181.36,1182.07,1182.84,1183.67,1184.55,1185.48,1186.45,1187.46,1188.5,1189.58,1190.69,1191.83,1193,1194.18,1195.39,1196.61,1197.86,1199.12,1200.39,1201.67,1202.97,1204.27,1205.59,1206.91,1208.24,1209.57,1210.91,1212.25,1213.6,1214.95,1216.3,1217.65,1219.01,1220.37,1221.72,1223.08,1224.44,1225.8,1227.15,1228.51,1229.86,1231.22,1232.57,1233.92,1235.27,1236.62,1237.97,1239.31,1240.66
2406.25,2724.91,3437.42,4813.95,4338.18,3274.64,2636.52,2256.62,2011.78,1842.86,1720.13,1627.4,1555.18,1497.6,1450.82,1412.21,1379.96,1352.74,1329.56,1309.69,1292.54,1277.68,1264.73,1253.43,1243.53,1234.85,1227.22,1220.51,1214.61,1209.42,1204.86,1200.87,1197.37,1194.33,1191.68,1189.4,1187.44,1185.78,1184.38,1183.23,1182.3,1181.56,1181.01,1180.63,1180.4,1180.3,1180.34,1180.49,1180.74,1181.1,1181.54,1182.07,1182.67,1183.34,1184.07,1184.87,1185.71,1186.61,1187.55,1188.53,1189.55,1190.6,1191.68,1192.8,1193.93,1195.1,1196.28,1197.49,1198.71,1199.95,1201.2,1202.46,1203.74,1205.03,1206.33,1207.63,1208.94,1210.26,1211.59,1212.92,1214.25,1215.58,1216.92,1218.27,1219.61,1220.95,1222.3,1223.64,1224.99,1226.34,1227.68,1229.03,1230.37,1231.72,1233.06,1234.4,1235.74,1237.08,1238.42,1239.76,1241.1
2388.03,2684.76,3312.67,4558.33,4392.08,3368.82,2705.07,2305.3,2047.79,1870.64,1742.31,1645.61,1570.48,1510.69,1462.18,1422.21,1388.85,1360.71,1336.76,1316.24,1298.54,1283.2,1269.84,1258.17,1247.95,1238.98,1231.1,1224.16,1218.05,1212.67,1207.94,1203.79,1200.15,1196.98,1194.21,1191.81,1189.75,1187.99,1186.51,1185.27,1184.26,1183.45,1182.83,1182.38,1182.09,1181.94,1181.91,1182.01,1182.22,1182.53,1182.93,1183.41,1183.97,1184.6,1185.3,1186.06,1186.87,1187.73,1188.64,1189.59,1190.58,1191.61,1192.67,1193.76,1194.87,1196.01,1197.17,1198.36,1199.56,1200.78,1202.01,1203.26,1204.51,1205.79,1207.07,1208.35,1209.65,1210.95,1212.26,1213.58,1214.9,1216.22,1217.55,1218.87,1220.21,1221.54,1222.87,1224.21,1225.54,1226.88,1228.21,1229.55,1230.88,1232.22,1233.55,1234.89,1236.22,1237.55,1238.88,1240.21,1241.54
2370.8,2648.22,3207.38,4319.19,4409.3,3456.31,2773.16,2354.39,2084.25,1898.77,1764.76,1664.03,1585.93,1523.89,1473.63,1432.27,1397.78,1368.71,1344,1322.82,1304.56,1288.74,1274.96,1262.93,1252.38,1243.12,1234.98,1227.81,1221.49,1215.93,1211.03,1206.72,1202.94,1199.63,1196.74,1194.23,1192.06,1190.21,1188.63,1187.31,1186.22,1185.34,1184.65,1184.13,1183.78,1183.57,1183.49,1183.54,1183.69,1183.95,1184.31,1184.75,1185.27,1185.87,1186.53,1187.25,1188.03,1188.86,1189.74,1190.66,1191.62,1192.62,1193.65,1194.72,1195.81,1196.92,1198.06,1199.22,1200.4,1201.6,1202.82,1204.05,1205.29,1206.54,1207.8,1209.08,1210.36,1211.65,1212.94,1214.24,1215.55,1216.85,1218.17,1219.48,1220.8,1222.12,1223.44,1224.77,1226.09,1227.42,1228.74,1230.07,1231.39,1232.72,1234.04,1235.37,1236.69,1238.01,1239.33,1240.66,1241.98
2354.47,2614.75,3117.17,4103.88,4390.75,3534.91,2840.11,2403.68,2121.05,1927.2,1787.45,1682.63,1601.52,1537.2,1485.17,1442.39,1406.77,1376.76,1351.26,1329.42,1310.6,1294.29,1280.09,1267.69,1256.82,1247.27,1238.87,1231.46,1224.94,1219.18,1214.11,1209.65,1205.72,1202.28,1199.26,1196.64,1194.37,1192.42,1190.75,1189.35,1188.18,1187.22,1186.46,1185.88,1185.46,1185.19,1185.06,1185.06,1185.17,1185.38,1185.69,1186.09,1186.57,1187.13,1187.75,1188.44,1189.18,1189.98,1190.83,1191.72,1192.66,1193.63,1194.63,1195.67,1196.74,1197.83,1198.95,1200.09,1201.25,1202.43,1203.62,1204.83,1206.06,1207.29,1208.54,1209.8,1211.06,1212.33,1213.61,1214.9,1216.19,1217.49,1218.79,1220.09,1221.4,1222.71,1224.02,1225.33,1226.64,1227.96,1229.27,1230.59,1231.9,1233.22,1234.53,1235.85,1237.16,1238.48,1239.79,1241.1,1242.41
2338.96,2583.93,3038.88,3914.08,4340.38,3602.49,2905.14,2452.88,2158.1,1955.9,1810.35,1701.39,1617.24,1550.61,1496.78,1452.58,1415.8,1384.85,1358.56,1336.06,1316.66,1299.86,1285.24,1272.46,1261.26,1251.42,1242.76,1235.12,1228.39,1222.44,1217.2,1212.57,1208.5,1204.92,1201.79,1199.06,1196.68,1194.63,1192.87,1191.38,1190.13,1189.1,1188.27,1187.63,1187.15,1186.82,1186.63,1186.58,1186.64,1186.8,1187.07,1187.43,1187.87,1188.38,1188.97,1189.62,1190.34,1191.1,1191.92,1192.78,1193.69,1194.63,1195.61,1196.63,1197.67,1198.74,1199.84,1200.96,1202.1,1203.25,1204.43,1205.62,1206.83,1208.04,1209.27,1210.51,1211.76,1213.02,1214.29,1215.56,1216.84,1218.12,1219.41,1220.7,1221.99,1223.29,1224.59,1225.89,1227.19,1228.49,1229.8,1231.1,1232.41,1233.71,1235.02,1236.33,1237.63,1238.94,1240.24,1241.55,1242.85
2324.19,2555.42,2970.17,3748.4,4264.37,3657.22,2967.45,2501.72,2195.27,1984.79,1833.44,1720.31,1633.08,1564.11,1508.47,1462.83,1424.88,1392.97,1365.89,1342.71,1322.74,1305.45,1290.4,1277.24,1265.71,1255.58,1246.66,1238.79,1231.84,1225.7,1220.28,1215.5,1211.28,1207.57,1204.32,1201.47,1198.99,1196.84,1194.99,1193.41,1192.09,1190.98,1190.08,1189.37,1188.83,1188.44,1188.2,1188.09,1188.1,1188.22,1188.45,1188.76,1189.16,1189.64,1190.19,1190.81,1191.49,1192.22,1193.01,1193.84,1194.72,1195.64,1196.59,1197.58,1198.6,1199.65,1200.72,1201.82,1202.94,1204.08,1205.23,1206.41,1207.59,1208.79,1210.01,1211.23,1212.47,1213.71,1214.96,1216.22,1217.48,1218.75,1220.02,1221.3,1222.58,1223.87,1225.16,1226.45,1227.74,1229.03,1230.32,1231.62,1232.91,1234.21,1235.51,1236.8,1238.1,1239.4,1240.69,1241.99,1243.29
2310.11,2528.93,2909.28,3604.19,4169.91,3697.76,3026.18,2549.86,2232.43,2013.82,1856.67,1739.35,1649.02,1577.69,1520.22,1473.13,1434,1401.13,1373.24,1349.38,1328.84,1311.05,1295.57,1282.04,1270.17,1259.75,1250.56,1242.45,1235.29,1228.96,1223.37,1218.43,1214.07,1210.22,1206.84,1203.88,1201.29,1199.05,1197.11,1195.45,1194.04,1192.86,1191.89,1191.11,1190.51,1190.07,1189.77,1189.61,1189.57,1189.64,1189.82,1190.09,1190.45,1190.89,1191.41,1191.99,1192.64,1193.34,1194.1,1194.9,1195.75,1196.64,1197.57,1198.53,1199.53,1200.55,1201.61,1202.68,1203.78,1204.9,1206.04,1207.19,1208.36,1209.54,1210.74,1211.95,1213.17,1214.39,1215.63,1216.87,1218.12,1219.38,1220.64,1221.91,1223.17,1224.45,1225.72,1227,1228.28,1229.57,1230.85,1232.13,1233.42,1234.71,1235.99,1237.28,1238.57,1239.86,1241.15,1242.44,1243.72
2296.67,2504.23,2854.87,3478.47,4064.03,3723.35,3080.49,2596.96,2269.44,2042.92,1880.02,1758.51,1665.05,1591.35,1532.03,1483.47,1443.16,1409.32,1380.61,1356.08,1334.95,1316.66,1300.74,1286.83,1274.64,1263.91,1254.46,1246.12,1238.75,1232.23,1226.46,1221.35,1216.85,1212.87,1209.37,1206.29,1203.6,1201.25,1199.22,1197.48,1195.99,1194.73,1193.7,1192.85,1192.19,1191.69,1191.34,1191.12,1191.03,1191.06,1191.19,1191.42,1191.74,1192.14,1192.62,1193.17,1193.78,1194.45,1195.18,1195.96,1196.78,1197.64,1198.54,1199.48,1200.46,1201.46,1202.49,1203.54,1204.62,1205.72,1206.84,1207.97,1209.12,1210.29,1211.47,1212.66,1213.87,1215.08,1216.3,1217.53,1218.76,1220.01,1221.25,1222.51,1223.77,1225.03,1226.29,1227.56,1228.83,1230.1,1231.37,1232.65,1233.92,1235.2,1236.48,1237.76,1239.04,1240.32,1241.6,1242.88,1244.16
2283.81,2481.12,2805.87,3368.45,3952.81,3733.92,3129.59,2642.66,2306.13,2072.01,1903.44,1777.75,1681.17,1605.08,1543.9,1493.86,1452.36,1417.53,1388.01,1362.79,1341.08,1322.28,1305.93,1291.64,1279.11,1268.09,1258.37,1249.79,1242.2,1235.49,1229.54,1224.28,1219.63,1215.52,1211.89,1208.7,1205.9,1203.46,1201.34,1199.5,1197.94,1196.61,1195.5,1194.59,1193.86,1193.3,1192.9,1192.63,1192.49,1192.47,1192.56,1192.75,1193.03,1193.39,1193.84,1194.35,1194.93,1195.57,1196.26,1197.01,1197.8,1198.64,1199.52,1200.43,1201.38,1202.36,1203.37,1204.4,1205.46,1206.54,1207.64,1208.75,1209.89,1211.04,1212.2,1213.38,1214.56,1215.76,1216.97,1218.18,1219.4,1220.63,1221.87,1223.11,1224.35,1225.6,1226.86,1228.11,1229.37,1230.63,1231.9,1233.16,1234.43,1235.7,1236.96,1238.23,1239.5,1240.78,1242.05,1243.32,1244.59
2271.49,2459.43,2761.46,3271.63,3840.94,3730.09,3172.74,2686.58,2342.34,2101.01,1926.89,1797.04,1697.34,1618.86,1555.81,1504.29,1461.58,1425.77,1395.43,1369.52,1347.22,1327.92,1311.12,1296.45,1283.58,1272.26,1262.28,1253.46,1245.66,1238.75,1232.63,1227.21,1222.41,1218.16,1214.41,1211.1,1208.2,1205.66,1203.45,1201.53,1199.88,1198.48,1197.3,1196.33,1195.54,1194.92,1194.46,1194.14,1193.95,1193.89,1193.93,1194.08,1194.32,1194.64,1195.05,1195.53,1196.07,1196.68,1197.34,1198.06,1198.83,1199.64,1200.49,1201.38,1202.3,1203.26,1204.24,1205.26,1206.29,1207.35,1208.43,1209.53,1210.65,1211.78,1212.93,1214.09,1215.26,1216.44,1217.63,1218.83,1220.04,1221.26,1222.48,1223.71,1224.94,1226.18,1227.42,1228.67,1229.91,1231.16,1232.42,1233.67,1234.93,1236.19,1237.45,1238.71,1239.97,1241.23,1242.5,1243.76,1245.03
2259.68,2439.01,2720.97,3185.94,3731.77,3713.08,3209.36,2728.34,2377.89,2129.84,1950.32,1816.38,1713.56,1632.69,1567.76,1514.75,1470.84,1434.03,1402.87,1376.26,1353.37,1333.56,1316.33,1301.27,1288.06,1276.44,1266.19,1257.13,1249.12,1242.01,1235.72,1230.13,1225.18,1220.8,1216.93,1213.51,1210.5,1207.86,1205.55,1203.55,1201.82,1200.35,1199.1,1198.06,1197.21,1196.53,1196.02,1195.65,1195.41,1195.3,1195.3,1195.4,1195.6,1195.89,1196.26,1196.7,1197.21,1197.79,1198.42,1199.11,1199.85,1200.63,1201.46,1202.32,1203.22,1204.16,1205.12,1206.11,1207.13,1208.17,1209.23,1210.31,1211.41,1212.52,1213.65,1214.8,1215.95,1217.12,1218.3,1219.49,1220.68,1221.88,1223.09,1224.31,1225.53,1226.75,1227.98,1229.22,1230.46,1231.7,1232.94,1234.18,1235.43,1236.68,1237.93,1239.18,1240.43,1241.69,1242.94,1244.2,1245.46
2248.33,2419.74,2683.85,3109.64,3627.44,3684.54,3239,2767.57,2412.59,2158.4,1973.68,1835.71,1729.8,1646.54,1579.74,1525.23,1480.11,1442.31,1410.32,1383.01,1359.53,1339.21,1321.53,1306.09,1292.54,1280.62,1270.1,1260.81,1252.57,1245.27,1238.8,1233.06,1227.96,1223.44,1219.45,1215.91,1212.8,1210.06,1207.66,1205.57,1203.77,1202.21,1200.9,1199.79,1198.88,1198.14,1197.57,1197.15,1196.86,1196.7,1196.66,1196.72,1196.88,1197.13,1197.46,1197.87,1198.35,1198.89,1199.5,1200.16,1200.87,1201.62,1202.42,1203.26,1204.14,1205.05,1205.99,1206.96,1207.96,1208.98,1210.02,1211.08,1212.17,1213.26,1214.38,1215.51,1216.65,1217.8,1218.96,1220.13,1221.32,1222.51,1223.7,1224.91,1226.11,1227.33,1228.55,1229.77,1231,1232.23,1233.46,1234.69,1235.93,1237.17,1238.41,1239.65,1240.9,1242.14,1243.39,1244.64,1245.89
2237.42,2401.51,2649.67,3041.29,3529.18,3646.43,3261.4,2803.93,2446.26,2186.59,1996.93,1855.02,1746.06,1660.42,1591.75,1535.74,1489.41,1450.61,1417.78,1389.77,1365.69,1344.86,1326.74,1310.91,1297.02,1284.8,1274.01,1264.48,1256.03,1248.54,1241.88,1235.98,1230.74,1226.08,1221.96,1218.31,1215.09,1212.25,1209.76,1207.59,1205.7,1204.08,1202.69,1201.52,1200.54,1199.75,1199.12,1198.65,1198.31,1198.11,1198.02,1198.04,1198.16,1198.37,1198.67,1199.04,1199.49,1200,1200.57,1201.2,1201.89,1202.62,1203.39,1204.21,1205.06,1205.95,1206.87,1207.81,1208.79,1209.79,1210.81,1211.86,1212.92,1214,1215.1,1216.21,1217.34,1218.48,1219.62,1220.78,1221.95,1223.13,1224.31,1225.5,1226.7,1227.9,1229.11,1230.32,1231.54,1232.75,1233.98,1235.2,1236.43,1237.66,1238.89,1240.13,1241.36,1242.6,1243.84,1245.08,1246.32
2226.91,2384.23,2618.06,2979.72,3437.51,3600.8,3276.51,2837.09,2478.71,2214.32,2020.01,1874.28,1762.3,1674.31,1603.77,1546.26,1498.71,1458.91,1425.26,1396.54,1371.87,1350.52,1331.96,1315.74,1301.51,1288.98,1277.93,1268.15,1259.48,1251.79,1244.97,1238.9,1233.51,1228.72,1224.47,1220.71,1217.38,1214.44,1211.86,1209.61,1207.64,1205.94,1204.48,1203.24,1202.21,1201.36,1200.67,1200.15,1199.76,1199.51,1199.38,1199.35,1199.43,1199.61,1199.87,1200.21,1200.62,1201.1,1201.64,1202.25,1202.9,1203.6,1204.35,1205.14,1205.97,1206.84,1207.74,1208.66,1209.62,1210.6,1211.61,1212.63,1213.68,1214.74,1215.82,1216.92,1218.03,1219.15,1220.29,1221.43,1222.58,1223.75,1224.92,1226.1,1227.28,1228.47,1229.67,1230.87,1232.07,1233.28,1234.49,1235.71,1236.93,1238.15,1239.37,1240.6,1241.82,1243.05,1244.28,1245.52,1246.75
2216.79,2367.81,2588.7,2923.97,3352.52,3549.64,3284.44,2866.79,2509.75,2241.49,2042.85,1893.44,1778.52,1688.19,1615.79,1556.79,1508.03,1467.23,1432.74,1403.32,1378.05,1356.19,1337.17,1320.56,1305.99,1293.16,1281.84,1271.82,1262.94,1255.05,1248.05,1241.82,1236.28,1231.36,1226.98,1223.1,1219.67,1216.63,1213.96,1211.62,1209.57,1207.8,1206.27,1204.97,1203.87,1202.96,1202.22,1201.64,1201.21,1200.91,1200.73,1200.67,1200.71,1200.84,1201.07,1201.37,1201.75,1202.2,1202.71,1203.29,1203.91,1204.59,1205.31,1206.08,1206.89,1207.73,1208.61,1209.51,1210.45,1211.41,1212.39,1213.4,1214.43,1215.48,1216.54,1217.62,1218.72,1219.82,1220.94,1222.08,1223.22,1224.37,1225.52,1226.69,1227.86,1229.04,1230.23,1231.42,1232.61,1233.81,1235.01,1236.22,1237.43,1238.64,1239.85,1241.07,1242.29,1243.51,1244.73,1245.95,1247.18
2207.02,2352.19,2561.35,2873.23,3274.01,3494.76,3285.51,2892.79,2539.21,2267.99,2065.42,1912.48,1794.68,1702.05,1627.81,1567.33,1517.35,1475.55,1440.22,1410.1,1384.23,1361.85,1342.39,1325.39,1310.48,1297.34,1285.75,1275.49,1266.39,1258.31,1251.12,1244.73,1239.05,1233.99,1229.49,1225.5,1221.95,1218.82,1216.06,1213.63,1211.5,1209.65,1208.05,1206.68,1205.53,1204.56,1203.77,1203.14,1202.65,1202.31,1202.09,1201.98,1201.98,1202.08,1202.26,1202.53,1202.88,1203.3,1203.78,1204.33,1204.93,1205.58,1206.27,1207.02,1207.8,1208.62,1209.47,1210.36,1211.27,1212.22,1213.18,1214.17,1215.18,1216.21,1217.26,1218.33,1219.4,1220.5,1221.6,1222.72,1223.85,1224.98,1226.13,1227.28,1228.44,1229.61,1230.78,1231.96,1233.15,1234.33,1235.53,1236.72,1237.92,1239.12,1240.33,1241.54,1242.75,1243.96,1245.17,1246.39,1247.61
2197.59,2337.3,2535.78,2826.83,3201.62,3437.73,3280.18,2914.94,2566.91,2293.72,2087.64,1931.37,1810.77,1715.87,1639.81,1577.85,1526.67,1483.87,1447.71,1416.88,1390.41,1367.51,1347.61,1330.22,1314.96,1301.52,1289.66,1279.16,1269.84,1261.56,1254.2,1247.65,1241.81,1236.62,1231.99,1227.89,1224.24,1221.01,1218.15,1215.64,1213.43,1211.5,1209.84,1208.4,1207.18,1206.15,1205.31,1204.63,1204.09,1203.7,1203.44,1203.29,1203.25,1203.31,1203.46,1203.69,1204.01,1204.4,1204.85,1205.36,1205.93,1206.56,1207.23,1207.95,1208.71,1209.5,1210.34,1211.2,1212.1,1213.02,1213.97,1214.94,1215.93,1216.95,1217.98,1219.03,1220.09,1221.17,1222.26,1223.36,1224.48,1225.6,1226.73,1227.87,1229.02,1230.18,1231.34,1232.51,1233.68,1234.86,1236.04,1237.23,1238.42,1239.61,1240.81,1242,1243.2,1244.41,1245.61,1246.82,1248.03
2188.47,2323.08,2511.8,2784.23,3134.92,3379.86,3269.06,2933.14,2592.7,2318.58,2109.45,1950.06,1826.77,1729.66,1651.79,1588.37,1535.98,1492.19,1455.19,1423.66,1396.59,1373.18,1352.83,1335.04,1319.44,1305.7,1293.57,1282.82,1273.29,1264.81,1257.27,1250.56,1244.57,1239.24,1234.5,1230.27,1226.52,1223.19,1220.24,1217.64,1215.35,1213.35,1211.62,1210.12,1208.83,1207.75,1206.85,1206.11,1205.53,1205.09,1204.78,1204.59,1204.51,1204.54,1204.65,1204.85,1205.13,1205.49,1205.91,1206.4,1206.94,1207.54,1208.19,1208.88,1209.62,1210.39,1211.2,1212.04,1212.92,1213.82,1214.75,1215.71,1216.68,1217.68,1218.69,1219.73,1220.77,1221.84,1222.91,1224,1225.1,1226.22,1227.34,1228.46,1229.6,1230.75,1231.9,1233.05,1234.22,1235.38,1236.55,1237.73,1238.91,1240.09,1241.28,1242.47,1243.66,1244.86,1246.06,1247.26,1248.46
2179.65,2309.48,2489.26,2744.97,3073.44,3322.17,3252.81,2947.36,2616.46,2342.48,2130.8,1968.52,1842.65,1743.37,1663.74,1598.87,1545.28,1500.5,1462.67,1430.44,1402.76,1378.84,1358.04,1339.87,1323.92,1309.87,1297.47,1286.48,1276.73,1268.06,1260.34,1253.46,1247.33,1241.87,1236.99,1232.65,1228.79,1225.36,1222.33,1219.64,1217.27,1215.2,1213.39,1211.83,1210.48,1209.34,1208.38,1207.6,1206.97,1206.48,1206.13,1205.9,1205.78,1205.76,1205.84,1206.01,1206.26,1206.58,1206.97,1207.43,1207.95,1208.52,1209.14,1209.81,1210.52,1211.27,1212.06,1212.89,1213.74,1214.62,1215.53,1216.47,1217.43,1218.41,1219.41,1220.42,1221.46,1222.51,1223.57,1224.64,1225.73,1226.83,1227.94,1229.05,1230.18,1231.31,1232.45,1233.6,1234.75,1235.91,1237.07,1238.23,1239.4,1240.58,1241.76,1242.94,1244.12,1245.31,1246.5,1247.69,1248.88
2171.11,2296.46,2468.01,2708.64,3016.7,3265.43,3232.15,2957.65,2638.05,2365.31,2151.63,1986.72,1858.38,1757.01,1675.64,1609.34,1554.57,1508.8,1470.14,1437.21,1408.94,1384.5,1363.25,1344.68,1328.39,1314.05,1301.37,1290.14,1280.17,1271.3,1263.4,1256.37,1250.09,1244.48,1239.49,1235.03,1231.07,1227.54,1224.41,1221.64,1219.19,1217.04,1215.17,1213.53,1212.13,1210.93,1209.92,1209.08,1208.4,1207.87,1207.47,1207.2,1207.04,1206.98,1207.03,1207.16,1207.38,1207.67,1208.03,1208.46,1208.95,1209.49,1210.09,1210.74,1211.42,1212.15,1212.92,1213.72,1214.56,1215.42,1216.32,1217.23,1218.17,1219.14,1220.12,1221.12,1222.14,1223.17,1224.22,1225.28,1226.36,1227.44,1228.54,1229.64,1230.75,1231.88,1233,1234.14,1235.28,1236.43,1237.58,1238.73,1239.9,1241.06,1242.23,1243.4,1244.58,1245.76,1246.94,1248.12,1249.31
2162.84,2283.97,2447.94,2674.91,2964.27,3210.2,3207.8,2964.09,2657.39,2386.99,2171.88,2004.61,1873.96,1770.56,1687.49,1619.77,1563.83,1517.08,1477.61,1443.98,1415.1,1390.15,1368.45,1349.5,1332.86,1318.21,1305.26,1293.79,1283.6,1274.54,1266.47,1259.26,1252.84,1247.1,1241.98,1237.41,1233.33,1229.71,1226.49,1223.63,1221.11,1218.88,1216.94,1215.24,1213.77,1212.51,1211.45,1210.56,1209.83,1209.25,1208.81,1208.5,1208.3,1208.21,1208.21,1208.31,1208.49,1208.76,1209.09,1209.49,1209.95,1210.47,1211.04,1211.66,1212.33,1213.03,1213.78,1214.56,1215.38,1216.22,1217.09,1217.99,1218.92,1219.86,1220.83,1221.82,1222.82,1223.84,1224.87,1225.92,1226.98,1228.05,1229.14,1230.23,1231.33,1232.44,1233.56,1234.68,1235.81,1236.95,1238.09,1239.24,1240.39,1241.54,1242.7,1243.87,1245.03,1246.2,1247.38,1248.55,1249.73
2154.82,2271.98,2428.94,2643.5,2915.72,3156.87,3180.5,2966.87,2674.42,2407.45,2191.49,2022.16,1889.34,1784,1699.27,1630.17,1573.07,1525.35,1485.05,1450.73,1421.26,1395.79,1373.65,1354.31,1337.33,1322.37,1309.15,1297.44,1287.04,1277.78,1269.52,1262.16,1255.58,1249.71,1244.46,1239.78,1235.6,1231.88,1228.56,1225.62,1223.02,1220.72,1218.7,1216.94,1215.41,1214.1,1212.98,1212.03,1211.26,1210.63,1210.15,1209.79,1209.55,1209.42,1209.4,1209.46,1209.61,1209.84,1210.14,1210.52,1210.95,1211.44,1211.99,1212.58,1213.23,1213.91,1214.64,1215.4,1216.19,1217.02,1217.87,1218.75,1219.66,1220.59,1221.54,1222.51,1223.5,1224.5,1225.52,1226.56,1227.6,1228.66,1229.73,1230.81,1231.9,1233,1234.11,1235.22,1236.34,1237.47,1238.6,1239.73,1240.88,1242.02,1243.17,1244.33,1245.49,1246.65,1247.82,1248.98,1250.15
2147.04,2260.46,2410.91,2614.17,2870.69,3105.67,3150.89,2966.17,2689.1,2426.6,2210.4,2039.33,1904.51,1797.31,1710.98,1640.51,1582.28,1533.59,1492.48,1457.47,1427.41,1401.43,1378.84,1359.11,1341.79,1326.53,1313.04,1301.08,1290.46,1281.01,1272.57,1265.05,1258.33,1252.32,1246.95,1242.15,1237.86,1234.04,1230.63,1227.61,1224.92,1222.55,1220.47,1218.64,1217.05,1215.67,1214.5,1213.51,1212.68,1212.01,1211.48,1211.09,1210.81,1210.64,1210.58,1210.61,1210.72,1210.92,1211.2,1211.54,1211.95,1212.41,1212.93,1213.51,1214.12,1214.79,1215.49,1216.23,1217,1217.81,1218.65,1219.51,1220.4,1221.31,1222.25,1223.2,1224.18,1225.17,1226.17,1227.19,1228.22,1229.27,1230.33,1231.4,1232.47,1233.56,1234.66,1235.76,1236.87,1237.98,1239.11,1240.23,1241.37,1242.5,1243.65,1244.79,1245.94,1247.1,1248.25,1249.41,1250.58
2139.48,2249.37,2393.77,2586.69,2828.82,3056.73,3119.58,2962.27,2701.42,2444.4,2228.57,2056.1,1919.45,1810.49,1722.6,1650.8,1591.44,1541.81,1499.9,1464.19,1433.54,1407.05,1384.02,1363.9,1346.24,1330.68,1316.92,1304.72,1293.88,1284.23,1275.62,1267.93,1261.06,1254.92,1249.42,1244.51,1240.12,1236.2,1232.7,1229.59,1226.83,1224.38,1222.23,1220.33,1218.68,1217.25,1216.02,1214.98,1214.1,1213.39,1212.81,1212.38,1212.06,1211.85,1211.75,1211.75,1211.83,1212,1212.25,1212.56,1212.94,1213.38,1213.88,1214.42,1215.02,1215.66,1216.34,1217.06,1217.82,1218.6,1219.42,1220.27,1221.14,1222.04,1222.95,1223.89,1224.85,1225.83,1226.82,1227.82,1228.84,1229.88,1230.92,1231.98,1233.05,1234.12,1235.2,1236.3,1237.39,1238.5,1239.61,1240.73,1241.85,1242.98,1244.12,1245.25,1246.39,1247.54,1248.69,1249.84,1251
2132.14,2238.68,2377.46,2560.9,2789.82,3010.11,3087.13,2955.42,2711.4,2460.78,2245.95,2072.41,1934.12,1823.5,1734.12,1661.03,1600.56,1549.99,1507.28,1470.9,1439.66,1412.67,1389.2,1368.69,1350.68,1334.82,1320.79,1308.35,1297.3,1287.45,1278.66,1270.81,1263.8,1257.52,1251.9,1246.87,1242.37,1238.35,1234.77,1231.57,1228.73,1226.21,1223.98,1222.02,1220.31,1218.82,1217.54,1216.44,1215.52,1214.76,1214.14,1213.66,1213.31,1213.06,1212.93,1212.89,1212.94,1213.08,1213.29,1213.58,1213.93,1214.35,1214.82,1215.34,1215.91,1216.53,1217.19,1217.89,1218.63,1219.39,1220.19,1221.02,1221.88,1222.76,1223.66,1224.58,1225.53,1226.49,1227.46,1228.46,1229.46,1230.48,1231.52,1232.56,1233.61,1234.68,1235.75,1236.83,1237.92,1239.02,1240.12,1241.23,1242.34,1243.46,1244.58,1245.71,1246.85,1247.98,1249.12,1250.27,1251.42
2125,2228.38,2361.9,2536.62,2753.4,2965.8,3053.98,2945.94,2719.07,2475.7,2262.49,2088.24,1948.51,1836.34,1745.53,1671.18,1609.63,1558.14,1514.65,1477.58,1445.77,1418.27,1394.36,1373.46,1355.12,1338.95,1324.66,1311.98,1300.71,1290.66,1281.7,1273.69,1266.52,1260.11,1254.37,1249.22,1244.62,1240.5,1236.82,1233.54,1230.62,1228.03,1225.73,1223.71,1221.94,1220.39,1219.05,1217.91,1216.94,1216.13,1215.47,1214.95,1214.55,1214.27,1214.1,1214.03,1214.05,1214.15,1214.34,1214.6,1214.92,1215.31,1215.76,1216.26,1216.81,1217.4,1218.04,1218.72,1219.43,1220.18,1220.97,1221.78,1222.61,1223.48,1224.36,1225.27,1226.2,1227.14,1228.11,1229.09,1230.08,1231.09,1232.11,1233.14,1234.18,1235.24,1236.3,1237.37,1238.45,1239.53,1240.62,1241.72,1242.83,1243.94,1245.05,1246.17,1247.3,1248.43,1249.56,1250.7,1251.84
2118.06,2218.43,2347.04,2513.72,2719.33,2923.75,3020.53,2934.13,2724.52,2489.15,2278.15,2103.57,1962.6,1849,1756.81,1681.25,1618.65,1566.25,1521.98,1484.25,1451.85,1423.85,1399.5,1378.23,1359.54,1343.08,1328.52,1315.6,1304.11,1293.87,1284.73,1276.56,1269.25,1262.7,1256.83,1251.57,1246.86,1242.65,1238.88,1235.51,1232.51,1229.85,1227.48,1225.4,1223.56,1221.96,1220.57,1219.37,1218.35,1217.5,1216.79,1216.23,1215.79,1215.48,1215.27,1215.16,1215.15,1215.23,1215.38,1215.61,1215.91,1216.27,1216.69,1217.17,1217.7,1218.27,1218.89,1219.55,1220.24,1220.97,1221.73,1222.53,1223.35,1224.19,1225.06,1225.96,1226.87,1227.8,1228.75,1229.72,1230.7,1231.69,1232.7,1233.72,1234.75,1235.79,1236.84,1237.9,1238.97,1240.05,1241.13,1242.22,1243.31,1244.41,1245.52,1246.63,1247.75,1248.87,1249.99,1251.12,1252.26
2111.3,2208.82,2332.82,2492.08,2687.38,2883.89,2987.1,2920.29,2727.81,2501.11,2292.9,2118.34,1976.36,1861.45,1767.97,1691.24,1627.6,1574.32,1529.27,1490.88,1457.92,1429.42,1404.64,1382.98,1363.96,1347.19,1332.36,1319.21,1307.5,1297.07,1287.75,1279.42,1271.96,1265.28,1259.29,1253.92,1249.1,1244.79,1240.93,1237.48,1234.4,1231.66,1229.23,1227.08,1225.18,1223.52,1222.07,1220.83,1219.76,1218.86,1218.11,1217.51,1217.03,1216.68,1216.44,1216.3,1216.25,1216.3,1216.42,1216.62,1216.9,1217.23,1217.63,1218.08,1218.58,1219.14,1219.73,1220.37,1221.05,1221.76,1222.5,1223.28,1224.08,1224.91,1225.76,1226.64,1227.54,1228.46,1229.39,1230.34,1231.31,1232.29,1233.29,1234.3,1235.32,1236.35,1237.39,1238.44,1239.49,1240.56,1241.63,1242.71,1243.8,1244.89,1245.99,1247.09,1248.2,1249.31,1250.43,1251.55,1252.67
2104.71,2199.53,2319.21,2471.58,2657.37,2846.12,2953.97,2904.72,2729.06,2511.57,2306.71,2132.55,1989.77,1873.68,1778.98,1701.12,1636.49,1582.33,1536.54,1497.49,1463.96,1434.97,1409.76,1387.72,1368.36,1351.3,1336.2,1322.81,1310.89,1300.26,1290.77,1282.28,1274.67,1267.86,1261.74,1256.26,1251.34,1246.93,1242.98,1239.44,1236.29,1233.47,1230.97,1228.75,1226.8,1225.08,1223.58,1222.28,1221.17,1220.22,1219.43,1218.78,1218.27,1217.88,1217.6,1217.43,1217.35,1217.37,1217.46,1217.63,1217.88,1218.19,1218.56,1218.99,1219.47,1220,1220.57,1221.19,1221.85,1222.54,1223.27,1224.02,1224.81,1225.62,1226.46,1227.32,1228.21,1229.11,1230.03,1230.97,1231.93,1232.89,1233.88,1234.87,1235.88,1236.9,1237.93,1238.97,1240.01,1241.07,1242.13,1243.2,1244.28,1245.36,1246.45,1247.55,1248.65,1249.75,1250.86,1251.97,1253.09
2098.3,2190.54,2306.15,2452.14,2629.11,2810.34,2921.32,2887.7,2728.39,2520.54,2319.56,2146.16,2002.81,1885.67,1789.84,1710.9,1645.31,1590.29,1543.76,1504.07,1469.98,1440.5,1414.86,1392.44,1372.75,1355.39,1340.03,1326.4,1314.27,1303.45,1293.78,1285.13,1277.38,1270.43,1264.19,1258.59,1253.57,1249.06,1245.02,1241.4,1238.17,1235.28,1232.71,1230.43,1228.41,1226.63,1225.08,1223.73,1222.57,1221.58,1220.74,1220.06,1219.5,1219.08,1218.76,1218.56,1218.45,1218.43,1218.5,1218.64,1218.86,1219.14,1219.49,1219.9,1220.35,1220.86,1221.42,1222.01,1222.65,1223.32,1224.03,1224.77,1225.54,1226.34,1227.16,1228.01,1228.87,1229.76,1230.67,1231.6,1232.54,1233.49,1234.46,1235.45,1236.44,1237.45,1238.47,1239.5,1240.53,1241.58,1242.63,1243.69,1244.76,1245.84,1246.92,1248,1249.09,1250.19,1251.29,1252.4,1253.51
2092.05,2181.83,2293.61,2433.65,2602.47,2776.44,2889.32,2869.51,2725.94,2528.05,2331.42,2159.16,2015.46,1897.42,1800.54,1720.57,1654.04,1598.2,1550.94,1510.62,1475.97,1446.01,1419.94,1397.15,1377.13,1359.48,1343.85,1329.98,1317.64,1306.63,1296.79,1287.97,1280.08,1272.99,1266.63,1260.92,1255.79,1251.19,1247.06,1243.35,1240.04,1237.08,1234.44,1232.1,1230.02,1228.19,1226.58,1225.18,1223.97,1222.93,1222.05,1221.33,1220.74,1220.27,1219.92,1219.68,1219.54,1219.49,1219.53,1219.65,1219.84,1220.1,1220.42,1220.8,1221.24,1221.72,1222.25,1222.83,1223.45,1224.1,1224.79,1225.51,1226.27,1227.05,1227.85,1228.69,1229.54,1230.41,1231.31,1232.22,1233.15,1234.09,1235.05,1236.02,1237.01,1238,1239.01,1240.03,1241.05,1242.09,1243.13,1244.18,1245.24,1246.31,1247.38,1248.46,1249.54,1250.63,1251.72,1252.82,1253.92
2085.95,2173.39,2281.56,2416.06,2577.3,2744.31,2858.09,2850.39,2721.83,2534.13,2342.29,2171.51,2027.7,1908.9,1811.06,1730.12,1662.69,1606.04,1558.07,1517.13,1481.93,1451.49,1425.01,1401.84,1381.5,1363.55,1347.66,1333.56,1321,1309.8,1299.78,1290.81,1282.77,1275.55,1269.07,1263.24,1258.01,1253.31,1249.09,1245.3,1241.91,1238.88,1236.17,1233.76,1231.62,1229.73,1228.07,1226.62,1225.36,1224.28,1223.36,1222.59,1221.96,1221.46,1221.08,1220.81,1220.63,1220.55,1220.56,1220.65,1220.81,1221.05,1221.35,1221.7,1222.11,1222.58,1223.09,1223.65,1224.24,1224.88,1225.55,1226.26,1226.99,1227.76,1228.55,1229.36,1230.2,1231.06,1231.94,1232.84,1233.76,1234.69,1235.64,1236.6,1237.57,1238.55,1239.55,1240.56,1241.57,1242.6,1243.63,1244.67,1245.72,1246.78,1247.84,1248.91,1249.98,1251.06,1252.15,1253.24,1254.34
2080,2165.21,2269.96,2399.29,2553.48,2713.84,2827.72,2830.56,2716.21,2538.82,2352.16,2183.21,2039.52,1920.11,1821.39,1739.55,1671.25,1613.82,1565.15,1523.6,1487.87,1456.95,1430.05,1406.52,1385.84,1367.61,1351.46,1337.12,1324.35,1312.96,1302.77,1293.64,1285.45,1278.1,1271.5,1265.56,1260.23,1255.43,1251.12,1247.25,1243.78,1240.67,1237.9,1235.42,1233.22,1231.28,1229.56,1228.06,1226.76,1225.63,1224.67,1223.86,1223.19,1222.65,1222.23,1221.93,1221.72,1221.61,1221.59,1221.65,1221.79,1222,1222.27,1222.6,1222.99,1223.43,1223.93,1224.46,1225.04,1225.66,1226.31,1227,1227.72,1228.47,1229.24,1230.04,1230.87,1231.71,1232.58,1233.46,1234.37,1235.28,1236.22,1237.17,1238.13,1239.1,1240.09,1241.08,1242.09,1243.1,1244.13,1245.16,1246.2,1247.25,1248.3,1249.36,1250.43,1251.5,1252.58,1253.66,1254.75
2074.19,2157.27,2258.79,2383.27,2530.9,2684.92,2798.25,2810.21,2709.24,2542.17,2361.04,2194.24,2050.9,1931.03,1831.53,1748.83,1679.71,1621.53,1572.18,1530.03,1493.77,1462.39,1435.07,1411.18,1390.18,1371.65,1355.24,1340.67,1327.7,1316.11,1305.75,1296.46,1288.13,1280.65,1273.92,1267.87,1262.43,1257.54,1253.14,1249.19,1245.64,1242.46,1239.62,1237.08,1234.82,1232.82,1231.05,1229.5,1228.15,1226.97,1225.97,1225.12,1224.41,1223.84,1223.38,1223.04,1222.81,1222.67,1222.62,1222.65,1222.76,1222.94,1223.19,1223.5,1223.87,1224.29,1224.76,1225.27,1225.83,1226.43,1227.07,1227.74,1228.44,1229.17,1229.93,1230.72,1231.53,1232.36,1233.21,1234.08,1234.97,1235.88,1236.8,1237.74,1238.69,1239.65,1240.62,1241.61,1242.61,1243.61,1244.63,1245.65,1246.68,1247.72,1248.76,1249.81,1250.87,1251.94,1253.01,1254.08,1255.16
2068.51,2149.55,2248.02,2367.96,2509.46,2657.46,2769.73,2789.53,2701.05,2544.23,2368.92,2204.58,2061.83,1941.64,1841.47,1757.98,1688.07,1629.16,1579.15,1536.41,1499.63,1467.79,1440.07,1415.81,1394.49,1375.68,1359.02,1344.21,1331.03,1319.25,1308.72,1299.28,1290.8,1283.19,1276.34,1270.18,1264.64,1259.65,1255.16,1251.12,1247.5,1244.24,1241.33,1238.73,1236.41,1234.36,1232.54,1230.93,1229.53,1228.31,1227.27,1226.38,1225.63,1225.02,1224.53,1224.16,1223.89,1223.72,1223.64,1223.65,1223.73,1223.89,1224.11,1224.4,1224.74,1225.14,1225.59,1226.09,1226.63,1227.21,1227.82,1228.48,1229.16,1229.88,1230.62,1231.39,1232.19,1233,1233.84,1234.7,1235.58,1236.47,1237.38,1238.31,1239.24,1240.2,1241.16,1242.13,1243.12,1244.12,1245.12,1246.13,1247.16,1248.19,1249.22,1250.27,1251.32,1252.37,1253.43,1254.5,1255.57
2062.97,2142.05,2237.63,2353.3,2489.07,2631.35,2742.16,2768.66,2691.78,2545.08,2375.83,2214.24,2072.29,1951.94,1851.19,1766.98,1696.33,1636.71,1586.07,1542.75,1505.46,1473.17,1445.04,1420.43,1398.79,1379.69,1362.77,1347.74,1334.35,1322.39,1311.68,1302.08,1293.46,1285.72,1278.75,1272.48,1266.83,1261.75,1257.17,1253.05,1249.35,1246.02,1243.05,1240.38,1238,1235.89,1234.02,1232.36,1230.91,1229.65,1228.56,1227.63,1226.85,1226.2,1225.68,1225.27,1224.97,1224.77,1224.66,1224.64,1224.7,1224.83,1225.03,1225.29,1225.61,1225.99,1226.42,1226.9,1227.42,1227.98,1228.58,1229.21,1229.88,1230.58,1231.31,1232.06,1232.84,1233.65,1234.47,1235.32,1236.18,1237.06,1237.96,1238.87,1239.8,1240.74,1241.69,1242.66,1243.63,1244.62,1245.62,1246.62,1247.63,1248.65,1249.68,1250.72,1251.76,1252.81,1253.86,1254.92,1255.99
2057.55,2134.77,2227.59,2339.25,2469.67,2606.52,2715.57,2747.73,2681.58,2544.78,2381.77,2223.2,2082.28,1961.92,1860.69,1775.82,1704.47,1644.18,1592.92,1549.04,1511.25,1478.51,1449.99,1425.03,1403.07,1383.69,1366.52,1351.26,1337.66,1325.51,1314.63,1304.88,1296.12,1288.24,1281.15,1274.77,1269.02,1263.84,1259.18,1254.97,1251.2,1247.8,1244.75,1242.03,1239.59,1237.42,1235.49,1233.79,1232.29,1230.99,1229.85,1228.88,1228.06,1227.38,1226.82,1226.38,1226.05,1225.82,1225.68,1225.63,1225.66,1225.77,1225.94,1226.18,1226.48,1226.84,1227.25,1227.7,1228.2,1228.75,1229.33,1229.95,1230.6,1231.28,1231.99,1232.73,1233.5,1234.29,1235.1,1235.93,1236.78,1237.65,1238.54,1239.44,1240.36,1241.29,1242.23,1243.18,1244.15,1245.12,1246.11,1247.1,1248.11,1249.12,1250.14,1251.16,1252.2,1253.24,1254.29,1255.34,1256.4
2052.25,2127.67,2217.88,2325.76,2451.16,2582.87,2689.93,2726.85,2670.56,2543.39,2386.78,2231.47,2091.78,1971.57,1869.96,1784.5,1712.5,1651.57,1599.7,1555.28,1517,1483.83,1454.91,1429.6,1407.33,1387.67,1370.25,1354.76,1340.96,1328.62,1317.57,1307.67,1298.77,1290.76,1283.55,1277.06,1271.21,1265.93,1261.18,1256.89,1253.04,1249.57,1246.46,1243.67,1241.17,1238.94,1236.96,1235.21,1233.67,1232.32,1231.14,1230.13,1229.27,1228.55,1227.96,1227.49,1227.12,1226.86,1226.7,1226.62,1226.62,1226.71,1226.86,1227.07,1227.35,1227.68,1228.07,1228.51,1228.99,1229.51,1230.08,1230.68,1231.31,1231.98,1232.68,1233.4,1234.15,1234.93,1235.73,1236.55,1237.38,1238.24,1239.12,1240,1240.91,1241.83,1242.76,1243.7,1244.66,1245.62,1246.6,1247.59,1248.58,1249.58,1250.59,1251.61,1252.64,1253.67,1254.71,1255.75,1256.81
2047.06,2120.77,2208.49,2312.81,2433.5,2560.32,2665.23,2706.12,2658.86,2541,2390.88,2239.04,2100.79,1980.88,1878.99,1793,1720.4,1658.86,1606.42,1561.47,1522.71,1489.1,1459.81,1434.15,1411.57,1391.63,1373.96,1358.25,1344.24,1331.72,1320.51,1310.45,1301.4,1293.27,1285.94,1279.34,1273.38,1268.01,1263.17,1258.81,1254.87,1251.34,1248.16,1245.3,1242.75,1240.46,1238.43,1236.63,1235.04,1233.64,1232.43,1231.38,1230.48,1229.72,1229.1,1228.59,1228.2,1227.91,1227.71,1227.61,1227.59,1227.64,1227.77,1227.96,1228.22,1228.53,1228.89,1229.31,1229.77,1230.28,1230.83,1231.41,1232.03,1232.68,1233.36,1234.07,1234.81,1235.57,1236.35,1237.16,1237.98,1238.83,1239.69,1240.57,1241.46,1242.37,1243.29,1244.22,1245.17,1246.13,1247.09,1248.07,1249.05,1250.05,1251.05,1252.06,1253.08,1254.1,1255.13,1256.17,1257.21
2041.99,2114.05,2199.4,2300.35,2416.61,2538.81,2641.45,2685.61,2646.59,2537.69,2394.09,2245.93,2109.31,1989.83,1887.78,1801.34,1728.18,1666.06,1613.06,1567.6,1528.37,1494.34,1464.67,1438.67,1415.79,1395.58,1377.66,1361.73,1347.52,1334.81,1323.43,1313.22,1304.03,1295.77,1288.32,1281.61,1275.55,1270.09,1265.16,1260.72,1256.71,1253.1,1249.85,1246.93,1244.32,1241.98,1239.9,1238.05,1236.41,1234.97,1233.71,1232.62,1231.68,1230.89,1230.23,1229.69,1229.27,1228.95,1228.72,1228.59,1228.54,1228.57,1228.68,1228.85,1229.08,1229.37,1229.72,1230.11,1230.56,1231.04,1231.57,1232.14,1232.74,1233.38,1234.04,1234.74,1235.46,1236.21,1236.98,1237.77,1238.58,1239.42,1240.26,1241.13,1242.01,1242.91,1243.82,1244.74,1245.68,1246.63,1247.58,1248.55,1249.53,1250.51,1251.5,1252.51,1253.52,1254.53,1255.56,1256.59,1257.62
2037.02,2107.5,2190.59,2288.36,2400.45,2518.26,2618.56,2665.38,2633.84,2533.52,2396.45,2252.14,2117.33,1998.44,1896.31,1809.49,1735.82,1673.16,1619.63,1573.67,1533.99,1499.55,1469.5,1443.17,1419.99,1399.51,1381.34,1365.19,1350.78,1337.89,1326.34,1315.98,1306.65,1298.26,1290.7,1283.88,1277.72,1272.16,1267.15,1262.62,1258.53,1254.85,1251.54,1248.56,1245.89,1243.49,1241.36,1239.46,1237.77,1236.29,1234.99,1233.86,1232.88,1232.06,1231.36,1230.79,1230.33,1229.98,1229.73,1229.57,1229.5,1229.5,1229.58,1229.73,1229.94,1230.21,1230.54,1230.91,1231.34,1231.81,1232.32,1232.87,1233.45,1234.07,1234.72,1235.4,1236.11,1236.84,1237.6,1238.38,1239.18,1240,1240.84,1241.69,1242.56,1243.45,1244.35,1245.26,1246.19,1247.12,1248.07,1249.03,1250,1250.97,1251.96,1252.95,1253.95,1254.96,1255.98,1257,1258.03
2032.16,2101.11,2182.04,2276.8,2384.97,2498.62,2596.54,2645.48,2620.72,2528.57,2398.01,2257.67,2124.84,2006.68,1904.59,1817.46,1743.33,1680.16,1626.12,1579.68,1539.56,1504.71,1474.3,1447.64,1424.16,1403.41,1385.01,1368.63,1354.02,1340.96,1329.24,1318.73,1309.27,1300.75,1293.06,1286.13,1279.88,1274.23,1269.12,1264.51,1260.35,1256.6,1253.22,1250.18,1247.45,1245,1242.81,1240.86,1239.13,1237.61,1236.26,1235.09,1234.08,1233.22,1232.49,1231.88,1231.4,1231.02,1230.74,1230.55,1230.45,1230.43,1230.49,1230.61,1230.8,1231.05,1231.35,1231.71,1232.11,1232.57,1233.06,1233.59,1234.16,1234.76,1235.4,1236.07,1236.76,1237.48,1238.22,1238.99,1239.78,1240.58,1241.41,1242.25,1243.11,1243.99,1244.88,1245.78,1246.69,1247.62,1248.56,1249.51,1250.47,1251.43,1252.41,1253.4,1254.39,1255.39,1256.4,1257.41,1258.43
2027.39,2094.88,2173.75,2265.66,2370.12,2479.83,2575.34,2625.96,2607.31,2522.91,2398.78,2262.55,2131.86,2014.56,1912.61,1825.24,1750.69,1687.05,1632.54,1585.63,1545.08,1509.84,1479.07,1452.08,1428.31,1407.3,1388.66,1372.06,1357.26,1344.01,1332.13,1321.47,1311.87,1303.22,1295.42,1288.39,1282.03,1276.28,1271.09,1266.41,1262.17,1258.35,1254.9,1251.8,1249.01,1246.51,1244.27,1242.27,1240.49,1238.92,1237.54,1236.33,1235.28,1234.38,1233.61,1232.98,1232.46,1232.05,1231.74,1231.53,1231.4,1231.36,1231.39,1231.49,1231.66,1231.88,1232.17,1232.5,1232.89,1233.32,1233.8,1234.32,1234.87,1235.46,1236.08,1236.73,1237.41,1238.11,1238.84,1239.6,1240.37,1241.17,1241.98,1242.81,1243.66,1244.52,1245.4,1246.3,1247.2,1248.12,1249.05,1249.99,1250.94,1251.89,1252.86,1253.84,1254.82,1255.82,1256.82,1257.83,1258.84
2022.72,2088.8,2165.71,2254.9,2355.86,2461.83,2554.95,2606.84,2593.7,2516.63,2398.83,2266.79,2138.38,2022.07,1920.35,1832.82,1757.91,1693.83,1638.86,1591.52,1550.55,1514.92,1483.8,1456.5,1432.44,1411.16,1392.28,1375.48,1360.47,1347.05,1335.01,1324.19,1314.46,1305.69,1297.77,1290.63,1284.17,1278.34,1273.06,1268.29,1263.98,1260.09,1256.58,1253.41,1250.56,1248.01,1245.71,1243.67,1241.85,1240.23,1238.8,1237.56,1236.47,1235.53,1234.74,1234.07,1233.52,1233.08,1232.74,1232.5,1232.35,1232.28,1232.29,1232.37,1232.51,1232.72,1232.98,1233.3,1233.67,1234.08,1234.54,1235.04,1235.57,1236.15,1236.75,1237.39,1238.05,1238.74,1239.46,1240.2,1240.96,1241.75,1242.55,1243.37,1244.21,1245.06,1245.93,1246.81,1247.71,1248.61,1249.53,1250.46,1251.4,1252.35,1253.31,1254.28,1255.26,1256.24,1257.24,1258.24,1259.24
2018.15,2082.87,2157.89,2244.51,2342.16,2444.57,2535.32,2588.14,2579.94,2509.77,2398.18,2270.41,2144.4,2029.2,1927.83,1840.2,1764.99,1700.5,1645.1,1597.33,1555.96,1519.96,1488.5,1460.88,1436.54,1415.01,1395.89,1378.87,1363.68,1350.08,1337.88,1326.91,1317.04,1308.15,1300.12,1292.86,1286.31,1280.38,1275.02,1270.17,1265.79,1261.82,1258.25,1255.02,1252.11,1249.5,1247.16,1245.06,1243.2,1241.54,1240.07,1238.78,1237.66,1236.69,1235.85,1235.15,1234.57,1234.1,1233.74,1233.47,1233.3,1233.2,1233.18,1233.24,1233.36,1233.55,1233.79,1234.09,1234.44,1234.84,1235.28,1235.76,1236.28,1236.83,1237.42,1238.05,1238.7,1239.37,1240.08,1240.81,1241.56,1242.33,1243.12,1243.93,1244.75,1245.59,1246.45,1247.32,1248.21,1249.11,1250.02,1250.94,1251.87,1252.81,1253.76,1254.72,1255.69,1256.67,1257.66,1258.65,1259.65
2013.66,2077.07,2150.29,2234.46,2328.98,2428.01,2516.42,2569.88,2566.1,2502.42,2396.88,2273.41,2149.94,2035.97,1935.02,1847.38,1771.91,1707.06,1651.26,1603.08,1561.32,1524.96,1493.16,1465.24,1440.62,1418.83,1399.48,1382.26,1366.87,1353.09,1340.73,1329.62,1319.62,1310.59,1302.45,1295.09,1288.44,1282.42,1276.97,1272.04,1267.59,1263.55,1259.91,1256.62,1253.66,1250.99,1248.6,1246.46,1244.54,1242.84,1241.33,1240,1238.84,1237.84,1236.97,1236.24,1235.63,1235.13,1234.74,1234.44,1234.24,1234.12,1234.08,1234.11,1234.21,1234.38,1234.6,1234.88,1235.21,1235.59,1236.01,1236.48,1236.98,1237.52,1238.1,1238.7,1239.34,1240,1240.69,1241.41,1242.15,1242.9,1243.68,1244.48,1245.3,1246.13,1246.97,1247.84,1248.71,1249.6,1250.5,1251.41,1252.34,1253.27,1254.21,1255.16,1256.13,1257.09,1258.07,1259.06,1260.05
2009.26,2071.41,2142.89,2224.73,2316.28,2412.11,2498.21,2552.07,2552.23,2494.63,2394.98,2275.84,2154.99,2042.37,1941.95,1854.35,1778.68,1713.5,1657.32,1608.76,1566.62,1529.9,1497.78,1469.56,1444.66,1422.63,1403.06,1385.62,1370.04,1356.09,1343.57,1332.32,1322.18,1313.03,1304.78,1297.31,1290.56,1284.45,1278.92,1273.91,1269.38,1265.28,1261.57,1258.22,1255.2,1252.48,1250.04,1247.84,1245.88,1244.14,1242.59,1241.22,1240.02,1238.98,1238.08,1237.32,1236.68,1236.15,1235.73,1235.41,1235.18,1235.04,1234.97,1234.98,1235.06,1235.2,1235.41,1235.67,1235.98,1236.34,1236.75,1237.19,1237.68,1238.21,1238.77,1239.36,1239.98,1240.63,1241.31,1242.01,1242.73,1243.48,1244.25,1245.03,1245.84,1246.66,1247.5,1248.35,1249.21,1250.09,1250.98,1251.89,1252.8,1253.73,1254.66,1255.6,1256.56,1257.52,1258.49,1259.47,1260.45
2004.94,2065.87,2135.7,2215.32,2304.05,2396.83,2480.68,2534.71,2538.38,2486.46,2392.51,2277.7,2159.57,2048.4,1948.59,1861.11,1785.28,1719.82,1663.29,1614.36,1571.86,1534.81,1502.36,1473.85,1448.68,1426.4,1406.61,1388.96,1373.2,1359.08,1346.4,1335,1324.73,1315.46,1307.09,1299.52,1292.67,1286.47,1280.86,1275.77,1271.17,1267,1263.22,1259.82,1256.74,1253.96,1251.47,1249.23,1247.22,1245.43,1243.84,1242.44,1241.2,1240.13,1239.19,1238.4,1237.72,1237.17,1236.72,1236.37,1236.12,1235.95,1235.86,1235.85,1235.91,1236.03,1236.21,1236.45,1236.75,1237.09,1237.48,1237.91,1238.38,1238.89,1239.43,1240.01,1240.62,1241.26,1241.92,1242.61,1243.32,1244.06,1244.81,1245.59,1246.38,1247.19,1248.02,1248.86,1249.71,1250.58,1251.47,1252.36,1253.26,1254.18,1255.11,1256.04,1256.99,1257.94,1258.9,1259.88,1260.85
2000.7,2060.46,2128.7,2206.19,2292.25,2382.12,2463.78,2517.81,2524.59,2477.97,2389.52,2279.01,2163.68,2054.05,1954.95,1867.66,1791.73,1726.01,1669.16,1619.88,1577.04,1539.66,1506.91,1478.1,1452.68,1430.15,1410.13,1392.29,1376.34,1362.05,1349.22,1337.68,1327.27,1317.88,1309.4,1301.73,1294.78,1288.49,1282.79,1277.63,1272.95,1268.71,1264.87,1261.4,1258.27,1255.44,1252.89,1250.61,1248.56,1246.72,1245.09,1243.65,1242.38,1241.27,1240.3,1239.47,1238.77,1238.18,1237.71,1237.33,1237.05,1236.86,1236.75,1236.72,1236.75,1236.85,1237.02,1237.24,1237.51,1237.84,1238.21,1238.62,1239.08,1239.57,1240.1,1240.66,1241.26,1241.88,1242.53,1243.21,1243.91,1244.63,1245.37,1246.14,1246.92,1247.72,1248.54,1249.37,1250.21,1251.07,1251.95,1252.83,1253.73,1254.63,1255.55,1256.48,1257.42,1258.36,1259.32,1260.28,1261.25
1996.54,2055.16,2121.87,2197.35,2280.87,2367.97,2447.49,2501.37,2510.9,2469.2,2386.04,2279.82,2167.34,2059.35,1961.02,1873.99,1798.01,1732.08,1674.94,1625.33,1582.16,1544.46,1511.41,1482.32,1456.64,1433.88,1413.64,1395.6,1379.47,1365.01,1352.02,1340.34,1329.8,1320.29,1311.7,1303.92,1296.88,1290.5,1284.72,1279.48,1274.72,1270.42,1266.52,1262.99,1259.8,1256.91,1254.32,1251.98,1249.89,1248.01,1246.34,1244.86,1243.55,1242.4,1241.4,1240.54,1239.81,1239.2,1238.69,1238.29,1237.99,1237.77,1237.64,1237.58,1237.59,1237.67,1237.82,1238.02,1238.28,1238.58,1238.94,1239.33,1239.77,1240.25,1240.77,1241.31,1241.89,1242.5,1243.14,1243.81,1244.49,1245.2,1245.94,1246.69,1247.46,1248.25,1249.05,1249.88,1250.71,1251.56,1252.43,1253.3,1254.19,1255.09,1256,1256.92,1257.85,1258.79,1259.73,1260.69,1261.65
1992.46,2049.98,2115.22,2188.76,2269.86,2354.33,2431.77,2485.37,2497.33,2460.2,2382.12,2280.13,2170.55,2064.28,1966.82,1880.1,1804.13,1738.02,1680.61,1630.71,1587.22,1549.21,1515.87,1486.51,1460.57,1437.58,1417.13,1398.89,1382.57,1367.95,1354.81,1342.99,1332.32,1322.69,1313.99,1306.11,1298.97,1292.5,1286.64,1281.32,1276.49,1272.12,1268.16,1264.57,1261.32,1258.38,1255.74,1253.35,1251.21,1249.29,1247.58,1246.06,1244.72,1243.54,1242.5,1241.61,1240.85,1240.21,1239.68,1239.25,1238.92,1238.68,1238.52,1238.44,1238.43,1238.49,1238.62,1238.8,1239.04,1239.33,1239.66,1240.04,1240.47,1240.93,1241.43,1241.96,1242.53,1243.13,1243.75,1244.4,1245.08,1245.78,1246.5,1247.24,1248,1248.78,1249.57,1250.38,1251.21,1252.05,1252.9,1253.77,1254.65,1255.54,1256.44,1257.35,1258.28,1259.21,1260.15,1261.09,1262.05
1988.45,2044.91,2108.74,2180.43,2259.23,2341.18,2416.6,2469.82,2483.91,2451.01,2377.8,2279.98,2173.34,2068.85,1972.33,1886,1810.08,1743.84,1686.19,1636,1592.22,1553.91,1520.28,1490.66,1464.47,1441.25,1420.59,1402.16,1385.66,1370.88,1357.59,1345.62,1334.83,1325.08,1316.27,1308.29,1301.05,1294.5,1288.55,1283.15,1278.26,1273.82,1269.79,1266.14,1262.83,1259.85,1257.15,1254.72,1252.53,1250.57,1248.82,1247.26,1245.88,1244.67,1243.6,1242.68,1241.89,1241.21,1240.66,1240.2,1239.85,1239.58,1239.4,1239.3,1239.27,1239.31,1239.41,1239.58,1239.8,1240.07,1240.39,1240.75,1241.16,1241.61,1242.09,1242.61,1243.16,1243.75,1244.36,1245,1245.66,1246.35,1247.05,1247.78,1248.53,1249.3,1250.09,1250.89,1251.7,1252.54,1253.38,1254.24,1255.11,1255.99,1256.88,1257.79,1258.7,1259.63,1260.56,1261.5,1262.45
1984.51,2039.95,2102.41,2172.34,2248.94,2328.49,2401.96,2454.7,2470.66,2441.68,2373.11,2279.38,2175.7,2073.07,1977.56,1891.68,1815.86,1749.52,1691.66,1641.21,1597.14,1558.56,1524.66,1494.77,1468.35,1444.9,1424.03,1405.4,1388.74,1373.79,1360.35,1348.25,1337.33,1327.46,1318.54,1310.45,1303.13,1296.48,1290.45,1284.98,1280.01,1275.51,1271.42,1267.71,1264.35,1261.31,1258.56,1256.08,1253.85,1251.85,1250.06,1248.46,1247.05,1245.79,1244.7,1243.74,1242.92,1242.22,1241.63,1241.15,1240.77,1240.48,1240.28,1240.15,1240.1,1240.12,1240.21,1240.35,1240.55,1240.81,1241.11,1241.46,1241.85,1242.28,1242.75,1243.26,1243.8,1244.36,1244.96,1245.59,1246.24,1246.91,1247.61,1248.33,1249.07,1249.83,1250.6,1251.39,1252.2,1253.02,1253.86,1254.71,1255.57,1256.44,1257.33,1258.22,1259.13,1260.04,1260.97,1261.9,1262.85
1980.63,2035.08,2096.24,2164.47,2238.98,2316.24,2387.81,2440,2457.6,2432.23,2368.09,2278.37,2177.67,2076.95,1982.52,1897.14,1821.47,1755.06,1697.02,1646.33,1602,1563.15,1528.98,1498.85,1472.19,1448.52,1427.45,1408.63,1391.79,1376.68,1363.1,1350.86,1339.81,1329.83,1320.8,1312.61,1305.2,1298.46,1292.35,1286.8,1281.76,1277.19,1273.04,1269.27,1265.85,1262.76,1259.97,1257.44,1255.17,1253.12,1251.29,1249.66,1248.2,1246.92,1245.79,1244.8,1243.95,1243.22,1242.61,1242.1,1241.7,1241.38,1241.15,1241.01,1240.94,1240.94,1241,1241.13,1241.31,1241.55,1241.83,1242.16,1242.54,1242.96,1243.41,1243.9,1244.43,1244.98,1245.57,1246.18,1246.82,1247.48,1248.17,1248.88,1249.6,1250.35,1251.11,1251.9,1252.69,1253.51,1254.33,1255.17,1256.03,1256.89,1257.77,1258.66,1259.55,1260.46,1261.38,1262.31,1263.24
1976.83,2030.32,2090.21,2156.82,2229.33,2304.4,2374.14,2425.73,2444.73,2422.71,2362.77,2276.96,2179.24,2080.48,1987.19,1902.38,1826.91,1760.47,1702.28,1651.37,1606.8,1567.68,1533.26,1502.89,1475.99,1452.11,1430.84,1411.84,1394.83,1379.56,1365.83,1353.45,1342.29,1332.19,1323.05,1314.77,1307.25,1300.43,1294.24,1288.62,1283.51,1278.87,1274.65,1270.83,1267.36,1264.21,1261.37,1258.79,1256.48,1254.39,1252.52,1250.85,1249.36,1248.04,1246.88,1245.86,1244.98,1244.22,1243.58,1243.05,1242.62,1242.28,1242.03,1241.86,1241.77,1241.75,1241.79,1241.9,1242.06,1242.28,1242.55,1242.87,1243.23,1243.63,1244.07,1244.54,1245.06,1245.6,1246.17,1246.77,1247.4,1248.05,1248.72,1249.42,1250.14,1250.87,1251.63,1252.4,1253.19,1253.99,1254.81,1255.64,1256.48,1257.34,1258.21,1259.09,1259.98,1260.88,1261.79,1262.71,1263.64
1973.09,2025.64,2084.33,2149.37,2219.97,2292.96,2360.92,2411.85,2432.08,2413.13,2357.19,2275.19,2180.44,2083.69,1991.59,1907.41,1832.17,1765.75,1707.43,1656.33,1611.52,1572.16,1537.5,1506.88,1479.77,1455.67,1434.2,1415.02,1397.85,1382.42,1368.55,1356.04,1344.75,1334.53,1325.29,1316.91,1309.3,1302.4,1296.13,1290.43,1285.25,1280.54,1276.26,1272.38,1268.85,1265.66,1262.76,1260.14,1257.78,1255.66,1253.74,1252.03,1250.51,1249.16,1247.96,1246.91,1246,1245.22,1244.55,1243.99,1243.53,1243.17,1242.9,1242.71,1242.6,1242.56,1242.58,1242.67,1242.81,1243.02,1243.27,1243.57,1243.91,1244.3,1244.72,1245.19,1245.68,1246.21,1246.77,1247.36,1247.97,1248.61,1249.28,1249.96,1250.67,1251.39,1252.14,1252.9,1253.68,1254.47,1255.28,1256.1,1256.94,1257.79,1258.65,1259.52,1260.4,1261.3,1262.2,1263.11,1264.03
1969.41,2021.06,2078.57,2142.12,2210.89,2281.88,2348.13,2398.37,2419.65,2403.53,2351.38,2273.08,2181.28,2086.57,1995.73,1912.21,1837.26,1770.89,1712.48,1661.2,1616.17,1576.58,1541.68,1510.84,1483.5,1459.21,1437.55,1418.19,1400.84,1385.27,1371.25,1358.61,1347.19,1336.87,1327.52,1319.04,1311.34,1304.35,1298,1292.23,1286.98,1282.21,1277.87,1273.92,1270.34,1267.1,1264.15,1261.49,1259.08,1256.92,1254.97,1253.22,1251.66,1250.27,1249.04,1247.96,1247.02,1246.21,1245.51,1244.93,1244.45,1244.07,1243.77,1243.56,1243.42,1243.36,1243.37,1243.44,1243.56,1243.75,1243.98,1244.27,1244.6,1244.97,1245.38,1245.83,1246.31,1246.82,1247.37,1247.95,1248.55,1249.18,1249.83,1250.5,1251.2,1251.91,1252.65,1253.4,1254.17,1254.95,1255.75,1256.57,1257.39,1258.23,1259.09,1259.95,1260.82,1261.71,1262.61,1263.51,1264.43
1965.79,2016.57,2072.95,2135.06,2202.09,2271.16,2335.75,2385.27,2407.45,2393.92,2345.36,2270.65,2181.78,2089.14,1999.59,1916.8,1842.18,1775.89,1717.41,1665.98,1620.75,1580.94,1545.82,1514.76,1487.21,1462.71,1440.86,1421.33,1403.82,1388.09,1373.94,1361.17,1349.63,1339.19,1329.74,1321.16,1313.37,1306.3,1299.87,1294.02,1288.7,1283.87,1279.47,1275.47,1271.83,1268.53,1265.54,1262.83,1260.38,1258.17,1256.18,1254.4,1252.8,1251.38,1250.12,1249.01,1248.04,1247.2,1246.48,1245.87,1245.36,1244.95,1244.64,1244.4,1244.25,1244.16,1244.15,1244.2,1244.31,1244.48,1244.7,1244.96,1245.28,1245.63,1246.03,1246.46,1246.93,1247.44,1247.97,1248.53,1249.12,1249.74,1250.38,1251.04,1251.73,1252.43,1253.16,1253.9,1254.66,1255.43,1256.22,1257.03,1257.85,1258.68,1259.52,1260.38,1261.25,1262.12,1263.01,1263.91,1264.82
1962.23,2012.17,2067.45,2128.18,2193.53,2260.78,2323.76,2372.54,2395.48,2384.34,2339.16,2267.92,2181.95,2091.4,2003.19,1921.17,1846.93,1780.75,1722.23,1670.67,1625.26,1585.24,1549.91,1518.63,1490.88,1466.19,1444.15,1424.45,1406.78,1390.9,1376.61,1363.71,1352.05,1341.51,1331.95,1323.27,1315.4,1308.24,1301.73,1295.81,1290.42,1285.52,1281.06,1277,1273.31,1269.96,1266.92,1264.17,1261.67,1259.42,1257.4,1255.57,1253.94,1252.49,1251.2,1250.06,1249.06,1248.19,1247.44,1246.8,1246.27,1245.84,1245.5,1245.25,1245.07,1244.97,1244.93,1244.97,1245.06,1245.21,1245.41,1245.66,1245.96,1246.3,1246.68,1247.1,1247.56,1248.05,1248.57,1249.12,1249.7,1250.3,1250.93,1251.58,1252.26,1252.95,1253.66,1254.4,1255.15,1255.91,1256.69,1257.49,1258.3,1259.12,1259.96,1260.81,1261.67,1262.54,1263.42,1264.31,1265.21
1958.73,2007.84,2062.07,2121.47,2185.22,2250.71,2312.15,2360.16,2383.74,2374.79,2332.8,2264.92,2181.81,2093.36,2006.53,1925.32,1851.5,1785.47,1726.94,1675.27,1629.69,1589.48,1553.94,1522.47,1494.51,1469.63,1447.42,1427.54,1409.72,1393.7,1379.26,1366.24,1354.46,1343.81,1334.14,1325.38,1317.41,1310.17,1303.58,1297.59,1292.13,1287.17,1282.65,1278.53,1274.79,1271.39,1268.3,1265.5,1262.96,1260.67,1258.61,1256.75,1255.08,1253.59,1252.27,1251.1,1250.07,1249.17,1248.4,1247.74,1247.18,1246.73,1246.36,1246.09,1245.89,1245.77,1245.71,1245.73,1245.8,1245.93,1246.12,1246.35,1246.64,1246.96,1247.33,1247.74,1248.18,1248.65,1249.16,1249.7,1250.27,1250.86,1251.48,1252.12,1252.78,1253.47,1254.17,1254.89,1255.63,1256.39,1257.16,1257.95,1258.75,1259.57,1260.4,1261.24,1262.09,1262.95,1263.82,1264.71,1265.6
1955.29,2003.6,2056.81,2114.93,2177.14,2240.95,2300.89,2348.14,2372.24,2365.29,2326.32,2261.67,2181.38,2095.03,2009.62,1929.27,1855.89,1790.06,1731.54,1679.77,1634.05,1593.66,1557.93,1526.26,1498.11,1473.04,1450.66,1430.62,1412.64,1396.47,1381.9,1368.75,1356.86,1346.09,1336.33,1327.47,1319.42,1312.09,1305.43,1299.36,1293.84,1288.81,1284.23,1280.05,1276.26,1272.81,1269.67,1266.83,1264.25,1261.92,1259.81,1257.92,1256.21,1254.69,1253.34,1252.14,1251.08,1250.15,1249.35,1248.67,1248.09,1247.61,1247.22,1246.92,1246.71,1246.56,1246.49,1246.49,1246.54,1246.66,1246.83,1247.05,1247.31,1247.62,1247.98,1248.37,1248.8,1249.26,1249.76,1250.28,1250.84,1251.42,1252.02,1252.65,1253.31,1253.98,1254.68,1255.39,1256.12,1256.87,1257.63,1258.41,1259.2,1260.01,1260.83,1261.66,1262.51,1263.36,1264.23,1265.11,1265.99
1951.9,1999.43,2051.66,2108.54,2169.28,2231.47,2289.97,2336.44,2360.98,2355.86,2319.72,2258.19,2180.66,2096.43,2012.46,1933,1860.12,1794.5,1736.03,1684.19,1638.34,1597.78,1561.87,1530,1501.67,1476.42,1453.87,1433.67,1415.53,1399.22,1384.52,1371.25,1359.25,1348.37,1338.51,1329.55,1321.41,1314.01,1307.27,1301.13,1295.54,1290.44,1285.8,1281.57,1277.72,1274.22,1271.04,1268.15,1265.53,1263.16,1261.01,1259.08,1257.34,1255.79,1254.4,1253.17,1252.08,1251.13,1250.3,1249.59,1248.99,1248.49,1248.08,1247.76,1247.52,1247.36,1247.27,1247.24,1247.28,1247.38,1247.53,1247.74,1247.99,1248.28,1248.62,1249,1249.42,1249.87,1250.35,1250.86,1251.4,1251.97,1252.57,1253.19,1253.83,1254.5,1255.18,1255.88,1256.6,1257.34,1258.1,1258.87,1259.65,1260.45,1261.26,1262.09,1262.92,1263.77,1264.63,1265.5,1266.38
1948.56,1995.34,2046.61,2102.31,2161.63,2222.28,2279.37,2325.07,2349.95,2346.5,2313.04,2254.5,2179.68,2097.56,2015.06,1936.53,1864.17,1798.8,1740.4,1688.52,1642.55,1601.84,1565.75,1533.71,1505.2,1479.77,1457.05,1436.69,1418.41,1401.96,1387.13,1373.74,1361.62,1350.64,1340.67,1331.62,1323.4,1315.91,1309.1,1302.89,1297.23,1292.07,1287.37,1283.09,1279.18,1275.63,1272.4,1269.47,1266.8,1264.39,1262.21,1260.24,1258.47,1256.88,1255.46,1254.2,1253.09,1252.11,1251.25,1250.52,1249.89,1249.36,1248.93,1248.59,1248.33,1248.15,1248.04,1248,1248.02,1248.1,1248.24,1248.42,1248.66,1248.94,1249.27,1249.63,1250.03,1250.47,1250.94,1251.44,1251.97,1252.53,1253.11,1253.72,1254.36,1255.01,1255.68,1256.38,1257.09,1257.82,1258.56,1259.33,1260.1,1260.89,1261.7,1262.51,1263.34,1264.18,1265.03,1265.9,1266.77
1945.27,1991.32,2041.67,2096.22,2154.18,2213.34,2269.09,2314,2339.15,2337.24,2306.28,2250.62,2178.44,2098.43,2017.42,1939.85,1868.06,1802.97,1744.65,1692.75,1646.68,1605.83,1569.58,1537.37,1508.68,1483.09,1460.21,1439.69,1421.27,1404.68,1389.72,1376.2,1363.97,1352.89,1342.83,1333.69,1325.37,1317.81,1310.92,1304.64,1298.91,1293.69,1288.93,1284.59,1280.64,1277.04,1273.76,1270.78,1268.08,1265.62,1263.4,1261.4,1259.59,1257.97,1256.52,1255.23,1254.09,1253.08,1252.2,1251.44,1250.79,1250.24,1249.79,1249.42,1249.14,1248.94,1248.81,1248.75,1248.76,1248.82,1248.94,1249.11,1249.33,1249.6,1249.91,1250.26,1250.65,1251.07,1251.53,1252.02,1252.54,1253.08,1253.66,1254.26,1254.88,1255.52,1256.18,1256.87,1257.57,1258.29,1259.03,1259.78,1260.55,1261.33,1262.13,1262.94,1263.76,1264.59,1265.44,1266.29,1267.16
1942.03,1987.37,2036.83,2090.28,2146.93,2204.66,2259.1,2303.24,2328.59,2328.07,2299.47,2246.56,2176.98,2099.05,2019.55,1942.97,1871.77,1806.99,1748.8,1696.89,1650.74,1609.76,1573.36,1540.98,1512.13,1486.38,1463.33,1442.67,1424.1,1407.38,1392.29,1378.66,1366.32,1355.13,1344.97,1335.74,1327.34,1319.7,1312.73,1306.38,1300.59,1295.31,1290.49,1286.09,1282.09,1278.44,1275.11,1272.09,1269.34,1266.85,1264.59,1262.55,1260.71,1259.06,1257.58,1256.26,1255.08,1254.05,1253.14,1252.36,1251.68,1251.11,1250.64,1250.25,1249.95,1249.73,1249.58,1249.51,1249.49,1249.54,1249.64,1249.8,1250,1250.25,1250.55,1250.89,1251.26,1251.67,1252.12,1252.59,1253.1,1253.64,1254.2,1254.79,1255.4,1256.03,1256.69,1257.36,1258.05,1258.76,1259.49,1260.24,1261,1261.77,1262.56,1263.36,1264.17,1265,1265.84,1266.69,1267.55
1938.84,1983.49,2032.08,2084.47,2139.86,2196.21,2249.4,2292.77,2318.25,2319.01,2292.62,2242.35,2175.29,2099.43,2021.46,1945.9,1875.32,1810.88,1752.83,1700.93,1654.72,1613.62,1577.08,1544.55,1515.54,1489.63,1466.43,1445.62,1426.91,1410.06,1394.85,1381.1,1368.65,1357.35,1347.1,1337.78,1329.3,1321.57,1314.53,1308.11,1302.26,1296.91,1292.04,1287.59,1283.53,1279.83,1276.46,1273.4,1270.61,1268.07,1265.78,1263.7,1261.83,1260.14,1258.63,1257.28,1256.08,1255.02,1254.09,1253.27,1252.57,1251.98,1251.48,1251.08,1250.76,1250.52,1250.35,1250.26,1250.22,1250.25,1250.34,1250.48,1250.67,1250.91,1251.19,1251.51,1251.87,1252.27,1252.7,1253.17,1253.66,1254.19,1254.74,1255.32,1255.92,1256.54,1257.18,1257.85,1258.53,1259.24,1259.96,1260.69,1261.44,1262.21,1262.99,1263.78,1264.59,1265.41,1266.24,1267.08,1267.93
1935.7,1979.68,2027.43,2078.78,2132.96,2188,2239.97,2282.57,2308.14,2310.05,2285.75,2238,2173.39,2099.59,2023.15,1948.63,1878.71,1814.63,1756.74,1704.88,1658.62,1617.42,1580.75,1548.07,1518.91,1492.85,1469.5,1448.55,1429.7,1412.72,1397.39,1383.52,1370.96,1359.57,1349.22,1339.81,1331.25,1323.44,1316.33,1309.84,1303.92,1298.52,1293.58,1289.08,1284.97,1281.22,1277.81,1274.7,1271.86,1269.29,1266.96,1264.85,1262.94,1261.22,1259.68,1258.3,1257.07,1255.98,1255.02,1254.19,1253.46,1252.85,1252.33,1251.9,1251.56,1251.3,1251.12,1251,1250.95,1250.97,1251.04,1251.16,1251.34,1251.56,1251.83,1252.13,1252.48,1252.87,1253.29,1253.74,1254.23,1254.74,1255.28,1255.84,1256.44,1257.05,1257.68,1258.34,1259.01,1259.71,1260.42,1261.14,1261.89,1262.65,1263.42,1264.2,1265,1265.81,1266.64,1267.47,1268.32
1932.61,1975.93,2022.86,2073.23,2126.24,2180.01,2230.8,2272.65,2298.25,2301.22,2278.86,2233.52,2171.31,2099.53,2024.62,1951.17,1881.93,1818.24,1760.54,1708.74,1662.44,1621.16,1584.36,1551.55,1522.25,1496.03,1472.54,1451.45,1432.47,1415.36,1399.91,1385.93,1373.26,1361.77,1351.33,1341.83,1333.19,1325.3,1318.12,1311.56,1305.58,1300.11,1295.12,1290.56,1286.4,1282.61,1279.14,1275.99,1273.12,1270.51,1268.14,1265.99,1264.05,1262.3,1260.72,1259.31,1258.06,1256.94,1255.96,1255.1,1254.35,1253.71,1253.17,1252.72,1252.36,1252.08,1251.88,1251.75,1251.68,1251.68,1251.73,1251.84,1252,1252.21,1252.46,1252.76,1253.09,1253.47,1253.87,1254.31,1254.79,1255.29,1255.82,1256.37,1256.95,1257.56,1258.18,1258.83,1259.49,1260.18,1260.88,1261.6,1262.33,1263.08,1263.85,1264.62,1265.41,1266.22,1267.04,1267.86,1268.7
1929.56,1972.24,2018.38,2067.79,2119.67,2172.22,2221.88,2262.98,2288.58,2292.5,2271.97,2228.94,2169.04,2099.26,2025.9,1953.53,1884.99,1821.72,1764.23,1712.5,1666.18,1624.83,1587.92,1554.98,1525.54,1499.18,1475.55,1454.32,1435.21,1417.98,1402.41,1388.32,1375.55,1363.96,1353.43,1343.84,1335.11,1327.16,1319.9,1313.27,1307.22,1301.7,1296.65,1292.04,1287.83,1283.99,1280.48,1277.28,1274.37,1271.72,1269.31,1267.13,1265.15,1263.37,1261.77,1260.33,1259.04,1257.9,1256.89,1256.01,1255.24,1254.57,1254.01,1253.54,1253.16,1252.86,1252.64,1252.49,1252.41,1252.39,1252.43,1252.52,1252.66,1252.86,1253.1,1253.38,1253.7,1254.06,1254.46,1254.88,1255.35,1255.84,1256.35,1256.9,1257.47,1258.06,1258.68,1259.31,1259.97,1260.64,1261.34,1262.05,1262.77,1263.52,1264.27,1265.04,1265.83,1266.62,1267.43,1268.25,1269.09
1926.55,1968.62,2013.99,2062.47,2113.27,2164.64,2213.19,2253.56,2279.12,2283.91,2265.09,2224.25,2166.6,2098.8,2026.97,1955.7,1887.89,1825.06,1767.81,1716.16,1669.85,1628.43,1591.43,1558.36,1528.79,1502.3,1478.53,1457.17,1437.93,1420.58,1404.89,1390.69,1377.82,1366.13,1355.51,1345.84,1337.03,1329,1321.67,1314.98,1308.86,1303.28,1298.18,1293.51,1289.25,1285.36,1281.81,1278.57,1275.61,1272.92,1270.48,1268.26,1266.25,1264.44,1262.81,1261.34,1260.02,1258.86,1257.82,1256.91,1256.12,1255.43,1254.85,1254.36,1253.96,1253.64,1253.4,1253.23,1253.13,1253.09,1253.12,1253.19,1253.32,1253.5,1253.73,1254,1254.31,1254.65,1255.04,1255.45,1255.9,1256.38,1256.89,1257.42,1257.98,1258.57,1259.17,1259.8,1260.45,1261.11,1261.8,1262.5,1263.22,1263.95,1264.7,1265.46,1266.24,1267.03,1267.83,1268.64,1269.47
1923.59,1965.05,2009.68,2057.26,2107.01,2157.25,2204.74,2244.38,2269.87,2275.45,2258.23,2219.49,2164.02,2098.15,2027.86,1957.7,1890.63,1828.26,1771.27,1719.74,1673.44,1631.97,1594.88,1561.7,1532,1505.38,1481.48,1459.99,1440.63,1423.16,1407.36,1393.05,1380.08,1368.3,1357.58,1347.83,1338.94,1330.83,1323.43,1316.67,1310.5,1304.85,1299.69,1294.98,1290.67,1286.73,1283.13,1279.85,1276.85,1274.13,1271.65,1269.39,1267.35,1265.51,1263.84,1262.34,1261,1259.81,1258.75,1257.81,1257,1256.29,1255.68,1255.18,1254.75,1254.42,1254.16,1253.97,1253.85,1253.8,1253.81,1253.87,1253.98,1254.15,1254.36,1254.61,1254.91,1255.24,1255.62,1256.02,1256.46,1256.93,1257.42,1257.95,1258.5,1259.07,1259.66,1260.28,1260.92,1261.58,1262.25,1262.95,1263.66,1264.38,1265.12,1265.88,1266.65,1267.43,1268.23,1269.03,1269.85
1920.66,1961.54,2005.45,2052.16,2100.9,2150.04,2196.51,2235.44,2260.82,2267.11,2251.39,2214.64,2161.28,2097.32,2028.56,1959.52,1893.22,1831.34,1774.62,1723.22,1676.94,1635.44,1598.27,1564.99,1535.17,1508.43,1484.41,1462.79,1443.31,1425.72,1409.81,1395.4,1382.32,1370.45,1359.64,1349.8,1340.84,1332.66,1325.19,1318.36,1312.12,1306.42,1301.21,1296.44,1292.08,1288.09,1284.45,1281.12,1278.09,1275.32,1272.81,1270.52,1268.45,1266.57,1264.87,1263.35,1261.98,1260.76,1259.67,1258.71,1257.87,1257.14,1256.52,1255.99,1255.55,1255.19,1254.91,1254.71,1254.57,1254.5,1254.49,1254.54,1254.64,1254.79,1254.99,1255.23,1255.51,1255.84,1256.19,1256.59,1257.01,1257.47,1257.96,1258.47,1259.01,1259.57,1260.16,1260.77,1261.39,1262.04,1262.71,1263.39,1264.1,1264.81,1265.55,1266.3,1267.06,1267.83,1268.62,1269.42,1270.23
1917.78,1958.09,2001.29,2047.16,2094.93,2143.02,2188.48,2226.72,2251.97,2258.91,2244.59,2209.74,2158.42,2096.32,2029.08,1961.18,1895.66,1834.28,1777.86,1726.6,1680.37,1638.84,1601.61,1568.23,1538.3,1511.44,1487.3,1465.56,1445.96,1428.25,1412.24,1397.72,1384.55,1372.58,1361.69,1351.77,1342.72,1334.47,1326.93,1320.04,1313.74,1307.98,1302.71,1297.89,1293.48,1289.45,1285.76,1282.39,1279.32,1276.52,1273.96,1271.64,1269.53,1267.63,1265.9,1264.35,1262.95,1261.7,1260.59,1259.61,1258.75,1258,1257.35,1256.8,1256.34,1255.96,1255.67,1255.44,1255.29,1255.21,1255.18,1255.21,1255.3,1255.43,1255.62,1255.84,1256.11,1256.42,1256.77,1257.15,1257.57,1258.01,1258.49,1258.99,1259.52,1260.07,1260.65,1261.25,1261.87,1262.51,1263.17,1263.84,1264.54,1265.25,1265.97,1266.71,1267.47,1268.23,1269.01,1269.81,1270.61
1914.94,1954.69,1997.21,2042.26,2089.09,2136.16,2180.67,2218.21,2243.31,2250.83,2237.82,2204.79,2155.44,2095.16,2029.43,1962.67,1897.96,1837.1,1780.99,1729.9,1683.72,1642.18,1604.89,1571.42,1541.39,1514.42,1490.15,1468.3,1448.59,1430.77,1414.65,1400.03,1386.76,1374.7,1363.73,1353.72,1344.6,1336.27,1328.67,1321.71,1315.35,1309.53,1304.21,1299.34,1294.88,1290.8,1287.07,1283.66,1280.55,1277.71,1275.12,1272.76,1270.62,1268.68,1266.93,1265.34,1263.92,1262.65,1261.51,1260.5,1259.62,1258.84,1258.18,1257.6,1257.12,1256.73,1256.42,1256.18,1256.01,1255.91,1255.86,1255.88,1255.95,1256.07,1256.24,1256.46,1256.71,1257.01,1257.35,1257.72,1258.12,1258.55,1259.02,1259.51,1260.03,1260.57,1261.14,1261.73,1262.34,1262.97,1263.62,1264.29,1264.97,1265.68,1266.39,1267.13,1267.87,1268.63,1269.41,1270.19,1270.99
1912.14,1951.34,1993.2,2037.46,2083.38,2129.47,2173.04,2209.91,2234.84,2242.89,2231.11,2199.8,2152.34,2093.86,2029.62,1964.01,1900.11,1839.79,1784.01,1733.09,1687,1645.45,1608.11,1574.57,1544.44,1517.36,1492.98,1471.02,1451.19,1433.27,1417.04,1402.32,1388.96,1376.81,1365.75,1355.67,1346.47,1338.07,1330.39,1323.38,1316.96,1311.08,1305.7,1300.78,1296.27,1292.15,1288.37,1284.92,1281.77,1278.89,1276.27,1273.88,1271.7,1269.73,1267.95,1266.34,1264.89,1263.59,1262.43,1261.4,1260.49,1259.69,1259,1258.41,1257.91,1257.5,1257.17,1256.91,1256.72,1256.6,1256.55,1256.55,1256.6,1256.71,1256.87,1257.07,1257.31,1257.6,1257.92,1258.28,1258.67,1259.09,1259.55,1260.03,1260.54,1261.07,1261.63,1262.21,1262.81,1263.43,1264.07,1264.73,1265.41,1266.1,1266.81,1267.54,1268.28,1269.03,1269.8,1270.58,1271.37
1909.37,1948.04,1989.26,2032.75,2077.79,2122.93,2165.6,2201.81,2226.56,2235.08,2224.44,2194.77,2149.15,2092.41,2029.65,1965.19,1902.11,1842.35,1786.92,1736.2,1690.19,1648.66,1611.28,1577.66,1547.45,1520.26,1495.78,1473.7,1453.77,1435.74,1419.41,1404.6,1391.14,1378.91,1367.76,1357.6,1348.32,1339.85,1332.11,1325.03,1318.55,1312.62,1307.19,1302.21,1297.66,1293.49,1289.67,1286.18,1282.98,1280.07,1277.41,1274.99,1272.78,1270.78,1268.97,1267.33,1265.85,1264.52,1263.34,1262.28,1261.35,1260.54,1259.82,1259.21,1258.69,1258.26,1257.91,1257.64,1257.43,1257.3,1257.23,1257.21,1257.25,1257.35,1257.49,1257.68,1257.91,1258.18,1258.49,1258.84,1259.22,1259.63,1260.07,1260.54,1261.04,1261.57,1262.12,1262.69,1263.28,1263.89,1264.53,1265.18,1265.85,1266.53,1267.23,1267.95,1268.68,1269.43,1270.19,1270.97,1271.75
1906.64,1944.79,1985.38,2028.14,2072.32,2116.55,2158.34,2193.91,2218.46,2227.4,2217.83,2189.72,2145.86,2090.83,2029.53,1966.22,1903.98,1844.79,1789.73,1739.22,1693.3,1651.8,1614.39,1580.71,1550.41,1523.13,1498.55,1476.37,1456.33,1438.2,1421.77,1406.86,1393.31,1380.99,1369.76,1359.52,1350.17,1341.63,1333.82,1326.68,1320.14,1314.15,1308.66,1303.64,1299.04,1294.82,1290.96,1287.43,1284.2,1281.24,1278.55,1276.09,1273.86,1271.82,1269.98,1268.31,1266.81,1265.46,1264.25,1263.17,1262.22,1261.38,1260.64,1260.01,1259.47,1259.02,1258.66,1258.36,1258.14,1257.99,1257.9,1257.88,1257.9,1257.98,1258.11,1258.29,1258.5,1258.76,1259.06,1259.4,1259.77,1260.17,1260.6,1261.06,1261.55,1262.06,1262.6,1263.16,1263.75,1264.35,1264.98,1265.62,1266.28,1266.96,1267.65,1268.36,1269.09,1269.83,1270.58,1271.35,1272.13
1903.95,1941.6,1981.58,2023.61,2066.97,2110.31,2151.26,2186.19,2210.53,2219.85,2211.28,2184.65,2142.5,2089.12,2029.27,1967.1,1905.71,1847.11,1792.42,1742.14,1696.34,1654.87,1617.44,1583.71,1553.33,1525.96,1501.28,1479,1458.86,1440.63,1424.1,1409.1,1395.46,1383.05,1371.74,1361.43,1352.01,1343.4,1335.52,1328.32,1321.72,1315.67,1310.14,1305.06,1300.41,1296.15,1292.25,1288.67,1285.41,1282.42,1279.69,1277.19,1274.93,1272.86,1270.99,1269.3,1267.77,1266.39,1265.15,1264.05,1263.08,1262.22,1261.46,1260.81,1260.25,1259.78,1259.4,1259.09,1258.85,1258.68,1258.58,1258.54,1258.55,1258.61,1258.73,1258.89,1259.1,1259.34,1259.63,1259.95,1260.31,1260.7,1261.12,1261.58,1262.05,1262.56,1263.09,1263.64,1264.21,1264.81,1265.43,1266.06,1266.72,1267.39,1268.07,1268.78,1269.49,1270.23,1270.97,1271.73,1272.5
1901.29,1938.44,1977.83,2019.16,2061.73,2104.21,2144.34,2178.65,2202.77,2212.43,2204.79,2179.57,2139.05,2087.3,2028.87,1967.85,1907.31,1849.31,1795.02,1744.97,1699.3,1657.88,1620.44,1586.66,1556.21,1528.76,1503.98,1481.6,1461.37,1443.04,1426.42,1411.32,1397.6,1385.1,1373.71,1363.32,1353.83,1345.15,1337.21,1329.95,1323.29,1317.19,1311.6,1306.48,1301.78,1297.47,1293.53,1289.92,1286.61,1283.58,1280.82,1278.29,1275.99,1273.9,1272,1270.28,1268.72,1267.32,1266.06,1264.93,1263.93,1263.05,1262.28,1261.61,1261.03,1260.54,1260.14,1259.81,1259.56,1259.37,1259.26,1259.2,1259.19,1259.25,1259.35,1259.5,1259.69,1259.92,1260.2,1260.51,1260.86,1261.24,1261.65,1262.09,1262.56,1263.05,1263.57,1264.12,1264.68,1265.27,1265.88,1266.5,1267.15,1267.81,1268.49,1269.19,1269.9,1270.62,1271.36,1272.11,1272.88
1898.67,1935.34,1974.15,2014.8,2056.59,2098.25,2137.59,2171.29,2195.18,2205.13,2198.37,2174.48,2135.55,2085.37,2028.35,1968.45,1908.78,1851.39,1797.51,1747.72,1702.18,1660.81,1623.38,1589.56,1559.05,1531.51,1506.65,1484.18,1463.85,1445.43,1428.71,1413.53,1399.72,1387.14,1375.67,1365.21,1355.64,1346.9,1338.9,1331.57,1324.85,1318.7,1313.06,1307.89,1303.14,1298.79,1294.81,1291.15,1287.81,1284.74,1281.94,1279.39,1277.06,1274.93,1273,1271.25,1269.67,1268.24,1266.96,1265.81,1264.79,1263.88,1263.09,1262.4,1261.8,1261.3,1260.88,1260.53,1260.26,1260.06,1259.93,1259.85,1259.84,1259.88,1259.96,1260.1,1260.28,1260.5,1260.77,1261.07,1261.4,1261.77,1262.17,1262.6,1263.06,1263.54,1264.05,1264.59,1265.15,1265.72,1266.32,1266.94,1267.58,1268.24,1268.91,1269.59,1270.3,1271.02,1271.75,1272.5,1273.26
