CO2 Viscosity [uPa_s] CoolProp
45.1705,20.6398,19.7811,19.4883,19.4046,19.4268,19.5116,19.6367,19.7894,19.9619,20.1489,20.3468,20.553,20.7656,20.9833,21.2049,21.4296,21.6567,21.8856,22.116,22.3475,22.5797,22.8125,23.0456,23.2789,23.5121,23.7453,23.9782,24.2108,24.443,24.6748,24.9061,25.1368,25.3669,25.5964,25.8252,26.0533,26.2806,26.5073,26.7331,26.9583,27.1826,27.4061,27.6289,27.8508,28.0719,28.2922,28.5117,28.7304,28.9482,29.1653,29.3815,29.5969,29.8115,30.0253,30.2383,30.4505,30.6619,30.8724,31.0822,31.2913,31.4995,31.707,31.9137,32.1196,32.3248,32.5292,32.7329,32.9358,33.138,33.3395,33.5403,33.7403,33.9397,34.1383,34.3363,34.5335,34.7301,34.926,35.1213,35.3158,35.5098,35.703,35.8957,36.0876,36.279,36.4697,36.6598,36.8493,37.0382,37.2265,37.4142,37.6013,37.7879,37.9738,38.1592,38.344,38.5282,38.7119,38.8951,39.0777
48.6904,21.2637,20.099,19.7087,19.5759,19.5682,19.6328,19.7433,19.8849,20.0487,20.2286,20.4206,20.6219,20.8303,21.0444,21.2628,21.4847,21.7092,21.936,22.1643,22.394,22.6245,22.8557,23.0874,23.3194,23.5514,23.7834,24.0153,24.2469,24.4782,24.7091,24.9395,25.1694,25.3988,25.6275,25.8556,26.0831,26.3098,26.5359,26.7612,26.9857,27.2095,27.4326,27.6548,27.8763,28.0969,28.3168,28.5359,28.7541,28.9716,29.1882,29.4041,29.6191,29.8334,30.0468,30.2595,30.4713,30.6824,30.8927,31.1022,31.3109,31.5188,31.726,31.9325,32.1381,32.343,32.5472,32.7506,32.9533,33.1553,33.3566,33.5571,33.7569,33.9561,34.1545,34.3522,34.5493,34.7457,34.9414,35.1364,35.3308,35.5245,35.7176,35.9101,36.1019,36.2931,36.4836,36.6736,36.8629,37.0516,37.2398,37.4273,37.6143,37.8006,37.9864,38.1716,38.3563,38.5404,38.724,38.907,39.0894
50.9693,22.0568,20.4558,19.9474,19.7581,19.7171,19.7595,19.8541,19.9838,20.1382,20.3106,20.4964,20.6925,20.8965,21.1068,21.3219,21.5408,21.7628,21.9872,22.2134,22.4412,22.67,22.8996,23.1298,23.3604,23.5912,23.822,24.0528,24.2834,24.5137,24.7437,24.9733,25.2024,25.4309,25.6589,25.8864,26.1131,26.3392,26.5647,26.7894,27.0134,27.2367,27.4592,27.6809,27.9019,28.1221,28.3415,28.5602,28.778,28.9951,29.2113,29.4268,29.6415,29.8554,30.0684,30.2808,30.4923,30.703,30.913,31.1222,31.3306,31.5383,31.7452,31.9513,32.1567,32.3614,32.5653,32.7685,32.9709,33.1727,33.3737,33.574,33.7736,33.9725,34.1707,34.3682,34.5651,34.7613,34.9568,35.1516,35.3458,35.5394,35.7323,35.9245,36.1162,36.3072,36.4975,36.6873,36.8765,37.0651,37.253,37.4404,37.6272,37.8134,37.9991,38.1842,38.3687,38.5526,38.736,38.9189,39.1012
52.7355,23.1175,20.8595,20.2065,19.9522,19.8739,19.892,19.9693,20.0862,20.2306,20.395,20.5742,20.7649,20.9643,21.1705,21.3821,21.598,21.8173,22.0393,22.2633,22.4891,22.7161,22.9441,23.1728,23.402,23.6315,23.8611,24.0907,24.3203,24.5496,24.7787,25.0074,25.2356,25.4634,25.6907,25.9174,26.1435,26.3689,26.5937,26.8179,27.0413,27.264,27.486,27.7072,27.9277,28.1475,28.3664,28.5846,28.802,29.0187,29.2345,29.4496,29.6639,29.8774,30.0902,30.3022,30.5134,30.7238,30.9334,31.1423,31.3504,31.5578,31.7644,31.9703,32.1754,32.3798,32.5835,32.7864,32.9886,33.1901,33.3909,33.5909,33.7903,33.989,34.187,34.3843,34.581,34.7769,34.9722,35.1669,35.3609,35.5542,35.7469,35.939,36.1305,36.3213,36.5115,36.7011,36.8901,37.0785,37.2663,37.4536,37.6402,37.8263,38.0118,38.1967,38.3811,38.5649,38.7481,38.9309,39.1131
54.2086,24.6436,21.3207,20.4888,20.1594,20.0393,20.0305,20.0892,20.1922,20.3259,20.4818,20.6542,20.8391,21.0336,21.2356,21.4436,21.6563,21.8728,22.0923,22.3141,22.5378,22.7629,22.9892,23.2164,23.4441,23.6723,23.9007,24.1291,24.3576,24.5859,24.814,25.0418,25.2692,25.4962,25.7227,25.9486,26.174,26.3988,26.623,26.8465,27.0694,27.2916,27.513,27.7337,27.9537,28.173,28.3915,28.6092,28.8262,29.0424,29.2579,29.4726,29.6865,29.8997,30.1121,30.3237,30.5345,30.7446,30.954,31.1625,31.3704,31.5774,31.7838,31.9893,32.1942,32.3983,32.6017,32.8044,33.0063,33.2076,33.4081,33.608,33.8071,34.0056,34.2033,34.4004,34.5969,34.7926,34.9877,35.1822,35.376,35.5692,35.7617,35.9536,36.1448,36.3355,36.5255,36.715,36.9038,37.092,37.2797,37.4668,37.6532,37.8392,38.0245,38.2093,38.3935,38.5772,38.7603,38.9429,39.1249
55.4885,27.0635,21.8533,20.7974,20.3807,20.2137,20.1754,20.2138,20.302,20.4243,20.5712,20.7363,20.9151,21.1045,21.3022,21.5064,21.7158,21.9293,22.1462,22.3656,22.5872,22.8105,23.035,23.2605,23.4868,23.7136,23.9407,24.168,24.3953,24.6226,24.8497,25.0766,25.3031,25.5293,25.755,25.9802,26.2049,26.429,26.6526,26.8755,27.0977,27.3193,27.5402,27.7604,27.9799,28.1987,28.4167,28.634,28.8506,29.0664,29.2814,29.4957,29.7092,29.922,30.134,30.3453,30.5558,30.7656,30.9746,31.1828,31.3904,31.5971,31.8032,32.0085,32.2131,32.4169,32.62,32.8224,33.0241,33.2251,33.4254,33.6251,33.824,34.0222,34.2198,34.4166,34.6129,34.8084,35.0033,35.1976,35.3912,35.5841,35.7765,35.9682,36.1593,36.3497,36.5396,36.7289,36.9175,37.1056,37.2931,37.48,37.6663,37.8521,38.0373,38.2219,38.406,38.5895,38.7725,38.9549,39.1368
56.6303,31.1199,22.4758,21.1361,20.6176,20.3979,20.3272,20.3436,20.4157,20.5259,20.6633,20.8206,20.993,21.1771,21.3702,21.5704,21.7764,21.9868,22.201,22.418,22.6374,22.8587,23.0814,23.3053,23.53,23.7554,23.9812,24.2073,24.4335,24.6597,24.8858,25.1117,25.3373,25.5627,25.7876,26.012,26.236,26.4594,26.6823,26.9046,27.1262,27.3473,27.5676,27.7873,28.0063,28.2245,28.4421,28.6589,28.875,29.0904,29.305,29.5189,29.7321,29.9445,30.1561,30.3671,30.5772,30.7866,30.9953,31.2033,31.4105,31.6169,31.8227,32.0277,32.232,32.4356,32.6384,32.8406,33.042,33.2428,33.4428,33.6422,33.8409,34.0389,34.2362,34.4329,34.6289,34.8242,35.0189,35.213,35.4064,35.5992,35.7913,35.9828,36.1737,36.364,36.5537,36.7428,36.9313,37.1192,37.3065,37.4933,37.6794,37.865,38.0501,38.2345,38.4185,38.6018,38.7847,38.967,39.1488
57.6677,35.9509,23.2131,21.5094,20.8717,20.5925,20.4862,20.4786,20.5335,20.6308,20.758,20.9072,21.0729,21.2513,21.4396,21.6358,21.8381,22.0454,22.2567,22.4713,22.6884,22.9076,23.1285,23.3506,23.5738,23.7977,24.0222,24.247,24.472,24.6971,24.9222,25.1472,25.3719,25.5964,25.8205,26.0441,26.2674,26.4901,26.7123,26.934,27.155,27.3754,27.5952,27.8143,28.0328,28.2506,28.4676,28.684,28.8997,29.1146,29.3288,29.5423,29.7551,29.9671,30.1784,30.3889,30.5987,30.8078,31.0162,31.2238,31.4307,31.6368,31.8423,32.047,32.251,32.4543,32.6569,32.8588,33.06,33.2605,33.4603,33.6594,33.8579,34.0557,34.2528,34.4492,34.645,34.8401,35.0346,35.2285,35.4217,35.6142,35.8062,35.9975,36.1883,36.3784,36.5679,36.7568,36.9451,37.1328,37.32,37.5066,37.6926,37.878,38.0629,38.2472,38.431,38.6142,38.7969,38.9791,39.1607
58.6232,39.8639,24.0982,21.9224,21.1445,20.7985,20.6527,20.6192,20.6557,20.7391,20.8555,20.9961,21.1547,21.3273,21.5106,21.7024,21.901,22.105,22.3134,22.5254,22.7402,22.9573,23.1762,23.3966,23.6181,23.8406,24.0636,24.2872,24.511,24.735,24.959,25.183,25.4068,25.6304,25.8536,26.0765,26.299,26.521,26.7426,26.9635,27.184,27.4038,27.623,27.8416,28.0595,28.2768,28.4934,28.7093,28.9245,29.139,29.3527,29.5658,29.7782,29.9898,30.2007,30.4109,30.6204,30.8291,31.0371,31.2444,31.451,31.6568,31.862,32.0664,32.2701,32.4732,32.6755,32.8771,33.078,33.2783,33.4778,33.6767,33.8749,34.0725,34.2694,34.4656,34.6612,34.8561,35.0503,35.244,35.437,35.6294,35.8211,36.0123,36.2028,36.3928,36.5821,36.7708,36.959,37.1465,37.3335,37.5199,37.7058,37.8911,38.0758,38.26,38.4436,38.6267,38.8092,38.9912,39.1727
59.5122,42.7353,25.1727,22.3814,21.4382,21.0165,20.8274,20.7656,20.7822,20.8509,20.9559,21.0874,21.2386,21.405,21.5831,21.7704,21.9651,22.1657,22.3711,22.5804,22.7927,23.0077,23.2246,23.4432,23.6631,23.8839,24.1056,24.3278,24.5504,24.7733,24.9962,25.2192,25.442,25.6647,25.8871,26.1092,26.3309,26.5522,26.7731,26.9934,27.2132,27.4324,27.651,27.869,28.0864,28.3032,28.5193,28.7347,28.9494,29.1635,29.3768,29.5895,29.8014,30.0127,30.2232,30.433,30.6421,30.8505,31.0582,31.2651,31.4714,31.6769,31.8818,32.0859,32.2893,32.4921,32.6941,32.8955,33.0962,33.2961,33.4955,33.6941,33.8921,34.0894,34.286,34.482,34.6774,34.8721,35.0661,35.2596,35.4524,35.6446,35.8361,36.0271,36.2174,36.4072,36.5963,36.7849,36.9729,37.1603,37.3471,37.5333,37.719,37.9041,38.0887,38.2727,38.4562,38.6391,38.8215,39.0034,39.1848
60.3462,44.9751,26.4861,22.8935,21.7547,21.2476,21.0106,20.9181,20.9134,20.9663,21.0593,21.1811,21.3246,21.4845,21.6571,21.8398,22.0304,22.2275,22.4298,22.6362,22.8461,23.0588,23.2737,23.4904,23.7086,23.9279,24.1481,24.3689,24.5903,24.812,25.0338,25.2557,25.4776,25.6994,25.9209,26.1422,26.3631,26.5837,26.8038,27.0234,27.2426,27.4612,27.6792,27.8967,28.1135,28.3297,28.5453,28.7602,28.9745,29.1881,29.401,29.6132,29.8248,30.0356,30.2458,30.4552,30.664,30.872,31.0793,31.286,31.4919,31.6971,31.9017,32.1055,32.3086,32.5111,32.7129,32.9139,33.1144,33.3141,33.5131,33.7115,33.9093,34.1063,34.3028,34.4985,34.6937,34.8881,35.082,35.2752,35.4678,35.6598,35.8512,36.0419,36.2321,36.4217,36.6106,36.799,36.9868,37.174,37.3607,37.5468,37.7323,37.9173,38.1017,38.2855,38.4689,38.6516,38.8339,39.0156,39.1968
61.1337,46.8196,28.0859,23.467,22.0966,21.4926,21.2028,21.0771,21.0494,21.0855,21.1657,21.2774,21.4127,21.5658,21.7327,21.9105,22.097,22.2904,22.4894,22.693,22.9003,23.1106,23.3234,23.5382,23.7546,23.9723,24.191,24.4105,24.6306,24.851,25.0718,25.2926,25.5135,25.7343,25.955,26.1754,26.3956,26.6154,26.8348,27.0537,27.2722,27.4902,27.7076,27.9245,28.1408,28.3565,28.5715,28.786,28.9998,29.2129,29.4254,29.6372,29.8483,30.0587,30.2685,30.4775,30.6859,30.8936,31.1006,31.3069,31.5125,31.7174,31.9216,32.1252,32.328,32.5302,32.7317,32.9325,33.1326,33.3321,33.5309,33.729,33.9265,34.1234,34.3195,34.5151,34.71,34.9043,35.0979,35.2909,35.4833,35.6751,35.8663,36.0568,36.2468,36.4362,36.625,36.8132,37.0008,37.1879,37.3743,37.5602,37.7456,37.9304,38.1147,38.2984,38.4815,38.6642,38.8463,39.0279,39.2089
61.8814,48.3953,29.9853,24.1111,22.4663,21.7528,21.4046,21.2427,21.1904,21.2087,21.2752,21.3763,21.503,21.649,21.81,21.9827,22.1648,22.3544,22.5501,22.7507,22.9553,23.1632,23.3739,23.5867,23.8013,24.0173,24.2345,24.4526,24.6713,24.8905,25.1101,25.3299,25.5498,25.7696,25.9894,26.209,26.4283,26.6473,26.866,27.0842,27.302,27.5194,27.7362,27.9525,28.1682,28.3834,28.5979,28.8119,29.0252,29.2378,29.4499,29.6612,29.8719,30.082,30.2913,30.5,30.708,30.9153,31.122,31.3279,31.5332,31.7378,31.9417,32.1449,32.3475,32.5494,32.7506,32.9511,33.151,33.3502,33.5487,33.7466,33.9439,34.1405,34.3364,34.5317,34.7264,34.9204,35.1139,35.3067,35.4989,35.6904,35.8814,36.0718,36.2616,36.4508,36.6394,36.8274,37.0148,37.2017,37.388,37.5738,37.759,37.9436,38.1277,38.3113,38.4943,38.6768,38.8587,39.0401,39.2211
62.5943,49.7775,32.1044,24.8358,22.8667,22.0291,21.6166,21.4154,21.3366,21.3358,21.388,21.4779,21.5955,21.7341,21.8888,22.0563,22.2339,22.4195,22.6117,22.8093,23.0111,23.2166,23.425,23.6358,23.8485,24.0629,24.2785,24.4951,24.7125,24.9304,25.1488,25.3675,25.5864,25.8052,26.0241,26.2428,26.4613,26.6795,26.8974,27.115,27.3321,27.5488,27.765,27.9807,28.1959,28.4105,28.6245,28.8379,29.0507,29.2629,29.4745,29.6854,29.8957,30.1053,30.3143,30.5226,30.7302,30.9372,31.1434,31.3491,31.554,31.7583,31.9619,32.1648,32.367,32.5686,32.7695,32.9698,33.1694,33.3683,33.5666,33.7643,33.9613,34.1576,34.3533,34.5484,34.7429,34.9367,35.1299,35.3225,35.5145,35.7058,35.8966,36.0868,36.2764,36.4654,36.6538,36.8416,37.0289,37.2156,37.4018,37.5873,37.7724,37.9568,38.1408,38.3242,38.507,38.6894,38.8712,39.0525,39.2332
63.2768,51.014,34.2878,25.6508,23.301,22.3228,21.8393,21.5954,21.4882,21.4671,21.5041,21.5821,21.6903,21.8211,21.9694,22.1314,22.3042,22.4858,22.6744,22.8688,23.0678,23.2708,23.4768,23.6856,23.8964,24.109,24.323,24.5381,24.7541,24.9708,25.188,25.4055,25.6233,25.8412,26.0591,26.2769,26.4946,26.712,26.9292,27.146,27.3624,27.5784,27.794,28.0091,28.2237,28.4377,28.6512,28.8641,29.0765,29.2882,29.4993,29.7098,29.9196,30.1288,30.3374,30.5453,30.7525,30.9591,31.165,31.3703,31.5749,31.7788,31.9821,32.1847,32.3867,32.588,32.7886,32.9886,33.1879,33.3866,33.5846,33.782,33.9787,34.1748,34.3703,34.5652,34.7594,34.953,35.146,35.3384,35.5301,35.7213,35.9119,36.1019,36.2913,36.4801,36.6683,36.856,37.043,37.2296,37.4155,37.6009,37.7858,37.9701,38.1539,38.3371,38.5198,38.702,38.8837,39.0648,39.2454
63.9323,52.1371,36.4145,26.5648,23.7722,22.6352,22.0733,21.7832,21.6454,21.6028,21.6236,21.6892,21.7874,21.9101,22.0517,22.208,22.3759,22.5533,22.7382,22.9292,23.1254,23.3257,23.5294,23.736,23.9448,24.1556,24.368,24.5816,24.7961,25.0115,25.2275,25.4439,25.6606,25.8775,26.0944,26.3113,26.5281,26.7447,26.9611,27.1772,27.3929,27.6083,27.8232,28.0377,28.2517,28.4652,28.6781,28.8905,29.1023,29.3136,29.5242,29.7342,29.9436,30.1524,30.3606,30.5681,30.7749,30.9812,31.1867,31.3916,31.5959,31.7995,32.0025,32.2048,32.4064,32.6074,32.8077,33.0074,33.2065,33.4049,33.6026,33.7998,33.9963,34.1921,34.3874,34.582,34.776,34.9694,35.1621,35.3543,35.5459,35.7368,35.9272,36.117,36.3062,36.4948,36.6828,36.8703,37.0572,37.2436,37.4294,37.6146,37.7993,37.9834,38.167,38.3501,38.5327,38.7147,38.8962,39.0772,39.2577
64.5636,53.1693,38.3975,27.5834,24.2837,22.9677,22.3193,21.979,21.8085,21.7428,21.7467,21.7991,21.8869,22.0012,22.1357,22.2861,22.449,22.6219,22.803,22.9906,23.1838,23.3814,23.5827,23.787,23.9939,24.2028,24.4135,24.6255,24.8387,25.0527,25.2674,25.4826,25.6982,25.9141,26.13,26.346,26.5619,26.7777,26.9933,27.2087,27.4237,27.6384,27.8527,28.0665,28.2799,28.4928,28.7052,28.9171,29.1284,29.3391,29.5493,29.7588,29.9678,30.1762,30.3839,30.591,30.7975,31.0033,31.2085,31.4131,31.617,31.8203,32.0229,32.2249,32.4262,32.6269,32.827,33.0264,33.2251,33.4233,33.6208,33.8176,34.0139,34.2095,34.4045,34.5989,34.7926,34.9858,35.1783,35.3703,35.5616,35.7524,35.9425,36.1321,36.3211,36.5096,36.6974,36.8847,37.0714,37.2576,37.4432,37.6283,37.8128,37.9968,38.1802,38.3632,38.5456,38.7274,38.9088,39.0896,39.27
65.173,54.1271,40.2003,28.7068,24.8387,23.3215,22.578,22.1832,21.9777,21.8875,21.8734,21.912,21.9889,22.0943,22.2215,22.3657,22.5233,22.6917,22.8688,23.053,23.243,23.4379,23.6367,23.8388,24.0436,24.2506,24.4595,24.67,24.8816,25.0943,25.3077,25.5217,25.7362,25.951,26.166,26.381,26.596,26.811,27.0258,27.2404,27.4547,27.6687,27.8823,28.0955,28.3083,28.5206,28.7325,28.9438,29.1546,29.3648,29.5745,29.7836,29.9921,30.2,30.4074,30.6141,30.8201,31.0256,31.2304,31.4346,31.6382,31.8411,32.0434,32.2451,32.4461,32.6465,32.8463,33.0454,33.2439,33.4417,33.639,33.8356,34.0316,34.2269,34.4217,34.6158,34.8093,35.0023,35.1946,35.3863,35.5775,35.768,35.958,36.1473,36.3361,36.5244,36.712,36.8992,37.0857,37.2717,37.4571,37.642,37.8264,38.0102,38.1935,38.3762,38.5585,38.7402,38.9214,39.1021,39.2823
65.7627,55.0227,41.8263,29.9261,25.44,23.698,22.8501,22.3962,22.1531,22.0369,22.0038,22.0279,22.0934,22.1895,22.3091,22.4469,22.5991,22.7628,22.9358,23.1164,23.3032,23.4952,23.6914,23.8912,24.0939,24.299,24.5061,24.7149,24.9251,25.1363,25.3484,25.5612,25.7746,25.9883,26.2022,26.4163,26.6304,26.8445,27.0585,27.2723,27.4859,27.6992,27.9121,28.1247,28.3369,28.5486,28.7599,28.9707,29.1809,29.3907,29.5999,29.8085,30.0166,30.2241,30.4309,30.6372,30.8429,31.048,31.2525,31.4563,31.6595,31.8621,32.0641,32.2654,32.4661,32.6662,32.8657,33.0645,33.2627,33.4603,33.6572,33.8536,34.0493,34.2444,34.4389,34.6328,34.8261,35.0188,35.2109,35.4024,35.5933,35.7837,35.9734,36.1626,36.3512,36.5393,36.7267,36.9136,37.1,37.2858,37.4711,37.6558,37.84,38.0236,38.2068,38.3894,38.5714,38.753,38.934,39.1146,39.2946
66.3344,55.8656,43.2967,31.2222,26.09,24.0987,23.1361,22.6184,22.335,22.1913,22.138,22.1469,22.2004,22.2869,22.3986,22.5297,22.6762,22.8351,23.0038,23.1807,23.3643,23.5533,23.7469,23.9442,24.1448,24.3479,24.5532,24.7603,24.9689,25.1788,25.3895,25.6011,25.8133,26.0259,26.2388,26.4519,26.6651,26.8783,27.0915,27.3045,27.5173,27.7299,27.9422,28.1541,28.3656,28.5768,28.7875,28.9977,29.2074,29.4167,29.6254,29.8335,30.0412,30.2482,30.4547,30.6605,30.8658,31.0705,31.2746,31.4781,31.6809,31.8832,32.0848,32.2858,32.4862,32.686,32.8851,33.0837,33.2816,33.4789,33.6756,33.8717,34.0671,34.262,34.4562,34.6499,34.843,35.0354,35.2273,35.4186,35.6093,35.7994,35.989,36.1779,36.3663,36.5542,36.7415,36.9282,37.1144,37.3,37.4851,37.6696,37.8536,38.0371,38.2201,38.4025,38.5844,38.7658,38.9467,39.1271,39.307
66.8895,56.6632,44.6354,32.5667,26.7903,24.5249,23.4369,22.8502,22.5237,22.3506,22.2762,22.2691,22.31,22.3865,22.4899,22.6141,22.7548,22.9086,23.073,23.2461,23.4262,23.6122,23.8031,23.998,24.1963,24.3974,24.6009,24.8063,25.0133,25.2216,25.4311,25.6413,25.8523,26.0638,26.2757,26.4878,26.7001,26.9124,27.1247,27.3369,27.549,27.7608,27.9724,28.1837,28.3946,28.6051,28.8153,29.0249,29.2341,29.4428,29.651,29.8587,30.0659,30.2725,30.4785,30.684,30.8888,31.0931,31.2968,31.4999,31.7024,31.9043,32.1056,32.3063,32.5064,32.7058,32.9047,33.1029,33.3006,33.4976,33.694,33.8898,34.085,34.2796,34.4736,34.667,34.8599,35.0521,35.2437,35.4348,35.6253,35.8152,36.0045,36.1933,36.3815,36.5692,36.7562,36.9428,37.1288,37.3142,37.4991,37.6835,37.8673,38.0506,38.2334,38.4157,38.5975,38.7787,38.9594,39.1397,39.3194
67.4294,57.4214,45.8635,33.9291,27.5413,24.9777,23.753,23.092,22.7194,22.5152,22.4184,22.3944,22.4223,22.4883,22.5831,22.7002,22.8348,22.9834,23.1433,23.3124,23.4891,23.672,23.8601,24.0525,24.2485,24.4475,24.6491,24.8527,25.0581,25.265,25.473,25.682,25.8917,26.1021,26.3129,26.524,26.7353,26.9468,27.1582,27.3696,27.5809,27.792,28.0029,28.2135,28.4238,28.6337,28.8432,29.0523,29.261,29.4692,29.6769,29.8841,30.0907,30.2969,30.5025,30.7075,30.912,31.1159,31.3192,31.5219,31.7241,31.9256,32.1265,32.3269,32.5266,32.7258,32.9243,33.1223,33.3196,33.5163,33.7125,33.908,34.103,34.2973,34.4911,34.6842,34.8768,35.0688,35.2602,35.4511,35.6413,35.831,36.0202,36.2087,36.3967,36.5842,36.7711,36.9574,37.1432,37.3285,37.5132,37.6974,37.8811,38.0642,38.2468,38.4289,38.6105,38.7916,38.9722,39.1523,39.3319
67.9552,58.1451,46.9984,35.2842,28.3419,25.4581,24.0853,23.344,22.9223,22.6851,22.5647,22.5231,22.5373,22.5923,22.6782,22.7879,22.9163,23.0595,23.2147,23.3798,23.5528,23.7325,23.9178,24.1076,24.3013,24.4982,24.6978,24.8997,25.1034,25.3087,25.5153,25.723,25.9315,26.1407,26.3504,26.5605,26.7708,26.9814,27.192,27.4025,27.613,27.8234,28.0336,28.2435,28.4531,28.6624,28.8713,29.0799,29.288,29.4956,29.7028,29.9095,30.1157,30.3214,30.5266,30.7312,30.9352,31.1387,31.3416,31.544,31.7458,31.947,32.1476,32.3476,32.547,32.7458,32.9441,33.1417,33.3387,33.5352,33.7311,33.9263,34.121,34.3151,34.5086,34.7015,34.8939,35.0856,35.2768,35.4674,35.6575,35.8469,36.0358,36.2242,36.412,36.5993,36.7859,36.9721,37.1577,37.3428,37.5273,37.7114,37.8948,38.0778,38.2603,38.4422,38.6236,38.8046,38.985,39.1649,39.3444
68.468,58.838,48.054,36.6108,29.1892,25.967,24.4341,23.6068,23.1326,22.8605,22.7153,22.6552,22.655,22.6987,22.7753,22.8773,22.9992,23.1369,23.2873,23.4482,23.6175,23.794,23.9763,24.1635,24.3547,24.5495,24.7471,24.9471,25.1492,25.3529,25.5581,25.7644,25.9717,26.1797,26.3882,26.5973,26.8067,27.0163,27.226,27.4357,27.6454,27.855,28.0645,28.2737,28.4827,28.6913,28.8996,29.1076,29.3151,29.5223,29.7289,29.9351,30.1409,30.3461,30.5508,30.755,30.9586,31.1617,31.3642,31.5662,31.7676,31.9684,32.1687,32.3684,32.5674,32.766,32.9639,33.1612,33.358,33.5541,33.7497,33.9447,34.1391,34.3329,34.5262,34.7189,34.911,35.1025,35.2934,35.4838,35.6736,35.8629,36.0516,36.2397,36.4273,36.6144,36.8009,36.9868,37.1723,37.3572,37.5415,37.7254,37.9087,38.0915,38.2738,38.4555,38.6368,38.8176,38.9978,39.1776,39.3569
68.9686,59.5037,49.0415,37.8937,30.0782,26.5048,24.8003,23.8807,23.3507,23.0416,22.8702,22.7907,22.7756,22.8074,22.8744,22.9684,23.0836,23.2156,23.3611,23.5176,23.6832,23.8563,24.0355,24.22,24.4089,24.6014,24.7969,24.9951,25.1954,25.3976,25.6013,25.8062,26.0122,26.219,26.4264,26.6344,26.8428,27.0514,27.2602,27.4691,27.678,27.8869,28.0956,28.3041,28.5124,28.7204,28.9281,29.1355,29.3425,29.549,29.7552,29.9609,30.1661,30.3709,30.5751,30.7789,30.9821,31.1848,31.3869,31.5885,31.7895,31.99,32.1899,32.3892,32.588,32.7862,32.9838,33.1808,33.3773,33.5731,33.7684,33.9631,34.1573,34.3509,34.5438,34.7363,34.9281,35.1194,35.3101,35.5003,35.6899,35.8789,36.0674,36.2553,36.4427,36.6296,36.8159,37.0016,37.1869,37.3716,37.5557,37.7394,37.9225,38.1052,38.2873,38.4689,38.65,38.8306,39.0107,39.1903,39.3695
69.4579,60.1447,49.9702,39.1235,31.0022,27.0717,25.1841,24.166,23.5766,23.2284,23.0295,22.9297,22.8991,22.9185,22.9756,23.0613,23.1695,23.2956,23.436,23.5881,23.7498,23.9194,24.0956,24.2773,24.4636,24.6538,24.8473,25.0436,25.2422,25.4427,25.6449,25.8484,26.053,26.2586,26.4649,26.6718,26.8792,27.0869,27.2948,27.5028,27.7109,27.9189,28.1269,28.3347,28.5423,28.7497,28.9568,29.1635,29.37,29.576,29.7816,29.9868,30.1916,30.3958,30.5996,30.8029,31.0057,31.208,31.4097,31.6109,31.8116,32.0117,32.2112,32.4102,32.6086,32.8065,33.0038,33.2005,33.3966,33.5922,33.7872,33.9817,34.1755,34.3688,34.5616,34.7537,34.9453,35.1364,35.3269,35.5168,35.7062,35.895,36.0832,36.271,36.4581,36.6448,36.8309,37.0165,37.2015,37.386,37.57,37.7535,37.9365,38.1189,38.3009,38.4823,38.6632,38.8437,39.0236,39.2031,39.3821
69.9366,60.7635,50.8474,40.2959,31.9527,27.6671,25.5861,24.4631,23.8107,23.4212,23.1935,23.0724,23.0254,23.0321,23.0787,23.1559,23.257,23.377,23.5121,23.6597,23.8173,23.9834,24.1564,24.3353,24.519,24.7069,24.8983,25.0926,25.2894,25.4882,25.6889,25.891,26.0943,26.2986,26.5038,26.7096,26.9159,27.1226,27.3295,27.5367,27.7439,27.9512,28.1584,28.3655,28.5724,28.7792,28.9856,29.1918,29.3976,29.6031,29.8082,30.0129,30.2171,30.4209,30.6242,30.8271,31.0294,31.2313,31.4326,31.6334,31.8337,32.0334,32.2326,32.4313,32.6293,32.8269,33.0238,33.2203,33.4161,33.6114,33.8061,34.0003,34.1939,34.3869,34.5794,34.7713,34.9626,35.1534,35.3437,35.5334,35.7225,35.9111,36.0991,36.2867,36.4736,36.6601,36.846,37.0313,37.2162,37.4005,37.5843,37.7676,37.9504,38.1327,38.3145,38.4957,38.6765,38.8568,39.0366,39.2159,39.3947
70.4053,61.362,51.6794,41.4103,32.9205,28.2902,26.0064,24.7721,24.0531,23.6201,23.362,23.2187,23.1548,23.1481,23.184,23.2524,23.346,23.4597,23.5895,23.7323,23.8858,24.0482,24.218,24.394,24.5751,24.7606,24.9498,25.1421,25.3371,25.5342,25.7333,25.9339,26.1359,26.339,26.5429,26.7476,26.9529,27.1586,27.3646,27.5709,27.7773,27.9837,28.1902,28.3965,28.6028,28.8088,29.0146,29.2202,29.4254,29.6304,29.8349,30.0391,30.2428,30.4461,30.649,30.8514,31.0533,31.2547,31.4556,31.6561,31.8559,32.0553,32.2541,32.4524,32.6502,32.8474,33.044,33.2401,33.4356,33.6306,33.8251,34.0189,34.2123,34.405,34.5972,34.7889,34.98,35.1705,35.3605,35.55,35.7389,35.9273,36.1151,36.3024,36.4892,36.6754,36.8611,37.0463,37.2309,37.4151,37.5987,37.7818,37.9644,38.1465,38.3281,38.5092,38.6898,38.8699,39.0496,39.2287,39.4074
70.8646,61.9421,52.4714,42.4685,33.8963,28.9396,26.4452,25.0935,24.304,23.8252,23.5353,23.3687,23.2871,23.2666,23.2914,23.3506,23.4366,23.5438,23.668,23.806,23.9553,24.114,24.2804,24.4534,24.6319,24.8149,25.0019,25.1922,25.3852,25.5807,25.7782,25.9773,26.1779,26.3797,26.5824,26.7859,26.9901,27.1948,27.3999,27.6053,27.8108,28.0165,28.2221,28.4278,28.6333,28.8387,29.0438,29.2488,29.4534,29.6578,29.8618,30.0654,30.2686,30.4715,30.6739,30.8758,31.0773,31.2783,31.4788,31.6788,31.8783,32.0773,32.2757,32.4737,32.6711,32.8679,33.0643,33.26,33.4553,33.65,33.8441,34.0377,34.2307,34.4232,34.6152,34.8066,34.9974,35.1877,35.3775,35.5667,35.7554,35.9435,36.1311,36.3182,36.5048,36.6908,36.8763,37.0613,37.2457,37.4297,37.6131,37.796,37.9785,38.1604,38.3418,38.5227,38.7032,38.8831,39.0626,39.2416,39.4201
71.3151,62.5051,53.2277,43.4735,34.8718,29.6133,26.9025,25.4273,24.5636,24.0366,23.7134,23.5226,23.4226,23.3877,23.4009,23.4506,23.5288,23.6293,23.7478,23.8808,24.0258,24.1806,24.3437,24.5136,24.6893,24.8698,25.0545,25.2427,25.4339,25.6276,25.8234,26.0211,26.2203,26.4207,26.6222,26.8246,27.0277,27.2314,27.4355,27.6399,27.8446,28.0494,28.2543,28.4592,28.664,28.8687,29.0732,29.2775,29.4816,29.6854,29.8888,30.0919,30.2946,30.497,30.6989,30.9003,31.1014,31.3019,31.502,31.7016,31.9007,32.0994,32.2974,32.495,32.6921,32.8886,33.0846,33.2801,33.475,33.6694,33.8632,34.0565,34.2493,34.4415,34.6332,34.8243,35.0149,35.205,35.3945,35.5835,35.7719,35.9598,36.1472,36.3341,36.5204,36.7062,36.8915,37.0763,37.2606,37.4443,37.6276,37.8103,37.9925,38.1743,38.3555,38.5363,38.7166,38.8964,39.0757,39.2545,39.4329
71.7572,63.0525,53.9519,44.4292,35.8396,30.3087,27.378,25.7737,24.832,24.2545,23.8964,23.6803,23.5612,23.5113,23.5126,23.5526,23.6225,23.7162,23.8288,23.9567,24.0972,24.2482,24.4077,24.5745,24.7474,24.9254,25.1078,25.2938,25.4831,25.675,25.8692,26.0653,26.263,26.4621,26.6624,26.8636,27.0656,27.2682,27.4714,27.6749,27.8787,28.0826,28.2867,28.4909,28.6949,28.8989,29.1028,29.3065,29.5099,29.7131,29.916,30.1185,30.3207,30.5226,30.724,30.925,31.1256,31.3257,31.5254,31.7246,31.9233,32.1215,32.3193,32.5165,32.7132,32.9094,33.105,33.3002,33.4948,33.6889,33.8824,34.0754,34.2679,34.4598,34.6512,34.8421,35.0324,35.2223,35.4115,35.6003,35.7885,35.9762,36.1633,36.35,36.5361,36.7217,36.9068,37.0914,37.2754,37.459,37.6421,37.8246,38.0067,38.1883,38.3693,38.5499,38.73,38.9096,39.0888,39.2675,39.4457
72.1915,63.5855,54.6473,45.3394,36.7938,31.0228,27.8713,26.1329,25.1094,24.479,24.0844,23.8419,23.7029,23.6376,23.6265,23.6563,23.7179,23.8045,23.911,24.0338,24.1697,24.3166,24.4725,24.6361,24.8061,24.9816,25.1616,25.3455,25.5327,25.7228,25.9153,26.1098,26.3061,26.5039,26.7029,26.9029,27.1038,27.3053,27.5075,27.71,27.9129,28.1161,28.3194,28.5227,28.7261,28.9294,29.1325,29.3356,29.5384,29.741,29.9433,30.1453,30.347,30.5483,30.7493,30.9498,31.1499,31.3496,31.5489,31.7477,31.946,32.1438,32.3412,32.538,32.7344,32.9302,33.1255,33.3204,33.5146,33.7084,33.9017,34.0944,34.2866,34.4782,34.6694,34.86,35.0501,35.2396,35.4287,35.6172,35.8051,35.9926,36.1795,36.366,36.5519,36.7373,36.9221,37.1065,37.2904,37.4738,37.6566,37.839,38.0209,38.2023,38.3832,38.5636,38.7435,38.923,39.1019,39.2804,39.4585
72.6182,64.1049,55.3166,46.208,37.7295,31.7522,28.3818,26.5047,25.396,24.7102,24.2775,24.0075,23.8478,23.7665,23.7426,23.762,23.815,23.8943,23.9946,24.1119,24.2432,24.3859,24.5382,24.6985,24.8656,25.0384,25.216,25.3977,25.5829,25.7711,25.9619,26.1548,26.3496,26.546,26.7437,26.9425,27.1422,27.3427,27.5439,27.7455,27.9475,28.1497,28.3522,28.5548,28.7574,28.96,29.1625,29.3649,29.5671,29.7691,29.9708,30.1723,30.3734,30.5742,30.7747,30.9747,31.1744,31.3737,31.5725,31.7708,31.9688,32.1662,32.3632,32.5597,32.7557,32.9511,33.1461,33.3406,33.5346,33.7281,33.921,34.1134,34.3053,34.4967,34.6876,34.8779,35.0678,35.2571,35.4458,35.6341,35.8218,36.0091,36.1958,36.382,36.5677,36.7529,36.9375,37.1217,37.3054,37.4885,37.6712,37.8534,38.0351,38.2163,38.397,38.5773,38.757,38.9363,39.1151,39.2935,39.4714
73.0379,64.6118,55.9621,47.0385,38.6436,32.4933,28.9087,26.8891,25.6916,24.9481,24.4758,24.1772,23.9961,23.8981,23.8609,23.8696,23.9137,23.9855,24.0794,24.1912,24.3176,24.4562,24.6047,24.7617,24.9257,25.0958,25.2709,25.4504,25.6336,25.8199,26.0089,26.2002,26.3935,26.5885,26.7849,26.9824,27.181,27.3804,27.5805,27.7812,27.9822,28.1836,28.3853,28.587,28.7889,28.9908,29.1926,29.3943,29.5959,29.7973,29.9985,30.1994,30.4,30.6003,30.8002,30.9998,31.199,31.3978,31.5962,31.7941,31.9916,32.1887,32.3853,32.5814,32.777,32.9722,33.1668,33.361,33.5546,33.7478,33.9404,34.1326,34.3242,34.5153,34.7059,34.8959,35.0855,35.2746,35.4631,35.6511,35.8386,36.0256,36.2121,36.3981,36.5835,36.7685,36.953,37.1369,37.3204,37.5034,37.6859,37.8679,38.0494,38.2304,38.4109,38.591,38.7706,38.9497,39.1284,39.3065,39.4843
73.4508,65.107,56.5859,47.8342,39.5338,33.2423,29.4508,27.286,25.9965,25.1928,24.6793,24.3509,24.1476,24.0324,23.9816,23.9792,24.014,24.0781,24.1655,24.2716,24.3931,24.5273,24.672,24.8256,24.9866,25.1539,25.3265,25.5037,25.6847,25.8691,26.0563,26.246,26.4378,26.6313,26.8264,27.0227,27.2201,27.4184,27.6174,27.8171,28.0172,28.2178,28.4185,28.6195,28.8206,29.0218,29.2229,29.424,29.6249,29.8257,30.0263,30.2266,30.4267,30.6264,30.8259,31.025,31.2237,31.4221,31.62,31.8175,32.0146,32.2113,32.4075,32.6032,32.7985,32.9933,33.1876,33.3814,33.5748,33.7676,33.9599,34.1518,34.3431,34.5339,34.7242,34.914,35.1033,35.2921,35.4804,35.6682,35.8554,36.0422,36.2285,36.4142,36.5995,36.7842,36.9685,37.1522,37.3355,37.5183,37.7006,37.8824,38.0637,38.2445,38.4249,38.6048,38.7842,38.9631,39.1416,39.3196,39.4972
73.8572,65.5912,57.1897,48.598,40.3988,33.9956,30.007,27.6951,26.3105,25.4445,24.888,24.5288,24.3024,24.1694,24.1045,24.0907,24.1161,24.1722,24.2528,24.3532,24.4696,24.5994,24.7402,24.8903,25.0481,25.2126,25.3826,25.5575,25.7364,25.9188,26.1042,26.2922,26.4824,26.6745,26.8682,27.0633,27.2595,27.4567,27.6546,27.8533,28.0525,28.2521,28.4521,28.6522,28.8526,29.053,29.2534,29.4538,29.6541,29.8542,30.0542,30.254,30.4535,30.6528,30.8517,31.0503,31.2486,31.4465,31.644,31.8411,32.0377,32.234,32.4298,32.6252,32.8201,33.0145,33.2085,33.402,33.595,33.7875,33.9795,34.1711,34.3621,34.5526,34.7427,34.9322,35.1212,35.3097,35.4978,35.6853,35.8723,36.0588,36.2449,36.4304,36.6154,36.8,36.984,37.1676,37.3506,37.5332,37.7153,37.8969,38.078,38.2587,38.4389,38.6186,38.7978,38.9766,39.1549,39.3328,39.5102
74.2576,66.0651,57.7752,49.3326,41.238,34.7497,30.5758,28.1161,26.6338,25.703,25.1021,24.7109,24.4606,24.3092,24.2298,24.2042,24.2198,24.2678,24.3415,24.4359,24.5472,24.6724,24.8092,24.9557,25.1104,25.2719,25.4394,25.6118,25.7886,25.969,26.1526,26.3389,26.5275,26.7181,26.9104,27.1042,27.2992,27.4952,27.6921,27.8898,28.088,28.2867,28.4858,28.6851,28.8847,29.0843,29.2841,29.4838,29.6834,29.8829,30.0823,30.2815,30.4805,30.6792,30.8776,31.0757,31.2735,31.471,31.668,31.8647,32.061,32.2568,32.4522,32.6472,32.8417,33.0358,33.2294,33.4226,33.6153,33.8075,33.9992,34.1904,34.3811,34.5714,34.7612,34.9504,35.1392,35.3274,35.5152,35.7025,35.8893,36.0756,36.2614,36.4467,36.6315,36.8158,36.9996,37.183,37.3658,37.5482,37.7301,37.9115,38.0925,38.2729,38.4529,38.6325,38.8115,38.9901,39.1683,39.346,39.5232
74.652,66.5293,58.3437,50.0402,42.0516,35.5016,31.1558,28.5485,26.966,25.9685,25.3215,24.8972,24.6223,24.4519,24.3574,24.3196,24.3253,24.3649,24.4315,24.5198,24.6258,24.7464,24.8791,25.0219,25.1733,25.3319,25.4967,25.6667,25.8413,26.0196,26.2013,26.3859,26.5729,26.762,26.9529,27.1454,27.3391,27.534,27.7299,27.9265,28.1237,28.3215,28.5197,28.7183,28.917,29.1159,29.3149,29.5139,29.7129,29.9118,30.1106,30.3092,30.5076,30.7058,30.9037,31.1013,31.2986,31.4956,31.6922,31.8884,32.0843,32.2797,32.4747,32.6693,32.8635,33.0572,33.2505,33.4433,33.6357,33.8275,34.0189,34.2098,34.4003,34.5902,34.7797,34.9687,35.1572,35.3452,35.5327,35.7197,35.9063,36.0923,36.2779,36.463,36.6475,36.8316,37.0153,37.1984,37.381,37.5632,37.7449,37.9262,38.1069,38.2872,38.467,38.6464,38.8253,39.0037,39.1817,39.3592,39.5363
75.0409,66.9844,58.8966,50.7231,42.8399,36.2486,31.7451,28.9918,27.3073,26.241,25.5463,25.0878,24.7873,24.5973,24.4874,24.4371,24.4325,24.4635,24.5228,24.6049,24.7054,24.8213,24.9498,25.0889,25.237,25.3926,25.5546,25.7222,25.8945,26.0708,26.2506,26.4333,26.6187,26.8063,26.9958,27.1869,27.3794,27.5732,27.7679,27.9635,28.1597,28.3566,28.5539,28.7516,28.9495,29.1477,29.346,29.5443,29.7426,29.9409,30.139,30.3371,30.5349,30.7325,30.9299,31.127,31.3238,31.5203,31.7165,31.9123,32.1077,32.3027,32.4974,32.6916,32.8854,33.0787,33.2716,33.4641,33.6561,33.8477,34.0387,34.2294,34.4195,34.6092,34.7984,34.9871,35.1753,35.363,35.5503,35.7371,35.9234,36.1092,36.2945,36.4793,36.6637,36.8476,37.031,37.2139,37.3963,37.5783,37.7598,37.9408,38.1214,38.3015,38.4811,38.6603,38.839,39.0173,39.1951,39.3725,39.5494
75.4244,67.4308,59.4348,51.3831,43.6035,36.9883,32.3423,29.4453,27.6573,26.5203,25.7765,25.2826,24.9558,24.7456,24.6197,24.5566,24.5415,24.5637,24.6155,24.6911,24.7861,24.8971,25.0214,25.1567,25.3013,25.4539,25.6132,25.7782,25.9482,26.1224,26.3002,26.4812,26.6649,26.851,27.039,27.2288,27.42,27.6126,27.8062,28.0007,28.196,28.3919,28.5883,28.7851,28.9823,29.1797,29.3772,29.5748,29.7725,29.9701,30.1676,30.3651,30.5623,30.7594,30.9563,31.1529,31.3492,31.5452,31.7409,31.9363,32.1312,32.3259,32.5201,32.7139,32.9073,33.1003,33.2929,33.485,33.6767,33.8679,34.0587,34.249,34.4388,34.6282,34.8171,35.0055,35.1934,35.3809,35.5679,35.7544,35.9405,36.1261,36.3111,36.4957,36.6799,36.8635,37.0467,37.2294,37.4117,37.5934,37.7747,37.9556,38.136,38.3159,38.4953,38.6743,38.8529,39.0309,39.2086,39.3858,39.5625
75.8028,67.869,59.9594,52.022,44.3434,37.7188,32.9453,29.9085,28.0159,26.8065,26.0121,25.4817,25.1278,24.8968,24.7545,24.6782,24.6522,24.6653,24.7095,24.7786,24.8679,24.9739,25.0938,25.2252,25.3664,25.5158,25.6723,25.8348,26.0024,26.1745,26.3503,26.5295,26.7115,26.896,27.0826,27.271,27.461,27.6523,27.8448,28.0382,28.2325,28.4274,28.6229,28.8189,29.0152,29.2118,29.4086,29.6055,29.8025,29.9994,30.1964,30.3932,30.5899,30.7864,30.9827,31.1788,31.3747,31.5702,31.7654,31.9603,32.1549,32.3491,32.5429,32.7363,32.9294,33.122,33.3142,33.506,33.6973,33.8882,34.0786,34.2686,34.4582,34.6472,34.8359,35.024,35.2117,35.3989,35.5856,35.7719,35.9577,36.143,36.3279,36.5122,36.6961,36.8796,37.0625,37.245,37.4271,37.6086,37.7897,37.9704,38.1506,38.3303,38.5095,38.6884,38.8667,39.0446,39.2221,39.3991,39.5757
76.1762,68.2995,60.4713,52.6412,45.0605,38.4388,33.5526,30.3804,28.3829,27.0995,26.2531,25.6852,25.3033,25.0508,24.8916,24.8018,24.7646,24.7685,24.8048,24.8672,24.9507,25.0517,25.1671,25.2946,25.4322,25.5785,25.7321,25.8919,26.0572,26.227,26.4009,26.5782,26.7585,26.9414,27.1265,27.3135,27.5022,27.6923,27.8836,28.076,28.2692,28.4632,28.6578,28.8529,29.0484,29.2442,29.4402,29.6364,29.8327,30.029,30.2253,30.4215,30.6176,30.8136,31.0094,31.2049,31.4003,31.5953,31.7901,31.9845,32.1787,32.3724,32.5658,32.7589,32.9515,33.1438,33.3356,33.527,33.718,33.9086,34.0987,34.2884,34.4776,34.6664,34.8547,35.0426,35.23,35.4169,35.6034,35.7894,35.9749,36.16,36.3446,36.5288,36.7124,36.8957,37.0784,37.2607,37.4425,37.6239,37.8048,37.9852,38.1652,38.3447,38.5238,38.7024,38.8806,39.0584,39.2357,39.4125,39.5889
76.5449,68.7226,60.9712,53.2421,45.7559,39.1469,34.1624,30.8604,28.7578,27.3992,26.4994,25.893,25.4823,25.2078,25.0312,24.9274,24.8789,24.8732,24.9015,24.957,25.0346,25.1304,25.2412,25.3647,25.4987,25.6417,25.7924,25.9496,26.1124,26.2801,26.4519,26.6273,26.8059,26.9871,27.1707,27.3564,27.5437,27.7326,27.9227,28.114,28.3062,28.4992,28.6929,28.8871,29.0817,29.2767,29.472,29.6675,29.8631,30.0587,30.2543,30.45,30.6455,30.8409,31.0361,31.2312,31.426,31.6205,31.8148,32.0088,32.2025,32.3959,32.5889,32.7815,32.9738,33.1656,33.3571,33.5482,33.7388,33.9291,34.1189,34.3082,34.4971,34.6856,34.8736,35.0612,35.2483,35.435,35.6212,35.807,35.9923,36.1771,36.3615,36.5454,36.7288,36.9118,37.0943,37.2764,37.458,37.6392,37.8198,38.0001,38.1799,38.3592,38.5381,38.7166,38.8946,39.0721,39.2493,39.4259,39.6022
76.9091,69.1387,61.46,53.8259,46.4307,39.8425,34.7731,31.3475,29.1404,27.7054,26.7511,26.1051,25.6648,25.3676,25.1733,25.0552,24.9949,24.9795,24.9996,25.0481,25.1196,25.2101,25.3163,25.4356,25.566,25.7057,25.8534,26.0079,26.1682,26.3336,26.5034,26.6769,26.8537,27.0333,27.2153,27.3995,27.5856,27.7732,27.9622,28.1523,28.3435,28.5355,28.7282,28.9215,29.1153,29.3095,29.504,29.6987,29.8936,30.0886,30.2836,30.4786,30.6735,30.8683,31.063,31.2575,31.4518,31.6459,31.8397,32.0333,32.2265,32.4194,32.612,32.8042,32.9961,33.1876,33.3787,33.5694,33.7597,33.9496,34.1391,34.3281,34.5167,34.7049,34.8926,35.0799,35.2668,35.4532,35.6391,35.8246,36.0096,36.1942,36.3783,36.562,36.7452,36.928,37.1103,37.2921,37.4735,37.6545,37.835,38.015,38.1946,38.3738,38.5525,38.7307,38.9086,39.086,39.2629,39.4394,39.6155
77.2689,69.5481,61.9383,54.3939,47.086,40.5249,35.3833,31.8408,29.5302,28.0181,27.0082,26.3215,25.8509,25.5304,25.3178,25.185,25.1127,25.0874,25.099,25.1403,25.2057,25.2908,25.3922,25.5073,25.6339,25.7703,25.9149,26.0667,26.2246,26.3877,26.5553,26.7269,26.9019,27.0798,27.2603,27.443,27.6277,27.8141,28.0018,28.1909,28.381,28.572,28.7637,28.9561,29.1491,29.3425,29.5362,29.7302,29.9243,30.1186,30.313,30.5073,30.7016,30.8959,31.09,31.284,31.4778,31.6714,31.8647,32.0578,32.2506,32.4431,32.6352,32.8271,33.0185,33.2097,33.4004,33.5907,33.7807,33.9702,34.1594,34.3481,34.5364,34.7243,34.9117,35.0987,35.2853,35.4714,35.6571,35.8423,36.0271,36.2114,36.3953,36.5787,36.7617,36.9442,37.1263,37.308,37.4891,37.6699,37.8502,38.03,38.2094,38.3884,38.5669,38.745,38.9226,39.0998,39.2766,39.4529,39.6288
77.6245,69.9511,62.4066,54.947,47.7228,41.1938,35.9915,32.3393,29.9269,28.3371,27.2704,26.5421,26.0405,25.6961,25.4647,25.3169,25.2323,25.1968,25.1998,25.2338,25.2928,25.3724,25.469,25.5798,25.7026,25.8356,25.9771,26.1261,26.2814,26.4422,26.6077,26.7773,26.9504,27.1267,27.3056,27.4869,27.6702,27.8552,28.0418,28.2297,28.4187,28.6087,28.7995,28.991,29.1831,29.3756,29.5685,29.7618,29.9552,30.1488,30.3425,30.5362,30.73,30.9236,31.1172,31.3106,31.5039,31.697,31.8898,32.0825,32.2748,32.4668,32.6586,32.85,33.0411,33.2318,33.4222,33.6122,33.8018,33.991,34.1798,34.3682,34.5562,34.7437,34.9309,35.1176,35.3039,35.4897,35.6751,35.8601,36.0446,36.2287,36.4123,36.5955,36.7782,36.9605,37.1424,37.3238,37.5048,37.6853,37.8654,38.045,38.2242,38.403,38.5813,38.7592,38.9367,39.1137,39.2903,39.4665,39.6422
77.9761,70.348,62.8656,55.4861,48.3422,41.8489,36.5965,32.8422,30.3299,28.6621,27.5378,26.7671,26.2336,25.8647,25.6142,25.4509,25.3538,25.3078,25.302,25.3285,25.3811,25.455,25.5467,25.6532,25.7721,25.9015,26.0399,26.1861,26.3388,26.4972,26.6605,26.8281,26.9994,27.174,27.3513,27.5311,27.713,27.8967,28.0821,28.2688,28.4567,28.6457,28.8355,29.0261,29.2173,29.409,29.6011,29.7936,29.9863,30.1792,30.3722,30.5653,30.7584,30.9515,31.1445,31.3374,31.5301,31.7227,31.9151,32.1072,32.2991,32.4907,32.682,32.873,33.0637,33.2541,33.444,33.6337,33.8229,34.0118,34.2003,34.3883,34.576,34.7632,34.9501,35.1365,35.3225,35.5081,35.6932,35.8779,36.0622,36.246,36.4294,36.6123,36.7948,36.9769,37.1585,37.3397,37.5205,37.7008,37.8807,38.0601,38.2391,38.4177,38.5958,38.7735,38.9508,39.1277,39.3041,39.4801,39.6556
78.3237,70.7392,63.3158,56.0121,48.945,42.4904,37.1973,33.3485,30.7388,28.9929,27.8103,26.9963,26.4302,26.0363,25.7661,25.587,25.477,25.4203,25.4056,25.4244,25.4704,25.5386,25.6253,25.7273,25.8422,25.9681,26.1034,26.2466,26.3967,26.5527,26.7138,26.8794,27.0488,27.2216,27.3973,27.5756,27.7561,27.9385,28.1226,28.3081,28.495,28.6829,28.8717,29.0614,29.2517,29.4425,29.6338,29.8255,30.0175,30.2097,30.4021,30.5945,30.787,30.9795,31.1719,31.3643,31.5565,31.7486,31.9405,32.1321,32.3235,32.5147,32.7056,32.8962,33.0865,33.2764,33.466,33.6553,33.8442,34.0327,34.2208,34.4086,34.5959,34.7828,34.9694,35.1555,35.3412,35.5265,35.7114,35.8958,36.0798,36.2634,36.4465,36.6292,36.8115,36.9933,37.1747,37.3557,37.5362,37.7163,37.896,38.0752,38.254,38.4324,38.6104,38.7879,38.965,39.1416,39.3179,39.4937,39.6691
78.6676,71.1247,63.7575,56.5257,49.5322,43.1182,37.7931,33.8573,31.1531,29.3293,28.0877,27.2297,26.6303,26.2108,25.9204,25.7253,25.6021,25.5345,25.5106,25.5216,25.5608,25.6232,25.7047,25.8022,25.9131,26.0354,26.1674,26.3077,26.4551,26.6087,26.7676,26.9311,27.0986,27.2696,27.4437,27.6204,27.7995,27.9805,28.1634,28.3478,28.5335,28.7203,28.9082,29.0969,29.2863,29.4763,29.6668,29.8577,30.0489,30.2404,30.4321,30.6239,30.8158,31.0077,31.1995,31.3913,31.583,31.7746,31.9659,32.1571,32.3481,32.5388,32.7293,32.9194,33.1093,33.2988,33.4881,33.677,33.8655,34.0537,34.2415,34.4289,34.6159,34.8025,34.9888,35.1746,35.36,35.545,35.7296,35.9137,36.0975,36.2808,36.4637,36.6462,36.8282,37.0098,37.191,37.3717,37.552,37.7319,37.9114,38.0904,38.269,38.4472,38.625,38.8023,38.9792,39.1557,39.3317,39.5074,39.6826
79.0079,71.5049,64.1913,57.0277,50.1046,43.7326,38.383,34.3677,31.5723,29.6711,28.37,27.4672,26.8338,26.3882,26.0773,25.8656,25.729,25.6502,25.617,25.62,25.6524,25.7088,25.7851,25.878,25.9848,26.1034,26.2321,26.3694,26.5141,26.6652,26.8218,26.9832,27.1488,27.318,27.4904,27.6656,27.8432,28.0229,28.2045,28.3877,28.5722,28.758,28.9449,29.1326,29.3211,29.5102,29.6999,29.89,30.0805,30.2713,30.4623,30.6534,30.8447,31.036,31.2272,31.4185,31.6096,31.8007,31.9915,32.1822,32.3727,32.563,32.753,32.9428,33.1322,33.3214,33.5102,33.6987,33.8869,34.0747,34.2622,34.4493,34.636,34.8223,35.0082,35.1937,35.3788,35.5636,35.7479,35.9318,36.1152,36.2983,36.481,36.6632,36.845,37.0263,37.2073,37.3878,37.5679,37.7476,37.9268,38.1056,38.284,38.462,38.6396,38.8167,38.9934,39.1697,39.3456,39.5211,39.6962
79.3446,71.88,64.6175,57.5187,50.6631,44.3338,38.9664,34.8788,31.9957,30.0179,28.657,27.7087,27.0409,26.5685,26.2366,26.0081,25.8577,25.7676,25.7247,25.7196,25.745,25.7954,25.8663,25.9545,26.0572,26.1721,26.2974,26.4317,26.5736,26.7221,26.8764,27.0357,27.1994,27.3668,27.5375,27.7111,27.8872,28.0656,28.2459,28.4278,28.6113,28.796,28.9818,29.1685,29.3561,29.5444,29.7332,29.9226,30.1123,30.3024,30.4927,30.6831,30.8737,31.0644,31.2551,31.4458,31.6364,31.8269,32.0173,32.2075,32.3975,32.5873,32.7769,32.9662,33.1553,33.344,33.5325,33.7206,33.9084,34.0959,34.283,34.4697,34.6561,34.8421,35.0277,35.2129,35.3978,35.5822,35.7662,35.9499,36.1331,36.3159,36.4983,36.6802,36.8618,37.0429,37.2236,37.4039,37.5838,37.7633,37.9423,38.1209,38.2991,38.4769,38.6543,38.8312,39.0077,39.1839,39.3596,39.5349,39.7098
79.678,72.2502,65.0365,57.9994,51.2084,44.922,39.5428,35.3899,32.4229,30.3695,28.9485,27.9543,27.2513,26.7518,26.3984,26.1527,25.9883,25.8865,25.8339,25.8205,25.8388,25.8829,25.9485,26.0319,26.1303,26.2414,26.3633,26.4945,26.6336,26.7796,26.9316,27.0887,27.2503,27.4159,27.5849,27.7569,27.9316,28.1085,28.2875,28.4683,28.6505,28.8341,29.0189,29.2047,29.3913,29.5787,29.7667,29.9553,30.1443,30.3336,30.5232,30.713,30.9029,31.093,31.2831,31.4732,31.6633,31.8532,32.0431,32.2328,32.4224,32.6117,32.8009,32.9898,33.1784,33.3667,33.5548,33.7426,33.93,34.1171,34.3039,34.4903,34.6763,34.862,35.0473,35.2322,35.4168,35.6009,35.7847,35.968,36.151,36.3335,36.5156,36.6974,36.8787,37.0596,37.2401,37.4201,37.5998,37.779,37.9578,38.1363,38.3142,38.4918,38.669,38.8457,39.0221,39.198,39.3736,39.5487,39.7234
80.0081,72.6157,65.4486,58.4702,51.7411,45.4977,40.1119,35.9002,32.8533,30.7255,29.2444,28.2038,27.4651,26.9379,26.5626,26.2993,26.1206,26.007,25.9445,25.9226,25.9336,25.9715,26.0315,26.1101,26.2042,26.3114,26.4299,26.5579,26.6942,26.8376,26.9872,27.1421,27.3017,27.4654,27.6327,27.8031,27.9763,28.1518,28.3295,28.509,28.6901,28.8726,29.0563,29.2411,29.4268,29.6133,29.8005,29.9882,30.1764,30.365,30.5539,30.743,30.9323,31.1217,31.3112,31.5008,31.6903,31.8797,32.0691,32.2583,32.4474,32.6363,32.8249,33.0134,33.2016,33.3896,33.5772,33.7646,33.9517,34.1384,34.3248,34.5109,34.6966,34.882,35.067,35.2516,35.4358,35.6197,35.8032,35.9862,36.1689,36.3512,36.5331,36.7145,36.8956,37.0763,37.2565,37.4364,37.6158,37.7948,37.9734,38.1516,38.3294,38.5068,38.6838,38.8603,39.0365,39.2122,39.3876,39.5625,39.7371
80.335,72.9766,65.8541,58.9316,52.2619,46.0613,40.6733,36.409,33.2864,31.0857,29.5446,28.4571,27.6822,27.1268,26.7292,26.4481,26.2548,26.1291,26.0564,26.026,26.0296,26.061,26.1155,26.1891,26.2788,26.3821,26.497,26.6219,26.7553,26.8961,27.0432,27.196,27.3535,27.5154,27.6809,27.8496,28.0213,28.1954,28.3717,28.5499,28.7298,28.9112,29.0939,29.2777,29.4625,29.648,29.8344,30.0213,30.2087,30.3965,30.5847,30.7732,30.9618,31.1506,31.3395,31.5285,31.7174,31.9063,32.0952,32.2839,32.4725,32.6609,32.8491,33.0372,33.225,33.4125,33.5998,33.7868,33.9734,34.1598,34.3459,34.5316,34.717,34.902,35.0867,35.271,35.455,35.6385,35.8217,36.0045,36.1869,36.3689,36.5506,36.7318,36.9126,37.093,37.273,37.4527,37.6319,37.8107,37.9891,38.1671,38.3446,38.5218,38.6986,38.875,39.0509,39.2265,39.4016,39.5764,39.7508
80.6588,73.3331,66.2534,59.3843,52.7714,46.613,41.2267,36.9158,33.7215,31.4496,29.8488,28.7142,27.9027,27.3186,26.8984,26.599,26.3908,26.2528,26.1698,26.1306,26.1267,26.1516,26.2003,26.2689,26.3542,26.4535,26.5649,26.6865,26.8169,26.955,27.0998,27.2502,27.4058,27.5656,27.7294,27.8965,28.0666,28.2392,28.4142,28.5912,28.7699,28.9501,29.1318,29.3145,29.4983,29.683,29.8684,30.0545,30.2412,30.4283,30.6157,30.8035,30.9915,31.1796,31.3679,31.5563,31.7447,31.933,32.1214,32.3096,32.4977,32.6856,32.8734,33.061,33.2484,33.4355,33.6224,33.809,33.9953,34.1813,34.367,34.5524,34.7375,34.9222,35.1065,35.2905,35.4742,35.6575,35.8404,36.0229,36.205,36.3868,36.5681,36.7491,36.9297,37.1098,37.2896,37.469,37.648,37.8266,38.0048,38.1825,38.3599,38.5369,38.7135,38.8896,39.0654,39.2408,39.4158,39.5903,39.7645
80.9796,73.6855,66.6467,59.8285,53.2701,47.1534,41.7721,37.42,34.1583,31.817,30.1569,28.9749,28.1263,27.5131,27.0699,26.752,26.5287,26.3781,26.2846,26.2364,26.2248,26.2431,26.2861,26.3496,26.4303,26.5256,26.6333,26.7516,26.8791,27.0145,27.1568,27.305,27.4584,27.6163,27.7783,27.9437,28.1122,28.2834,28.457,28.6327,28.8102,28.9893,29.1698,29.3516,29.5344,29.7182,29.9027,30.088,30.2738,30.4602,30.6469,30.834,31.0213,31.2088,31.3965,31.5843,31.7721,31.9599,32.1477,32.3354,32.523,32.7105,32.8978,33.085,33.2719,33.4586,33.6451,33.8313,34.0173,34.2029,34.3883,34.5733,34.758,34.9424,35.1264,35.3101,35.4935,35.6764,35.8591,36.0413,36.2232,36.4046,36.5857,36.7665,36.9468,37.1267,37.3063,37.4854,37.6642,37.8425,38.0205,38.1981,38.3752,38.552,38.7284,38.9043,39.0799,39.2551,39.4299,39.6043,39.7783
81.2976,74.0337,67.0343,60.2647,53.7587,47.6827,42.3093,37.9211,34.5961,32.1875,30.4686,29.2391,28.3531,27.7105,27.2438,26.907,26.6683,26.505,26.4008,26.3435,26.3241,26.3357,26.3727,26.431,26.5071,26.5983,26.7024,26.8174,26.9419,27.0745,27.2142,27.3601,27.5114,27.6674,27.8275,27.9912,28.1582,28.3279,28.5001,28.6745,28.8507,29.0287,29.2081,29.3889,29.5707,29.7535,29.9372,30.1216,30.3067,30.4922,30.6782,30.8646,31.0513,31.2381,31.4252,31.6124,31.7996,31.9869,32.1741,32.3613,32.5485,32.7355,32.9223,33.109,33.2955,33.4818,33.6679,33.8537,34.0393,34.2246,34.4096,34.5943,34.7786,34.9627,35.1464,35.3298,35.5128,35.6955,35.8778,36.0598,36.2414,36.4226,36.6034,36.7839,36.964,37.1437,37.323,37.5019,37.6804,37.8585,38.0363,38.2136,38.3906,38.5672,38.7433,38.9191,39.0945,39.2695,39.4441,39.6183,39.7922
81.6127,74.3781,67.4164,60.6933,54.2375,48.2016,42.8384,38.4187,35.0346,32.5608,30.7837,29.5068,28.583,27.9106,27.4201,27.0642,26.8098,26.6335,26.5184,26.4519,26.4246,26.4292,26.4603,26.5133,26.5847,26.6718,26.7721,26.8837,27.0051,27.135,27.2721,27.4157,27.5648,27.7188,27.8771,28.0391,28.2044,28.3727,28.5435,28.7165,28.8916,29.0684,29.2467,29.4264,29.6072,29.7891,29.9719,30.1555,30.3397,30.5245,30.7097,30.8954,31.0814,31.2676,31.454,31.6406,31.8273,32.014,32.2007,32.3874,32.574,32.7606,32.947,33.1332,33.3193,33.5052,33.6908,33.8762,34.0614,34.2463,34.431,34.6153,34.7993,34.983,35.1664,35.3495,35.5322,35.7146,35.8967,36.0783,36.2596,36.4406,36.6212,36.8014,36.9812,37.1606,37.3397,37.5184,37.6967,37.8746,38.0521,38.2293,38.406,38.5824,38.7583,38.9339,39.1091,39.2839,39.4584,39.6324,39.806
81.9251,74.7186,67.7931,61.1146,54.707,48.7102,43.3592,38.9124,35.4732,32.9365,31.1021,29.7777,28.8159,28.1133,27.5987,27.2234,26.953,26.7636,26.6374,26.5615,26.5261,26.5238,26.5488,26.5964,26.6631,26.7459,26.8424,26.9506,27.0689,27.1959,27.3305,27.4717,27.6187,27.7706,27.927,28.0873,28.251,28.4177,28.5871,28.7588,28.9326,29.1082,29.2855,29.4641,29.6439,29.8249,30.0068,30.1895,30.3729,30.5569,30.7414,30.9263,31.1116,31.2972,31.483,31.669,31.8551,32.0412,32.2274,32.4136,32.5997,32.7857,32.9717,33.1575,33.3431,33.5286,33.7138,33.8988,34.0836,34.2682,34.4524,34.6364,34.8201,35.0035,35.1866,35.3693,35.5517,35.7338,35.9156,36.097,36.278,36.4587,36.639,36.8189,36.9985,37.1777,37.3565,37.535,37.713,37.8907,38.068,38.2449,38.4215,38.5976,38.7734,38.9488,39.1238,39.2984,39.4726,39.6465,39.82
82.2349,75.0556,68.1649,61.5289,55.1677,49.2091,43.8719,39.4019,35.9115,33.3143,31.4235,30.0517,29.0518,28.3187,27.7797,27.3846,27.0981,26.8952,26.7577,26.6723,26.6287,26.6194,26.6381,26.6804,26.7422,26.8207,26.9134,27.0181,27.1333,27.2574,27.3894,27.5282,27.6729,27.8228,27.9773,28.1359,28.2979,28.4631,28.6311,28.8014,28.974,29.1484,29.3245,29.502,29.6809,29.8609,30.0418,30.2237,30.4062,30.5895,30.7732,30.9574,31.1421,31.327,31.5121,31.6975,31.883,32.0686,32.2542,32.4399,32.6255,32.811,32.9965,33.1819,33.367,33.5521,33.7369,33.9215,34.1059,34.2901,34.474,34.6576,34.841,35.024,35.2068,35.3892,35.5713,35.7531,35.9345,36.1156,36.2964,36.4768,36.6568,36.8365,37.0158,37.1948,37.3734,37.5516,37.7294,37.9069,38.084,38.2607,38.437,38.6129,38.7885,38.9637,39.1385,39.3129,39.487,39.6606,39.8339
82.5421,75.389,68.5317,61.9366,55.6199,49.6986,44.3766,39.8869,36.3491,33.6938,31.7477,30.3288,29.2905,28.5267,27.963,27.5478,27.2449,27.0284,26.8795,26.7844,26.7325,26.7159,26.7284,26.7651,26.8221,26.8962,26.985,27.0862,27.1981,27.3194,27.4487,27.5851,27.7276,27.8754,28.028,28.1848,28.3452,28.5088,28.6753,28.8443,29.0156,29.1888,29.3637,29.5402,29.718,29.897,30.0771,30.2581,30.4398,30.6222,30.8052,30.9887,31.1726,31.3569,31.5414,31.7262,31.9111,32.0961,32.2812,32.4663,32.6514,32.8365,33.0214,33.2063,33.3911,33.5757,33.7601,33.9443,34.1283,34.3121,34.4956,34.6789,34.8619,35.0446,35.227,35.4092,35.5909,35.7724,35.9536,36.1344,36.3149,36.495,36.6748,36.8542,37.0333,37.212,37.3903,37.5683,37.7459,37.9231,38.1,38.2765,38.4526,38.6283,38.8037,38.9786,39.1533,39.3275,39.5014,39.6748,39.8479
82.8469,75.7189,68.8939,62.338,56.064,50.1791,44.8732,40.3673,36.7856,34.0747,32.0744,30.6087,29.5321,28.7372,28.1486,27.7131,27.3935,27.1632,27.0027,26.8977,26.8374,26.8135,26.8196,26.8507,26.9027,26.9724,27.0572,27.1548,27.2636,27.3819,27.5085,27.6424,27.7826,27.9284,28.0791,28.234,28.3927,28.5548,28.7198,28.8875,29.0574,29.2294,29.4032,29.5786,29.7554,29.9334,30.1126,30.2926,30.4735,30.6551,30.8374,31.0201,31.2034,31.3869,31.5708,31.7549,31.9393,32.1237,32.3082,32.4928,32.6774,32.862,33.0465,33.2309,33.4152,33.5994,33.7834,33.9672,34.1508,34.3342,34.5174,34.7003,34.8829,35.0653,35.2474,35.4292,35.6107,35.7918,35.9727,36.1532,36.3334,36.5133,36.6928,36.8719,37.0507,37.2292,37.4073,37.585,37.7624,37.9394,38.116,38.2923,38.4682,38.6437,38.8189,38.9936,39.1681,39.3421,39.5158,39.6891,39.862
83.1491,76.0456,69.2515,62.7332,56.5004,50.6508,45.3621,40.8428,37.2207,34.4567,32.4035,30.8914,29.7763,28.9503,28.3363,27.8803,27.5438,27.2995,27.1272,27.0122,26.9433,26.912,26.9117,26.9371,26.9841,27.0493,27.1301,27.2241,27.3295,27.4449,27.5688,27.7002,27.8381,27.9818,28.1305,28.2836,28.4406,28.6011,28.7646,28.9309,29.0995,29.2703,29.4429,29.6172,29.793,29.97,30.1482,30.3274,30.5074,30.6882,30.8697,31.0517,31.2342,31.4171,31.6004,31.7839,31.9676,32.1515,32.3354,32.5195,32.7036,32.8876,33.0717,33.2556,33.4395,33.6232,33.8068,33.9902,34.1734,34.3564,34.5392,34.7217,34.904,35.0861,35.2678,35.4493,35.6304,35.8113,35.9919,36.1721,36.352,36.5316,36.7108,36.8897,37.0683,37.2465,37.4243,37.6018,37.7789,37.9557,38.1321,38.3082,38.4839,38.6592,38.8341,39.0087,39.1829,39.3568,39.5302,39.7033,39.8761
83.4491,76.3691,69.6048,63.1226,56.9294,51.1143,45.8432,41.3133,37.6541,34.8395,32.7347,31.1766,30.0231,29.1657,28.5263,28.0495,27.6959,27.4373,27.2531,27.128,27.0504,27.0116,27.0047,27.0243,27.0662,27.1269,27.2035,27.2939,27.3961,27.5084,27.6295,27.7584,27.894,28.0355,28.1822,28.3335,28.4888,28.6477,28.8097,28.9746,29.1419,29.3114,29.4829,29.6561,29.8308,30.0068,30.1841,30.3623,30.5415,30.7215,30.9022,31.0835,31.2653,31.4475,31.6301,31.8129,31.996,32.1793,32.3627,32.5463,32.7298,32.9134,33.0969,33.2804,33.4638,33.6471,33.8302,34.0132,34.1961,34.3787,34.5611,34.7433,34.9252,35.1069,35.2883,35.4695,35.6503,35.8309,36.0111,36.1911,36.3707,36.55,36.7289,36.9076,37.0859,37.2638,37.4414,37.6187,37.7956,37.9721,38.1483,38.3241,38.4996,38.6747,38.8494,39.0238,39.1978,39.3715,39.5447,39.7177,39.8902
83.7467,76.6894,69.9539,63.5064,57.3513,51.5697,46.3168,41.7787,38.0855,35.2228,33.0677,31.4643,30.2724,29.3836,28.7185,28.2206,27.8498,27.5767,27.3804,27.245,27.1586,27.1121,27.0986,27.1123,27.149,27.2051,27.2777,27.3643,27.4631,27.5724,27.6907,27.8171,27.9503,28.0896,28.2343,28.3838,28.5373,28.6946,28.8551,29.0185,29.1845,29.3528,29.5231,29.6951,29.8688,30.0438,30.2201,30.3975,30.5758,30.755,30.9349,31.1154,31.2965,31.478,31.6599,31.8421,32.0246,32.2073,32.3902,32.5731,32.7562,32.9392,33.1223,33.3053,33.4882,33.6711,33.8538,34.0364,34.2188,34.401,34.5831,34.7649,34.9465,35.1278,35.3089,35.4897,35.6702,35.8505,36.0304,36.2101,36.3894,36.5684,36.7471,36.9255,37.1035,37.2812,37.4586,37.6356,37.8122,37.9885,38.1645,38.3401,38.5153,38.6902,38.8648,39.0389,39.2128,39.3862,39.5593,39.732,39.9044
84.0421,77.0068,70.299,63.8849,57.7664,52.0174,46.783,42.2389,38.5147,35.6063,33.4024,31.7542,30.5242,29.6037,28.9127,28.3937,28.0053,27.7177,27.5091,27.3632,27.2678,27.2136,27.1933,27.2012,27.2327,27.2841,27.3524,27.4353,27.5307,27.6369,27.7524,27.8761,28.007,28.1442,28.2868,28.4343,28.5862,28.7418,28.9008,29.0628,29.2274,29.3944,29.5635,29.7344,29.907,30.081,30.2563,30.4328,30.6103,30.7886,30.9677,31.1475,31.3278,31.5086,31.6899,31.8715,32.0533,32.2355,32.4177,32.6002,32.7827,32.9652,33.1478,33.3303,33.5128,33.6952,33.8775,34.0596,34.2417,34.4235,34.6052,34.7866,34.9678,35.1488,35.3296,35.51,35.6902,35.8702,36.0498,36.2292,36.4082,36.5869,36.7654,36.9435,37.1212,37.2987,37.4758,37.6525,37.8289,38.005,38.1808,38.3561,38.5312,38.7058,38.8802,39.0541,39.2277,39.401,39.5739,39.7464,39.9186
84.3353,77.3212,70.6401,64.2581,58.175,52.4576,47.242,42.6938,38.9413,35.9897,33.7385,32.0462,30.7782,29.8261,29.1091,28.5686,28.1625,27.8601,27.639,27.4826,27.3782,27.3162,27.289,27.2909,27.317,27.3637,27.4278,27.5069,27.5988,27.7019,27.8146,27.9357,28.0641,28.1991,28.3397,28.4853,28.6353,28.7893,28.9468,29.1073,29.2706,29.4363,29.6041,29.7739,29.9454,30.1184,30.2928,30.4683,30.6449,30.8224,31.0007,31.1797,31.3593,31.5394,31.72,31.9009,32.0822,32.2637,32.4454,32.6273,32.8093,32.9913,33.1734,33.3554,33.5374,33.7194,33.9012,34.083,34.2646,34.446,34.6273,34.8084,34.9892,35.1699,35.3503,35.5304,35.7103,35.8899,36.0693,36.2483,36.4271,36.6055,36.7837,36.9615,37.139,37.3162,37.493,37.6695,37.8457,38.0216,38.1971,38.3722,38.547,38.7215,38.8956,39.0694,39.2428,39.4158,39.5885,39.7609,39.9329
84.6264,77.6328,70.9775,64.6264,58.5773,52.8907,47.694,43.1435,39.3653,36.3728,34.0758,32.3402,31.0344,30.0506,29.3074,28.7454,28.3214,28.004,27.7704,27.6032,27.4897,27.4197,27.3856,27.3814,27.4021,27.444,27.5039,27.5791,27.6675,27.7674,27.8772,27.9956,28.1217,28.2543,28.3929,28.5366,28.6848,28.8371,28.993,29.1521,29.314,29.4784,29.645,29.8137,29.9841,30.1561,30.3294,30.504,30.6797,30.8564,31.0338,31.2121,31.3909,31.5704,31.7503,31.9306,32.1112,32.2921,32.4732,32.6545,32.836,33.0175,33.1991,33.3806,33.5622,33.7437,33.9251,34.1064,34.2876,34.4687,34.6496,34.8303,35.0108,35.191,35.3711,35.5509,35.7305,35.9098,36.0888,36.2676,36.446,36.6242,36.802,36.9796,37.1568,37.3338,37.5104,37.6866,37.8626,38.0382,38.2134,38.3884,38.563,38.7372,38.9111,39.0847,39.2579,39.4307,39.6032,39.7754,39.9472
84.9155,77.9417,71.3113,64.9899,58.9735,53.3169,48.1391,43.5878,39.7864,36.7553,34.4142,32.636,31.2927,30.2773,29.5078,28.924,28.4819,28.1495,27.9031,27.7251,27.6022,27.5242,27.4831,27.4727,27.488,27.525,27.5805,27.6518,27.7367,27.8334,27.9403,28.056,28.1796,28.31,28.4464,28.5882,28.7346,28.8853,29.0396,29.1971,29.3577,29.5208,29.6862,29.8536,30.0229,30.1939,30.3663,30.5399,30.7147,30.8905,31.0672,31.2446,31.4227,31.6015,31.7807,31.9603,32.1403,32.3206,32.5012,32.6819,32.8628,33.0438,33.2249,33.406,33.587,33.7681,33.9491,34.13,34.3107,34.4914,34.6719,34.8522,35.0323,35.2123,35.392,35.5715,35.7507,35.9297,36.1084,36.2869,36.465,36.6429,36.8205,36.9978,37.1747,37.3514,37.5277,37.7038,37.8795,38.0548,38.2299,38.4046,38.5789,38.753,38.9266,39.1,39.273,39.4457,39.618,39.7899,39.9616
85.2025,78.2479,71.6415,65.3488,59.364,53.7365,48.5776,44.0269,40.2045,37.137,34.7533,32.9334,31.553,30.5059,29.7101,29.1044,28.644,28.2963,28.0371,27.8481,27.7158,27.6296,27.5814,27.5648,27.5746,27.6067,27.6578,27.7252,27.8065,27.8999,28.0038,28.1169,28.238,28.3661,28.5004,28.6402,28.7848,28.9337,29.0864,29.2425,29.4016,29.5634,29.7275,29.8938,30.062,30.2319,30.4033,30.576,30.7499,30.9248,31.1007,31.2773,31.4547,31.6327,31.8112,31.9902,32.1696,32.3493,32.5292,32.7094,32.8898,33.0702,33.2508,33.4314,33.612,33.7926,33.9731,34.1536,34.334,34.5142,34.6943,34.8743,35.054,35.2336,35.413,35.5921,35.771,35.9497,36.1281,36.3062,36.4841,36.6617,36.839,37.016,37.1927,37.3691,37.5452,37.7209,37.8964,38.0715,38.2463,38.4208,38.595,38.7688,38.9422,39.1154,39.2882,39.4606,39.6328,39.8045,39.976
85.4875,78.5515,71.9683,65.7032,59.7489,54.1497,49.0096,44.4607,40.6194,37.5178,35.093,33.2323,31.8151,30.7366,29.9143,29.2865,28.8078,28.4447,28.1724,27.9723,27.8305,27.7361,27.6807,27.6577,27.6619,27.6891,27.7357,27.7991,27.8768,27.9669,28.0678,28.1782,28.2967,28.4225,28.5547,28.6925,28.8352,28.9824,29.1335,29.2881,29.4458,29.6062,29.7691,29.9343,30.1013,30.2701,30.4405,30.6123,30.7852,30.9593,31.1343,31.3102,31.4868,31.6641,31.8419,32.0202,32.199,32.378,32.5574,32.737,32.9168,33.0968,33.2768,33.4569,33.6371,33.8172,33.9973,34.1773,34.3573,34.5371,34.7168,34.8964,35.0758,35.255,35.434,35.6128,35.7914,35.9697,36.1478,36.3257,36.5032,36.6805,36.8575,37.0343,37.2107,37.3868,37.5627,37.7382,37.9134,38.0883,38.2629,38.4371,38.611,38.7846,38.9579,39.1308,39.3034,39.4757,39.6476,39.8192,39.9904
85.7707,78.8525,72.2917,66.0533,60.1285,54.5567,49.4354,44.8893,41.0311,37.8973,35.4331,33.5326,32.079,30.9691,30.1203,29.4704,28.9731,28.5945,28.309,28.0977,27.9462,27.8435,27.7808,27.7514,27.75,27.7721,27.8143,27.8736,27.9476,28.0344,28.1323,28.2399,28.3559,28.4793,28.6093,28.7451,28.886,29.0314,29.1809,29.334,29.4902,29.6493,29.811,29.9749,30.1408,30.3086,30.4779,30.6487,30.8208,30.994,31.1682,31.3432,31.5191,31.6956,31.8727,32.0504,32.2285,32.4069,32.5857,32.7648,32.944,33.1234,33.303,33.4826,33.6622,33.8419,34.0215,34.2011,34.3807,34.5601,34.7394,34.9186,35.0976,35.2765,35.4551,35.6336,35.8118,35.9898,36.1676,36.3452,36.5224,36.6994,36.8762,37.0526,37.2288,37.4047,37.5802,37.7555,37.9305,38.1051,38.2794,38.4535,38.6272,38.8005,38.9736,39.1463,39.3187,39.4907,39.6625,39.8339,40.0049
86.0519,79.1511,72.612,66.3993,60.5028,54.9578,49.855,45.3126,41.4394,38.2755,35.7734,33.834,32.3446,31.2034,30.3281,29.6559,29.14,28.7456,28.4469,28.2243,28.063,27.9518,27.8818,27.846,27.8388,27.8558,27.8934,27.9486,28.019,28.1024,28.1973,28.302,28.4155,28.5366,28.6644,28.7981,28.9371,29.0808,29.2286,29.3801,29.5349,29.6927,29.8531,30.0158,30.1806,30.3472,30.5156,30.6854,30.8565,31.0288,31.2021,31.3764,31.5515,31.7273,31.9037,32.0807,32.2581,32.436,32.6142,32.7926,32.9713,33.1502,33.3292,33.5083,33.6875,33.8667,34.0459,34.225,34.4041,34.5832,34.7621,34.9409,35.1195,35.298,35.4763,35.6544,35.8324,36.01,36.1875,36.3647,36.5417,36.7184,36.8949,37.071,37.2469,37.4225,37.5978,37.7729,37.9476,38.122,38.2961,38.4699,38.6433,38.8165,38.9893,39.1618,39.334,39.5059,39.6774,39.8486,40.0194
86.3313,79.4474,72.9292,66.7413,60.8722,55.3531,50.2687,45.7309,41.8443,38.6521,36.1137,34.1364,32.6116,31.4394,30.5376,29.8431,29.3084,28.8982,28.586,28.352,28.1809,28.0612,27.9837,27.9413,27.9283,27.9402,27.9732,28.0243,28.0909,28.171,28.2627,28.3646,28.4755,28.5941,28.7197,28.8514,28.9885,29.1304,29.2766,29.4266,29.5799,29.7363,29.8954,30.0569,30.2205,30.3861,30.5534,30.7222,30.8924,31.0638,31.2363,31.4098,31.5841,31.7591,31.9349,32.1111,32.2879,32.4651,32.6427,32.8206,32.9987,33.1771,33.3556,33.5342,33.7129,33.8916,34.0703,34.249,34.4277,34.6063,34.7849,34.9633,35.1415,35.3196,35.4976,35.6754,35.8529,36.0303,36.2075,36.3844,36.561,36.7375,36.9136,37.0895,37.2651,37.4405,37.6155,37.7903,37.9648,38.1389,38.3128,38.4863,38.6596,38.8325,39.0051,39.1774,39.3494,39.521,39.6923,39.8633,40.034
86.609,79.7413,73.2433,67.0794,61.2368,55.7429,50.6766,46.144,42.2457,39.0271,36.4539,34.4397,32.8801,31.677,30.7488,30.0319,29.4783,29.0522,28.7265,28.4808,28.2998,28.1714,28.0864,28.0374,28.0186,28.0253,28.0536,28.1005,28.1634,28.24,28.3286,28.4276,28.5359,28.6521,28.7755,28.9051,29.0403,29.1804,29.3249,29.4733,29.6252,29.7802,29.9379,30.0982,30.2607,30.4251,30.5914,30.7592,30.9285,31.099,31.2706,31.4433,31.6168,31.7911,31.9661,32.1417,32.3179,32.4944,32.6714,32.8487,33.0263,33.2041,33.382,33.5601,33.7383,33.9166,34.0949,34.2731,34.4514,34.6296,34.8077,34.9857,35.1636,35.3414,35.519,35.6964,35.8736,36.0507,36.2275,36.4041,36.5804,36.7566,36.9324,37.1081,37.2834,37.4585,37.6333,37.8078,37.982,38.1559,38.3295,38.5028,38.6759,38.8486,39.021,39.193,39.3648,39.5362,39.7074,39.8782,40.0486
86.8849,80.0329,73.5546,67.4137,61.5967,56.1273,51.0789,46.5522,42.6436,39.4003,36.7938,34.7438,33.1499,31.9162,30.9615,30.2222,29.6497,29.2075,28.8681,28.6108,28.4197,28.2827,28.19,28.1343,28.1096,28.111,28.1347,28.1773,28.2363,28.3095,28.3949,28.4911,28.5967,28.7105,28.8316,28.9591,29.0924,29.2306,29.3734,29.5203,29.6707,29.8243,29.9807,30.1397,30.301,30.4644,30.6296,30.7964,30.9647,31.1344,31.3051,31.477,31.6497,31.8233,31.9975,32.1724,32.3479,32.5239,32.7002,32.8769,33.0539,33.2312,33.4086,33.5862,33.7639,33.9417,34.1195,34.2973,34.4752,34.6529,34.8306,35.0083,35.1858,35.3632,35.5404,35.7175,35.8944,36.0711,36.2476,36.4239,36.5999,36.7757,36.9513,37.1267,37.3017,37.4765,37.6511,37.8253,37.9993,38.1729,38.3463,38.5194,38.6922,38.8647,39.0368,39.2087,39.3803,39.5515,39.7224,39.893,40.0633
87.1591,80.3224,73.8629,67.7445,61.9521,56.5065,51.4758,46.9554,43.0379,39.7715,37.1333,35.0484,33.4209,32.1569,31.1759,30.4141,29.8225,29.3642,29.011,28.742,28.5407,28.3948,28.2945,28.2321,28.2014,28.1974,28.2163,28.2547,28.3098,28.3795,28.4617,28.555,28.6579,28.7692,28.8881,29.0135,29.1447,29.2812,29.4223,29.5675,29.7164,29.8686,30.0237,30.1815,30.3416,30.5039,30.668,30.8338,31.0012,31.1699,31.3398,31.5108,31.6827,31.8555,32.0291,32.2033,32.3781,32.5534,32.7291,32.9053,33.0817,33.2584,33.4353,33.6124,33.7896,33.9669,34.1442,34.3216,34.499,34.6764,34.8537,35.0309,35.208,35.385,35.5619,35.7386,35.9152,36.0916,36.2677,36.4437,36.6195,36.795,36.9703,37.1453,37.3201,37.4946,37.6689,37.8429,38.0166,38.19,38.3632,38.536,38.7086,38.8808,39.0528,39.2244,39.3958,39.5668,39.7375,39.9079,40.078
87.4316,80.6097,74.1686,68.0717,62.3032,56.8807,51.8674,47.3538,43.4285,40.1407,37.4722,35.3535,33.693,32.3989,31.3917,30.6074,29.9968,29.5221,29.1551,28.8742,28.6627,28.5079,28.3998,28.3306,28.2938,28.2845,28.2986,28.3327,28.3839,28.45,28.529,28.6193,28.7195,28.8284,28.9449,29.0682,29.1975,29.3321,29.4714,29.615,29.7624,29.9132,30.067,30.2235,30.3824,30.5436,30.7066,30.8714,31.0378,31.2056,31.3746,31.5448,31.7159,31.888,32.0608,32.2343,32.4084,32.5831,32.7582,32.9337,33.1096,33.2857,33.4621,33.6386,33.8154,33.9922,34.1691,34.346,34.523,34.6999,34.8768,35.0536,35.2304,35.407,35.5835,35.7599,35.9361,36.1121,36.288,36.4636,36.6391,36.8143,36.9893,37.164,37.3386,37.5128,37.6868,37.8605,38.034,38.2072,38.3801,38.5527,38.725,38.897,39.0688,39.2402,39.4113,39.5822,39.7527,39.9229,40.0928
87.7025,80.8948,74.4715,68.3955,62.6501,57.2501,52.2539,47.7475,43.8156,40.5078,37.8103,35.6589,33.9661,32.6423,31.609,30.8022,30.1724,29.6814,29.3004,29.0075,28.7857,28.6219,28.506,28.4298,28.387,28.3723,28.3815,28.4112,28.4585,28.521,28.5968,28.6841,28.7815,28.8879,29.0021,29.1232,29.2505,29.3832,29.5209,29.6629,29.8087,29.9581,30.1105,30.2657,30.4235,30.5834,30.7454,30.9092,31.0746,31.2415,31.4096,31.5789,31.7493,31.9206,32.0926,32.2655,32.4389,32.6129,32.7874,32.9623,33.1376,33.3132,33.489,33.665,33.8412,34.0176,34.194,34.3705,34.547,34.7235,34.9,35.0764,35.2528,35.429,35.6052,35.7812,35.9571,36.1328,36.3083,36.4836,36.6587,36.8337,37.0084,37.1828,37.3571,37.5311,37.7048,37.8783,38.0515,38.2244,38.3971,38.5694,38.7415,38.9133,39.0848,39.256,39.427,39.5976,39.7679,39.9379,40.1076
87.9717,81.178,74.7718,68.716,62.993,57.6147,52.6355,48.1364,44.199,40.8726,38.1476,35.9646,34.24,32.8869,31.8276,30.9984,30.3493,29.8419,29.4469,29.1419,28.9097,28.7369,28.613,28.5299,28.4809,28.4607,28.465,28.4903,28.5336,28.5925,28.665,28.7493,28.844,28.9478,29.0596,29.1786,29.3038,29.4347,29.5706,29.7109,29.8553,30.0031,30.1542,30.3082,30.4647,30.6235,30.7844,30.9472,31.1116,31.2775,31.4448,31.6133,31.7828,31.9533,32.1246,32.2967,32.4695,32.6428,32.8167,32.991,33.1657,33.3407,33.516,33.6915,33.8672,34.0431,34.219,34.3951,34.5711,34.7472,34.9233,35.0993,35.2753,35.4512,35.6269,35.8026,35.9781,36.1535,36.3287,36.5037,36.6785,36.8531,37.0275,37.2017,37.3756,37.5494,37.7228,37.896,38.069,38.2417,38.4141,38.5862,38.7581,38.9296,39.1009,39.2719,39.4426,39.613,39.7831,39.9529,40.1224
88.2395,81.4592,75.0696,69.0334,63.3319,57.9749,53.0122,48.5209,44.5788,41.2351,38.4839,36.2703,34.5147,33.1326,32.0475,31.1959,30.5276,30.0037,29.5946,29.2774,29.0347,28.8527,28.7209,28.6307,28.5755,28.5497,28.5491,28.5699,28.6092,28.6645,28.7336,28.8149,28.9068,29.008,29.1175,29.2343,29.3575,29.4865,29.6206,29.7593,29.9021,30.0485,30.1982,30.3509,30.5062,30.6638,30.8236,30.9853,31.1488,31.3138,31.4801,31.6477,31.8165,31.9862,32.1568,32.3282,32.5002,32.6729,32.8461,33.0198,33.1939,33.3684,33.5431,33.7181,33.8933,34.0687,34.2442,34.4197,34.5954,34.771,34.9467,35.1223,35.2979,35.4734,35.6488,35.8241,35.9992,36.1742,36.3491,36.5238,36.6983,36.8726,37.0467,37.2206,37.3943,37.5677,37.7409,37.9139,38.0865,38.259,38.4311,38.603,38.7747,38.946,39.1171,39.2878,39.4583,39.6285,39.7984,39.968,40.1373
88.5057,81.7384,75.3649,69.3476,63.6671,58.3306,53.3842,48.9008,44.9549,41.5953,38.8191,36.576,34.79,33.3794,32.2687,31.3947,30.7071,30.1667,29.7433,29.414,29.1606,28.9695,28.8296,28.7323,28.6708,28.6395,28.6338,28.6501,28.6854,28.737,28.8028,28.881,28.97,29.0687,29.1758,29.2903,29.4115,29.5386,29.6709,29.8079,29.9491,30.0941,30.2424,30.3938,30.5478,30.7043,30.863,31.0237,31.1861,31.3502,31.5156,31.6824,31.8503,32.0192,32.1891,32.3597,32.5311,32.7031,32.8757,33.0488,33.2223,33.3962,33.5704,33.7449,33.9195,34.0944,34.2694,34.4445,34.6197,34.7949,34.9701,35.1453,35.3205,35.4956,35.6707,35.8456,36.0204,36.1951,36.3696,36.544,36.7182,36.8922,37.066,37.2396,37.413,37.5861,37.7591,37.9317,38.1042,38.2764,38.4483,38.6199,38.7913,38.9624,39.1333,39.3038,39.4741,39.6441,39.8138,39.9832,40.1523
88.7704,82.0157,75.6579,69.6588,63.9985,58.6821,53.7516,49.2763,45.3275,41.9531,39.1532,36.8815,35.0659,33.6271,32.491,31.5948,30.8879,30.3308,29.8933,29.5516,29.2876,29.0871,28.9391,28.8347,28.7668,28.7298,28.7191,28.7309,28.7621,28.8099,28.8723,28.9474,29.0337,29.1297,29.2344,29.3467,29.4658,29.591,29.7215,29.8568,29.9964,30.1399,30.2868,30.4369,30.5897,30.745,30.9026,31.0622,31.2237,31.3868,31.5513,31.7172,31.8843,32.0524,32.2215,32.3914,32.5621,32.7334,32.9054,33.0779,33.2508,33.4241,33.5977,33.7717,33.9458,34.1202,34.2947,34.4694,34.6441,34.8189,34.9937,35.1685,35.3433,35.518,35.6927,35.8672,36.0417,36.216,36.3902,36.5643,36.7381,36.9118,37.0853,37.2586,37.4317,37.6046,37.7773,37.9497,38.1219,38.2938,38.4655,38.6369,38.808,38.9789,39.1495,39.3198,39.4899,39.6597,39.8291,39.9983,40.1672
89.0336,82.2912,75.9484,69.9671,64.3264,59.0294,54.1147,49.6476,45.6964,42.3084,39.486,37.1867,35.3423,33.8758,32.7145,31.796,31.0698,30.4962,30.0443,29.6902,29.4154,29.2056,29.0494,28.9378,28.8635,28.8209,28.8051,28.8123,28.8393,28.8834,28.9424,29.0144,29.0977,29.1911,29.2934,29.4034,29.5204,29.6436,29.7723,29.906,30.044,30.186,30.3315,30.4802,30.6318,30.7859,30.9424,31.101,31.2614,31.4235,31.5871,31.7522,31.9184,32.0857,32.254,32.4232,32.5932,32.7639,32.9352,33.1071,33.2794,33.4521,33.6252,33.7986,33.9722,34.1461,34.3202,34.4943,34.6686,34.8429,35.0173,35.1917,35.3661,35.5404,35.7147,35.8889,36.063,36.237,36.4109,36.5846,36.7582,36.9315,37.1047,37.2778,37.4506,37.6232,37.7955,37.9677,38.1396,38.3113,38.4827,38.6539,38.8248,38.9954,39.1658,39.3359,39.5057,39.6753,39.8446,40.0136,40.1823
89.2954,82.5648,76.2367,70.2726,64.6509,59.3727,54.4734,50.0147,46.0619,42.6612,39.8174,37.4917,35.6191,34.1253,32.939,31.9984,31.253,30.6627,30.1963,29.8298,29.5443,29.325,29.1605,29.0416,28.9609,28.9125,28.8916,28.8942,28.917,28.9573,29.0129,29.0817,29.1622,29.2529,29.3527,29.4605,29.5754,29.6966,29.8235,29.9554,30.0918,30.2323,30.3764,30.5238,30.6741,30.8271,30.9824,31.1399,31.2993,31.4604,31.6232,31.7873,31.9527,32.1192,32.2868,32.4552,32.6245,32.7945,32.9652,33.1364,33.3081,33.4802,33.6528,33.8256,33.9988,34.1721,34.3457,34.5194,34.6932,34.8671,35.0411,35.215,35.389,35.563,35.7369,35.9107,36.0845,36.2581,36.4316,36.605,36.7782,36.9513,37.1242,37.2969,37.4695,37.6418,37.8139,37.9858,38.1574,38.3288,38.5,38.6709,38.8416,39.012,39.1821,39.352,39.5216,39.691,39.8601,40.0288,40.1973
89.5558,82.8367,76.5228,70.5753,64.9719,59.7122,54.8279,50.3776,46.4238,43.0115,40.1474,37.7961,35.8961,34.3755,33.1646,32.202,31.4373,30.8303,30.3495,29.9704,29.674,29.4453,29.2725,29.1462,29.059,29.0048,28.9787,28.9766,28.9952,29.0317,29.0838,29.1495,29.227,29.3151,29.4124,29.5179,29.6307,29.7499,29.8749,30.0051,30.1399,30.2789,30.4216,30.5676,30.7166,30.8684,31.0226,31.179,31.3374,31.4975,31.6593,31.8226,31.9871,32.1528,32.3196,32.4873,32.6559,32.8252,32.9952,33.1658,33.3369,33.5085,33.6805,33.8528,34.0254,34.1982,34.3713,34.5445,34.7179,34.8914,35.0649,35.2384,35.412,35.5856,35.7591,35.9326,36.106,36.2792,36.4524,36.6255,36.7984,36.9712,37.1438,37.3162,37.4884,37.6604,37.8323,38.0039,38.1753,38.3464,38.5173,38.688,38.8584,39.0286,39.1985,39.3682,39.5376,39.7067,39.8756,40.0442,40.2125
89.8148,83.1068,76.8067,70.8753,65.2898,60.0478,55.1784,50.7366,46.7822,43.3593,40.4759,38.1,36.1733,34.6264,33.391,32.4066,31.6227,30.9989,30.5037,30.1121,29.8047,29.5664,29.3852,29.2516,29.1578,29.0978,29.0664,29.0596,29.074,29.1066,29.1552,29.2176,29.2923,29.3776,29.4724,29.5756,29.6862,29.8035,29.9267,30.0551,30.1883,30.3257,30.467,30.6116,30.7594,30.9099,31.063,31.2183,31.3756,31.5348,31.6957,31.858,32.0217,32.1866,32.3526,32.5196,32.6874,32.8561,33.0254,33.1954,33.3659,33.5369,33.7083,33.88,34.0521,34.2245,34.397,34.5698,34.7427,34.9157,35.0888,35.2619,35.4351,35.6083,35.7814,35.9545,36.1275,36.3005,36.4733,36.646,36.8186,36.9911,37.1634,37.3355,37.5074,37.6792,37.8507,38.0221,38.1932,38.3641,38.5347,38.7052,38.8754,39.0453,39.215,39.3844,39.5536,39.7225,39.8912,40.0595,40.2276
90.0725,83.3753,77.0885,71.1727,65.6044,60.3798,55.5249,51.0916,47.1371,43.7044,40.8028,38.4033,36.4506,34.8779,33.6184,32.6122,31.8091,31.1687,30.6589,30.2546,29.9363,29.6884,29.4987,29.3576,29.2573,29.1913,29.1547,29.1432,29.1533,29.182,29.227,29.2863,29.3579,29.4405,29.5328,29.6337,29.7422,29.8574,29.9787,30.1054,30.2369,30.3728,30.5126,30.6559,30.8023,30.9517,31.1036,31.2578,31.4141,31.5723,31.7322,31.8936,32.0565,32.2206,32.3858,32.552,32.7191,32.8871,33.0557,33.2251,33.3949,33.5653,33.7362,33.9074,34.0789,34.2508,34.4228,34.5951,34.7676,34.9401,35.1128,35.2855,35.4583,35.631,35.8038,35.9765,36.1492,36.3218,36.4943,36.6667,36.8389,37.0111,37.183,37.3549,37.5265,37.698,37.8692,38.0403,38.2111,38.3818,38.5522,38.7224,38.8923,39.062,39.2315,39.4007,39.5697,39.7384,39.9068,40.075,40.2428
90.3288,83.6421,77.3683,71.4676,65.916,60.7082,55.8675,51.4428,47.4887,44.047,41.1281,38.7059,36.7279,35.1299,33.8465,32.8188,31.9966,31.3394,30.8151,30.3982,30.0688,29.8112,29.613,29.4644,29.3574,29.2855,29.2436,29.2273,29.233,29.2579,29.2993,29.3553,29.424,29.5038,29.5936,29.6921,29.7984,29.9116,30.031,30.1559,30.2858,30.4201,30.5584,30.7004,30.8455,30.9936,31.1443,31.2974,31.4527,31.6099,31.7689,31.9294,32.0914,32.2546,32.4191,32.5845,32.7509,32.9182,33.0862,33.2549,33.4241,33.5939,33.7642,33.9348,34.1059,34.2772,34.4488,34.6206,34.7925,34.9646,35.1369,35.3092,35.4815,35.6539,35.8263,35.9986,36.1709,36.3431,36.5153,36.6874,36.8593,37.0311,37.2028,37.3743,37.5456,37.7168,37.8878,38.0586,38.2292,38.3996,38.5697,38.7397,38.9094,39.0788,39.2481,39.417,39.5858,39.7542,39.9225,40.0904,40.2581
90.5838,83.9073,77.646,71.76,66.2246,61.0332,56.2065,51.7902,47.8369,44.3869,41.4518,39.0077,37.0052,35.3823,34.0754,33.0263,32.1851,31.5112,30.9723,30.5426,30.2021,29.9348,29.7281,29.5719,29.4582,29.3804,29.3331,29.3119,29.3133,29.3342,29.3721,29.4247,29.4904,29.5675,29.6547,29.7508,29.8549,29.9661,30.0836,30.2067,30.3349,30.4677,30.6045,30.745,30.8889,31.0358,31.1853,31.3373,31.4915,31.6477,31.8057,31.9653,32.1264,32.2889,32.4525,32.6172,32.7829,32.9494,33.1168,33.2848,33.4534,33.6226,33.7923,33.9624,34.1329,34.3037,34.4748,34.6461,34.8176,34.9893,35.161,35.3329,35.5049,35.6768,35.8488,36.0208,36.1927,36.3646,36.5364,36.7081,36.8797,37.0512,37.2226,37.3938,37.5648,37.7357,37.9064,38.0769,38.2473,38.4174,38.5873,38.757,38.9264,39.0957,39.2647,39.4334,39.6019,39.7702,39.9382,40.1059,40.2734
90.8376,84.1709,77.9218,72.05,66.5303,61.3548,56.5417,52.134,48.1818,44.7243,41.7737,39.3086,37.2823,35.6351,34.305,33.2346,32.3745,31.6839,31.1304,30.688,30.3363,30.0593,29.844,29.6802,29.5597,29.4758,29.4231,29.3971,29.3941,29.411,29.4453,29.4946,29.5572,29.6315,29.7161,29.8099,29.9117,30.0209,30.1364,30.2578,30.3843,30.5155,30.6508,30.79,30.9325,31.0781,31.2265,31.3774,31.5305,31.6857,31.8427,32.0014,32.1617,32.3233,32.4861,32.65,32.815,32.9808,33.1475,33.3148,33.4829,33.6514,33.8206,33.9901,34.16,34.3303,34.5009,34.6717,34.8428,35.014,35.1853,35.3568,35.5283,35.6998,35.8714,36.043,36.2146,36.3861,36.5576,36.7289,36.9002,37.0714,37.2424,37.4134,37.5841,37.7547,37.9251,38.0954,38.2654,38.4353,38.6049,38.7744,38.9436,39.1126,39.2813,39.4498,39.6181,39.7862,39.9539,40.1215,40.2888
91.0901,84.4329,78.1956,72.3376,66.8332,61.6732,56.8734,52.4742,48.5234,45.059,42.0938,39.6086,37.5592,35.8882,34.5353,33.4438,32.5648,31.8576,31.2895,30.8343,30.4714,30.1845,29.9605,29.7891,29.6618,29.5719,29.5137,29.4828,29.4754,29.4883,29.5189,29.5649,29.6245,29.6959,29.7779,29.8693,29.9689,30.0759,30.1896,30.3091,30.4339,30.5635,30.6974,30.8351,30.9763,31.1207,31.2678,31.4176,31.5697,31.7238,31.8799,32.0377,32.197,32.3578,32.5198,32.683,32.8472,33.0123,33.1783,33.345,33.5124,33.6804,33.8489,34.0179,34.1873,34.3571,34.5271,34.6975,34.868,35.0388,35.2097,35.3807,35.5518,35.7229,35.8941,36.0653,36.2365,36.4077,36.5788,36.7498,36.9208,37.0916,37.2624,37.433,37.6034,37.7737,37.9439,38.1138,38.2836,38.4532,38.6226,38.7918,38.9608,39.1295,39.298,39.4663,39.6344,39.8022,39.9698,40.1371,40.3042
91.3414,84.6935,78.4676,72.6229,67.1333,61.9883,57.2017,52.8109,48.8618,45.3912,42.4122,39.9077,37.8358,36.1415,34.7661,33.6538,32.756,32.0322,31.4494,30.9814,30.6073,30.3106,30.0779,29.8987,29.7646,29.6685,29.6049,29.5691,29.5572,29.5661,29.593,29.6356,29.6921,29.7607,29.8401,29.929,30.0264,30.1313,30.243,30.3607,30.4838,30.6118,30.7442,30.8805,31.0203,31.1634,31.3094,31.458,31.609,31.7622,31.9172,32.0741,32.2326,32.3925,32.5537,32.7161,32.8795,33.0439,33.2092,33.3753,33.5421,33.7094,33.8774,34.0458,34.2146,34.3839,34.5534,34.7233,34.8934,35.0636,35.2341,35.4047,35.5754,35.7461,35.9169,36.0878,36.2586,36.4294,36.6001,36.7708,36.9414,37.112,37.2824,37.4527,37.6228,37.7928,37.9627,38.1324,38.3019,38.4712,38.6403,38.8093,38.978,39.1465,39.3148,39.4828,39.6507,39.8183,39.9856,40.1527,40.3196
91.5915,84.9525,78.7377,72.9061,67.4308,62.3004,57.5265,53.1441,49.1971,45.7207,42.7287,40.2057,38.1121,36.3951,34.9974,33.8645,32.9481,32.2077,31.6103,31.1294,30.7441,30.4374,30.1959,30.009,29.868,29.7658,29.6967,29.6559,29.6395,29.6443,29.6675,29.7067,29.7601,29.8258,29.9026,29.9891,30.0842,30.187,30.2967,30.4126,30.534,30.6603,30.7912,30.9261,31.0646,31.2064,31.3512,31.4986,31.6485,31.8007,31.9548,32.1107,32.2682,32.4273,32.5877,32.7493,32.912,33.0757,33.2403,33.4057,33.5718,33.7386,33.9059,34.0738,34.2421,34.4108,34.5799,34.7492,34.9188,35.0886,35.2586,35.4288,35.599,35.7694,35.9398,36.1102,36.2807,36.4511,36.6215,36.7919,36.9622,37.1324,37.3024,37.4724,37.6423,37.812,37.9816,38.151,38.3202,38.4893,38.6581,38.8268,38.9953,39.1636,39.3316,39.4994,39.667,39.8344,40.0015,40.1684,40.3351
91.8404,85.2101,79.0061,73.187,67.7256,62.6095,57.8481,53.4741,49.5292,46.0477,43.0434,40.5026,38.3879,36.6487,35.2292,34.0759,33.1409,32.384,31.772,31.2783,30.8816,30.565,30.3147,30.1201,29.9721,29.8637,29.789,29.7432,29.7223,29.723,29.7424,29.7782,29.8285,29.8913,29.9654,30.0494,30.1423,30.243,30.3507,30.4647,30.5844,30.7091,30.8384,30.9719,31.109,31.2496,31.3931,31.5394,31.6882,31.8393,31.9924,32.1474,32.3041,32.4623,32.6219,32.7827,32.9446,33.1076,33.2715,33.4363,33.6017,33.7679,33.9346,34.1019,34.2697,34.4378,34.6064,34.7752,34.9443,35.1137,35.2832,35.453,35.6228,35.7927,35.9627,36.1328,36.3029,36.4729,36.643,36.813,36.9829,37.1528,37.3226,37.4923,37.6618,37.8312,38.0005,38.1696,38.3386,38.5074,38.676,38.8444,39.0126,39.1807,39.3485,39.5161,39.6834,39.8506,40.0175,40.1842,40.3506
92.0881,85.4663,79.2727,73.4658,68.018,62.9156,58.1665,53.8007,49.8583,46.3721,43.3562,40.7983,38.6633,36.9023,35.4614,34.2879,33.3345,32.5611,31.9345,31.428,31.02,30.6933,30.4343,30.2317,30.0768,29.9621,29.8819,29.831,29.8056,29.8021,29.8178,29.8502,29.8972,29.9572,30.0286,30.1101,30.2007,30.2992,30.405,30.5171,30.635,30.7581,30.8859,31.0179,31.1537,31.2929,31.4353,31.5804,31.7281,31.8782,32.0303,32.1843,32.3401,32.4974,32.6562,32.8162,32.9774,33.1396,33.3028,33.4669,33.6318,33.7973,33.9634,34.1301,34.2973,34.465,34.633,34.8013,34.97,35.1389,35.308,35.4772,35.6466,35.8162,35.9858,36.1554,36.3251,36.4948,36.6645,36.8342,37.0038,37.1733,37.3428,37.5121,37.6814,37.8505,38.0195,38.1884,38.357,38.5256,38.6939,38.8621,39.03,39.1978,39.3654,39.5327,39.6999,39.8668,40.0335,40.2,40.3662
92.3347,85.7211,79.5376,73.7426,68.3078,63.2189,58.4818,54.1242,50.1843,46.694,43.6671,41.0929,38.9382,37.156,35.6939,34.5005,33.5289,32.7391,32.0979,31.5785,31.1591,30.8224,30.5545,30.3441,30.1821,30.0612,29.9753,29.9194,29.8894,29.8817,29.8936,29.9225,29.9664,30.0234,30.0921,30.1712,30.2594,30.3558,30.4595,30.5698,30.686,30.8074,30.9336,31.0642,31.1986,31.3365,31.4776,31.6216,31.7682,31.9172,32.0683,32.2214,32.3762,32.5327,32.6906,32.8498,33.0103,33.1718,33.3343,33.4977,33.6619,33.8268,33.9923,34.1585,34.3251,34.4922,34.6597,34.8275,34.9957,35.1641,35.3328,35.5016,35.6706,35.8397,36.0089,36.1782,36.3475,36.5168,36.6861,36.8554,37.0247,37.1939,37.3631,37.5321,37.701,37.8699,38.0386,38.2071,38.3755,38.5438,38.7119,38.8798,39.0475,39.215,39.3824,39.5495,39.7164,39.8831,40.0496,40.2158,40.3818
92.5802,85.9745,79.8008,74.0173,68.5952,63.5194,58.794,54.4446,50.5075,47.0133,43.9761,41.3863,39.2124,37.4096,35.9268,34.7136,33.7239,32.9178,32.2621,31.7297,31.299,30.9522,30.6754,30.4571,30.2881,30.1608,30.0693,30.0083,29.9736,29.9618,29.9698,29.9953,30.0359,30.09,30.156,30.2325,30.3184,30.4126,30.5143,30.6227,30.7371,30.8569,30.9816,31.1106,31.2437,31.3803,31.5202,31.663,31.8085,31.9564,32.1065,32.2586,32.4125,32.5681,32.7252,32.8836,33.0433,33.2041,33.3659,33.5286,33.6921,33.8564,34.0214,34.1869,34.353,34.5195,34.6865,34.8538,35.0215,35.1895,35.3576,35.526,35.6946,35.8633,36.0321,36.2009,36.3699,36.5388,36.7078,36.8768,37.0457,37.2146,37.3834,37.5521,37.7208,37.8893,38.0577,38.226,38.3941,38.5621,38.7299,38.8975,39.065,39.2323,39.3994,39.5663,39.7329,39.8994,40.0657,40.2317,40.3975
92.8246,86.2266,80.0624,74.29,68.8803,63.8172,59.1032,54.7619,50.8277,47.3302,44.2832,41.6784,39.4861,37.663,36.1599,34.9273,33.9196,33.0972,32.427,31.8818,31.4396,31.0828,30.797,30.5707,30.3946,30.2611,30.1638,30.0977,30.0584,30.0423,30.0465,30.0684,30.1059,30.157,30.2202,30.2942,30.3777,30.4698,30.5695,30.6759,30.7885,30.9067,31.0298,31.1573,31.289,31.4243,31.5629,31.7045,31.8489,31.9957,32.1448,32.296,32.449,32.6037,32.7599,32.9176,33.0765,33.2365,33.3976,33.5596,33.7225,33.8862,34.0505,34.2155,34.381,34.547,34.7134,34.8803,35.0474,35.2149,35.3826,35.5506,35.7187,35.8869,36.0553,36.2238,36.3924,36.561,36.7296,36.8982,37.0668,37.2353,37.4038,37.5722,37.7405,37.9088,38.0769,38.2449,38.4127,38.5804,38.748,38.9154,39.0826,39.2496,39.4164,39.5831,39.7496,39.9158,40.0818,40.2476,40.4132
93.0679,86.4773,80.3224,74.5608,69.1631,64.1124,59.4096,55.0762,51.145,47.6445,44.5884,41.9692,39.759,37.9163,36.3932,35.1414,34.1159,33.2773,32.5926,32.0345,31.581,31.214,30.9193,30.685,30.5018,30.3619,30.2589,30.1876,30.1436,30.1233,30.1236,30.142,30.1762,30.2243,30.2848,30.3562,30.4374,30.5272,30.6248,30.7294,30.8402,30.9567,31.0782,31.2043,31.3345,31.4685,31.6058,31.7463,31.8895,32.0353,32.1834,32.3335,32.4856,32.6394,32.7948,32.9516,33.1098,33.2691,33.4294,33.5908,33.753,33.916,34.0797,34.2441,34.4091,34.5745,34.7404,34.9068,35.0734,35.2404,35.4077,35.5752,35.7429,35.9107,36.0787,36.2468,36.4149,36.5832,36.7514,36.9197,37.0879,37.2561,37.4243,37.5924,37.7604,37.9283,38.0961,38.2638,38.4314,38.5988,38.7661,38.9332,39.1002,39.267,39.4336,39.6,39.7662,39.9322,40.098,40.2636,40.429
93.3101,86.7268,80.5808,74.8298,69.4437,64.405,59.7131,55.3877,51.4596,47.9564,44.8916,42.2587,40.0312,38.1693,36.6267,35.356,34.3128,33.4581,32.759,32.1881,31.7231,31.346,31.0422,30.7999,30.6096,30.4632,30.3545,30.2779,30.2293,30.2047,30.2011,30.2159,30.2469,30.292,30.3497,30.4186,30.4973,30.585,30.6805,30.7831,30.8921,31.0069,31.1268,31.2514,31.3802,31.5128,31.6489,31.7882,31.9303,32.075,32.222,32.3712,32.5224,32.6753,32.8298,32.9858,33.1432,33.3017,33.4614,33.6221,33.7836,33.946,34.1091,34.2729,34.4372,34.6022,34.7675,34.9333,35.0995,35.266,35.4328,35.5999,35.7671,35.9346,36.1021,36.2698,36.4376,36.6054,36.7733,36.9412,37.1091,37.277,37.4448,37.6126,37.7803,37.9479,38.1154,38.2828,38.4501,38.6173,38.7843,38.9512,39.1179,39.2844,39.4508,39.6169,39.7829,39.9487,40.1143,40.2797,40.4448
