CO2 Viscosity [uPa_s] Mixed
50.0688,23.9629,22.5975,21.9755,21.6467,21.4745,21.399,21.3885,21.4243,21.4946,21.5912,21.7085,21.8423,21.9894,22.1474,22.3144,22.489,22.6699,22.8562,23.0469,23.2415,23.4393,23.6399,23.8429,24.0478,24.2544,24.4625,24.6717,24.8819,25.093,25.3047,25.5169,25.7295,25.9424,26.1555,26.3687,26.5819,26.7951,27.0083,27.2212,27.434,27.6465,27.8587,28.0707,28.2822,28.4934,28.7042,28.9146,29.1245,29.334,29.543,29.7515,29.9594,30.1669,30.3738,30.5802,30.7861,30.9914,31.1961,31.4003,31.6039,31.807,32.0094,32.2113,32.4126,32.6133,32.8135,33.013,33.212,33.4104,33.6082,33.8055,34.0021,34.1982,34.3937,34.5886,34.783,34.9767,35.1699,35.3626,35.5547,35.7462,35.9371,36.1275,36.3174,36.5067,36.6954,36.8836,37.0713,37.2584,37.445,37.631,37.8165,38.0015,38.186,38.37,38.5534,38.7363,38.9188,39.1007,39.2821
53.7482,24.7901,23.0558,22.3088,21.9143,21.7007,21.5963,21.5644,21.5836,21.6405,21.7261,21.8341,21.9599,22.1002,22.2522,22.414,22.5839,22.7606,22.943,23.1303,23.3217,23.5167,23.7146,23.9151,24.1177,24.3222,24.5283,24.7357,24.9441,25.1535,25.3637,25.5745,25.7857,25.9973,26.2092,26.4212,26.6333,26.8455,27.0576,27.2696,27.4814,27.693,27.9044,28.1155,28.3263,28.5368,28.7468,28.9565,29.1658,29.3746,29.583,29.7909,29.9983,30.2052,30.4116,30.6174,30.8228,31.0276,31.2319,31.4356,31.6387,31.8413,32.0434,32.2449,32.4458,32.6461,32.8459,33.0451,33.2437,33.4417,33.6392,33.8361,34.0325,34.2282,34.4234,34.618,34.8121,35.0056,35.1985,35.3909,35.5827,35.7739,35.9646,36.1548,36.3444,36.5334,36.722,36.9099,37.0974,37.2843,37.4706,37.6565,37.8418,38.0266,38.2109,38.3946,38.5779,38.7606,38.9429,39.1246,39.3059
56.1687,25.8027,23.5583,22.6634,22.195,21.936,21.8005,21.7456,21.7472,21.79,21.864,21.9624,22.08,22.2132,22.3591,22.5154,22.6804,22.8528,23.0313,23.215,23.4032,23.5951,23.7903,23.9883,24.1886,24.3909,24.5949,24.8004,25.0071,25.2149,25.4235,25.6327,25.8426,26.0529,26.2635,26.4743,26.6853,26.8964,27.1074,27.3184,27.5293,27.7401,27.9506,28.1609,28.3709,28.5806,28.7899,28.9989,29.2075,29.4156,29.6234,29.8306,30.0375,30.2438,30.4496,30.655,30.8598,31.0641,31.2679,31.4712,31.6739,31.876,32.0777,32.2787,32.4792,32.6792,32.8786,33.0774,33.2756,33.4733,33.6705,33.867,34.0631,34.2585,34.4534,34.6477,34.8415,35.0347,35.2273,35.4194,35.6109,35.8019,35.9924,36.1823,36.3716,36.5604,36.7487,36.9365,37.1237,37.3104,37.4965,37.6821,37.8673,38.0519,38.2359,38.4195,38.6026,38.7851,38.9672,39.1488,39.3298
58.066,27.1007,24.1131,23.0414,22.4896,22.1808,22.0116,21.9324,21.9152,21.9432,22.0052,22.0935,22.2026,22.3284,22.4678,22.6185,22.7785,22.9464,23.1209,23.301,23.4858,23.6747,23.8671,24.0625,24.2604,24.4605,24.6625,24.866,25.0709,25.2769,25.4839,25.6917,25.9001,26.109,26.3184,26.528,26.7378,26.9478,27.1578,27.3678,27.5778,27.7876,27.9972,28.2067,28.4159,28.6248,28.8334,29.0416,29.2495,29.457,29.6641,29.8708,30.077,30.2828,30.4881,30.6929,30.8972,31.101,31.3043,31.5071,31.7093,31.911,32.1122,32.3129,32.513,32.7125,32.9115,33.11,33.3079,33.5052,33.702,33.8982,34.0939,34.289,34.4836,34.6776,34.8711,35.064,35.2563,35.4482,35.6394,35.8302,36.0203,36.21,36.3991,36.5877,36.7757,36.9632,37.1502,37.3366,37.5226,37.708,37.8929,38.0773,38.2612,38.4445,38.6274,38.8098,38.9917,39.173,39.3539
59.6627,28.8786,24.7305,23.4455,22.7991,22.4355,22.2301,22.1248,22.0879,22.1003,22.1496,22.2274,22.3276,22.4458,22.5786,22.7234,22.8783,23.0415,23.2119,23.3882,23.5696,23.7554,23.9449,24.1377,24.3331,24.531,24.7308,24.9324,25.1354,25.3397,25.5451,25.7513,25.9583,26.1659,26.3739,26.5823,26.7909,26.9998,27.2087,27.4177,27.6267,27.8356,28.0444,28.2529,28.4613,28.6695,28.8773,29.0848,29.292,29.4989,29.7053,29.9113,30.117,30.3221,30.5269,30.7311,30.9349,31.1382,31.341,31.5433,31.7451,31.9463,32.1471,32.3473,32.547,32.7461,32.9447,33.1428,33.3403,33.5373,33.7338,33.9296,34.125,34.3198,34.514,34.7077,34.9009,35.0935,35.2856,35.4771,35.6681,35.8586,36.0485,36.2379,36.4267,36.6151,36.8029,36.9901,37.1769,37.3631,37.5488,37.734,37.9187,38.1029,38.2866,38.4698,38.6524,38.8346,39.0163,39.1975,39.3782
61.0606,31.5439,25.424,23.8785,23.1246,22.7008,22.4562,22.323,22.2652,22.2612,22.2972,22.3641,22.455,22.5653,22.6913,22.8301,22.9797,23.1382,23.3042,23.4767,23.6546,23.8372,24.0238,24.2139,24.4068,24.6023,24.8,24.9996,25.2008,25.4033,25.607,25.8117,26.0171,26.2233,26.43,26.6371,26.8446,27.0523,27.2602,27.4681,27.6761,27.8841,28.0919,28.2997,28.5072,28.7145,28.9216,29.1284,29.3349,29.5411,29.7468,29.9523,30.1573,30.3618,30.566,30.7697,30.973,31.1757,31.378,31.5798,31.7811,31.982,32.1823,32.382,32.5813,32.78,32.9783,33.1759,33.3731,33.5697,33.7658,33.9613,34.1563,34.3508,34.5447,34.7381,34.931,35.1233,35.3151,35.5063,35.697,35.8872,36.0769,36.266,36.4546,36.6427,36.8302,37.0173,37.2038,37.3898,37.5753,37.7603,37.9447,38.1287,38.3122,38.4952,38.6776,38.8596,39.0411,39.2221,39.4026
62.3159,35.7654,26.2113,24.344,23.4674,22.9771,22.6901,22.5272,22.4472,22.426,22.4482,22.5036,22.585,22.6871,22.8059,22.9386,23.0827,23.2363,23.398,23.5665,23.7409,23.9202,24.1038,24.291,24.4814,24.6746,24.8701,25.0676,25.2668,25.4676,25.6696,25.8726,26.0766,26.2813,26.4867,26.6926,26.8988,27.1054,27.3122,27.5191,27.726,27.933,28.14,28.3468,28.5535,28.7601,28.9664,29.1724,29.3782,29.5836,29.7888,29.9935,30.1979,30.4019,30.6055,30.8086,31.0113,31.2136,31.4154,31.6167,31.8175,32.0179,32.2177,32.4171,32.6159,32.8142,33.012,33.2093,33.4061,33.6023,33.7981,33.9932,34.1879,34.382,34.5756,34.7687,34.9613,35.1533,35.3448,35.5357,35.7262,35.9161,36.1055,36.2943,36.4827,36.6705,36.8578,37.0446,37.2309,37.4167,37.6019,37.7867,37.9709,38.1547,38.338,38.5207,38.703,38.8848,39.0661,39.2469,39.4272
63.4631,40.6286,27.1151,24.846,23.8288,23.2651,22.9322,22.7376,22.6341,22.5948,22.6025,22.646,22.7174,22.811,22.9226,23.0488,23.1873,23.3359,23.4931,23.6576,23.8282,24.0042,24.1847,24.3692,24.557,24.7477,24.941,25.1364,25.3337,25.5326,25.7328,25.9343,26.1367,26.34,26.544,26.7486,26.9536,27.159,27.3646,27.5705,27.7765,27.9825,28.1885,28.3944,28.6003,28.806,29.0115,29.2168,29.4219,29.6266,29.8311,30.0352,30.2389,30.4423,30.6453,30.8479,31.05,31.2517,31.453,31.6538,31.8542,32.0541,32.2534,32.4524,32.6508,32.8487,33.0461,33.243,33.4394,33.6352,33.8306,34.0254,34.2197,34.4135,34.6068,34.7996,34.9918,35.1835,35.3747,35.5654,35.7555,35.9451,36.1343,36.3229,36.5109,36.6985,36.8856,37.0721,37.2582,37.4437,37.6287,37.8133,37.9973,38.1809,38.3639,38.5465,38.7285,38.9101,39.0912,39.2719,39.452
64.5252,44.5565,28.1651,25.3892,24.2103,23.5654,23.1828,22.9543,22.826,22.7676,22.7602,22.7913,22.8523,22.9372,23.0412,23.1608,23.2935,23.437,23.5896,23.7499,23.9168,24.0893,24.2667,24.4483,24.6334,24.8217,25.0126,25.2059,25.4012,25.5983,25.7968,25.9966,26.1975,26.3993,26.6019,26.8051,27.0089,27.2131,27.4176,27.6224,27.8273,28.0324,28.2374,28.4425,28.6475,28.8524,29.0571,29.2616,29.4659,29.67,29.8737,30.0772,30.2803,30.483,30.6854,30.8874,31.089,31.2902,31.491,31.6913,31.8911,32.0905,32.2895,32.4879,32.6859,32.8834,33.0804,33.2769,33.4729,33.6684,33.8634,34.0578,34.2518,34.4453,34.6382,34.8306,35.0225,35.2139,35.4048,35.5952,35.7851,35.9744,36.1633,36.3516,36.5394,36.7267,36.9135,37.0998,37.2856,37.4709,37.6557,37.8401,38.0239,38.2072,38.39,38.5724,38.7542,38.9356,39.1165,39.297,39.4769
65.5182,47.4664,29.3972,25.9788,24.6134,23.8786,23.4423,23.1775,23.023,22.9445,22.9213,22.9395,22.9898,23.0656,23.1618,23.2746,23.4013,23.5395,23.6874,23.8435,24.0065,24.1755,24.3497,24.5283,24.7108,24.8965,25.0852,25.2763,25.4695,25.6647,25.8614,26.0595,26.2588,26.4592,26.6604,26.8623,27.0648,27.2677,27.4711,27.6748,27.8787,28.0827,28.2868,28.491,28.6951,28.8991,29.103,29.3068,29.5103,29.7137,29.9167,30.1195,30.322,30.5241,30.7259,30.9273,31.1284,31.329,31.5292,31.729,31.9284,32.1273,32.3258,32.5238,32.7213,32.9184,33.1149,33.311,33.5066,33.7018,33.8964,34.0905,34.2841,34.4772,34.6698,34.8619,35.0535,35.2446,35.4352,35.6253,35.8148,36.0039,36.1924,36.3805,36.5681,36.7551,36.9417,37.1277,37.3133,37.4983,37.6829,37.867,38.0506,38.2337,38.4163,38.5985,38.7801,38.9613,39.142,39.3223,39.502
66.4538,49.7617,30.8526,26.6212,25.04,24.2055,23.7109,23.4075,23.2252,23.1257,23.0858,23.0906,23.1298,23.1962,23.2843,23.3902,23.5108,23.6435,23.7866,23.9383,24.0974,24.2628,24.4338,24.6094,24.789,24.9722,25.1585,25.3474,25.5386,25.7318,25.9267,26.1231,26.3208,26.5196,26.7194,26.9199,27.1211,27.3229,27.5251,27.7277,27.9305,28.1335,28.3367,28.5399,28.7431,28.9463,29.1494,29.3523,29.5551,29.7577,29.9601,30.1622,30.364,30.5655,30.7667,30.9675,31.168,31.3681,31.5678,31.7671,31.9659,32.1644,32.3624,32.5599,32.757,32.9536,33.1498,33.3455,33.5407,33.7354,33.9296,34.1234,34.3166,34.5094,34.7016,34.8934,35.0847,35.2755,35.4657,35.6555,35.8448,36.0336,36.2218,36.4096,36.5969,36.7837,36.97,37.1558,37.3411,37.5259,37.7103,37.8941,38.0775,38.2604,38.4428,38.6247,38.8062,38.9871,39.1677,39.3477,39.5273
67.3409,51.6716,32.5681,27.3231,25.4919,24.5468,23.989,23.6443,23.4326,23.311,23.2539,23.2447,23.2724,23.329,23.4089,23.5076,23.6218,23.749,23.8871,24.0343,24.1894,24.3512,24.5188,24.6913,24.8682,25.0488,25.2326,25.4192,25.6083,25.7996,25.9926,26.1873,26.3834,26.5807,26.779,26.9781,27.178,27.3786,27.5796,27.781,27.9828,28.1848,28.3869,28.5892,28.7915,28.9939,29.1961,29.3983,29.6003,29.8022,30.0038,30.2052,30.4064,30.6073,30.8078,31.0081,31.208,31.4075,31.6066,31.8054,32.0038,32.2017,32.3992,32.5963,32.7929,32.9891,33.1849,33.3801,33.5749,33.7693,33.9631,34.1565,34.3494,34.5418,34.7337,34.9251,35.1161,35.3065,35.4965,35.686,35.875,36.0634,36.2514,36.4389,36.626,36.8125,36.9985,37.1841,37.3691,37.5537,37.7378,37.9214,38.1046,38.2872,38.4694,38.6511,38.8324,39.0131,39.1934,39.3733,39.5527
68.1862,53.3184,34.5466,28.0919,25.9713,24.9034,24.2771,23.8882,23.6455,23.5007,23.4255,23.4018,23.4175,23.4641,23.5354,23.6267,23.7345,23.8559,23.9889,24.1316,24.2826,24.4407,24.6048,24.7742,24.9482,25.1261,25.3075,25.4918,25.6788,25.868,26.0592,26.2522,26.4466,26.6423,26.8391,27.0369,27.2355,27.4347,27.6345,27.8348,28.0355,28.2365,28.4376,28.639,28.8404,29.0418,29.2432,29.4446,29.6458,29.847,30.0479,30.2486,30.4491,30.6493,30.8493,31.0489,31.2482,31.4472,31.6458,31.844,32.0419,32.2393,32.4363,32.6329,32.8291,33.0249,33.2202,33.415,33.6094,33.8034,33.9968,34.1898,34.3824,34.5744,34.766,34.9571,35.1477,35.3378,35.5275,35.7166,35.9053,36.0935,36.2812,36.4684,36.6552,36.8414,37.0272,37.2125,37.3973,37.5817,37.7655,37.9489,38.1318,38.3142,38.4962,38.6777,38.8587,39.0393,39.2194,39.399,39.5782
68.9952,54.775,36.7056,28.9351,26.4804,25.276,24.5755,24.1395,23.8639,23.6947,23.6007,23.5619,23.5652,23.6015,23.6639,23.7476,23.8487,23.9643,24.0921,24.2301,24.3769,24.5311,24.6918,24.8581,25.0291,25.2043,25.3832,25.5652,25.75,25.9372,26.1265,26.3176,26.5104,26.7045,26.8998,27.0962,27.2934,27.4914,27.69,27.8891,28.0887,28.2886,28.4888,28.6891,28.8896,29.0902,29.2907,29.4913,29.6917,29.8921,30.0923,30.2923,30.4921,30.6917,30.891,31.0901,31.2888,31.4872,31.6852,31.8829,32.0802,32.2772,32.4737,32.6699,32.8656,33.0609,33.2558,33.4502,33.6442,33.8377,34.0308,34.2234,34.4156,34.6073,34.7985,34.9892,35.1795,35.3693,35.5587,35.7475,35.9359,36.1238,36.3112,36.4981,36.6846,36.8706,37.0561,37.2411,37.4257,37.6098,37.7934,37.9765,38.1592,38.3414,38.5232,38.7044,38.8852,39.0656,39.2455,39.4249,39.6039
69.7722,56.0879,38.8998,29.8599,27.0213,25.6656,24.8846,24.3983,24.0879,23.8932,23.7795,23.725,23.7156,23.7411,23.7944,23.8703,23.9646,24.0742,24.1966,24.3299,24.4723,24.6227,24.7798,24.9428,25.1109,25.2833,25.4596,25.6393,25.8219,26.007,26.1944,26.3837,26.5747,26.7673,26.9611,27.156,27.3518,27.5485,27.7459,27.9439,28.1423,28.3411,28.5403,28.7397,28.9392,29.1389,29.3386,29.5383,29.738,29.9376,30.1371,30.3364,30.5355,30.7344,30.9331,31.1315,31.3296,31.5274,31.7249,31.9221,32.1189,32.3153,32.5114,32.707,32.9023,33.0971,33.2916,33.4856,33.6791,33.8723,34.065,34.2572,34.449,34.6403,34.8312,35.0216,35.2115,35.401,35.59,35.7786,35.9666,36.1542,36.3414,36.528,36.7142,36.8999,37.0852,37.2699,37.4542,37.6381,37.8214,38.0044,38.1868,38.3688,38.5503,38.7313,38.9119,39.0921,39.2717,39.451,39.6298
70.5208,57.2884,41.0247,30.8718,27.5965,26.073,25.2048,24.6647,24.3177,24.0962,23.9619,23.8912,23.8685,23.8829,23.9269,23.9947,24.082,24.1855,24.3024,24.4308,24.5689,24.7153,24.8688,25.0285,25.1935,25.3631,25.5369,25.7141,25.8944,26.0775,26.2629,26.4504,26.6397,26.8306,27.0228,27.2163,27.4108,27.6061,27.8023,27.9991,28.1964,28.3941,28.5922,28.7906,28.9892,29.188,29.3868,29.5857,29.7846,29.9834,30.1821,30.3807,30.5792,30.7774,30.9755,31.1732,31.3708,31.568,31.7649,31.9615,32.1578,32.3537,32.5493,32.7445,32.9393,33.1336,33.3276,33.5212,33.7144,33.9071,34.0994,34.2912,34.4826,34.6736,34.8641,35.0542,35.2438,35.4329,35.6216,35.8098,35.9976,36.1849,36.3717,36.5581,36.744,36.9294,37.1144,37.2989,37.483,37.6665,37.8497,38.0323,38.2145,38.3963,38.5776,38.7584,38.9388,39.1187,39.2982,39.4772,39.6558
71.2438,58.3986,43.006,31.9737,28.2082,26.4991,25.5366,24.9392,24.5534,24.3038,24.1481,24.0605,24.024,24.0271,24.0614,24.1209,24.201,24.2982,24.4096,24.533,24.6666,24.8089,24.9587,25.115,25.277,25.4438,25.6148,25.7896,25.9677,26.1486,26.3321,26.5177,26.7052,26.8944,27.0851,27.2771,27.4702,27.6642,27.8591,28.0547,28.2509,28.4475,28.6446,28.842,29.0396,29.2375,29.4354,29.6335,29.8315,30.0296,30.2275,30.4254,30.6232,30.8207,31.0181,31.2153,31.4122,31.6088,31.8052,32.0013,32.197,32.3924,32.5874,32.7821,32.9765,33.1704,33.3639,33.5571,33.7498,33.9421,34.134,34.3255,34.5165,34.7071,34.8972,35.0869,35.2762,35.465,35.6534,35.8413,36.0287,36.2157,36.4023,36.5883,36.774,36.9591,37.1438,37.3281,37.5118,37.6952,37.878,38.0605,38.2424,38.4239,38.605,38.7856,38.9657,39.1455,39.3247,39.5035,39.6819
71.9439,59.4347,44.8136,33.1632,28.8585,26.9449,25.8802,25.2217,24.795,24.516,24.338,24.2328,24.1821,24.1734,24.1979,24.2489,24.3216,24.4123,24.518,24.6363,24.7653,24.9035,25.0496,25.2025,25.3613,25.5252,25.6936,25.8659,26.0417,26.2204,26.4018,26.5855,26.7713,26.9589,27.148,27.3384,27.5301,27.7228,27.9164,28.1108,28.3058,28.5013,28.6973,28.8937,29.0904,29.2873,29.4844,29.6816,29.8788,30.0761,30.2733,30.4704,30.6675,30.8644,31.0611,31.2576,31.4539,31.65,31.8457,32.0412,32.2364,32.4313,32.6259,32.8201,33.0139,33.2074,33.4005,33.5932,33.7855,33.9774,34.1688,34.3599,34.5506,34.7408,34.9306,35.1199,35.3088,35.4973,35.6853,35.8729,36.0601,36.2467,36.433,36.6188,36.8041,36.989,37.1734,37.3574,37.5409,37.724,37.9066,38.0888,38.2705,38.4517,38.6326,38.8129,38.9929,39.1724,39.3514,39.53,39.7082
72.6231,60.4086,46.4527,34.4305,29.5489,27.4113,26.2363,25.5126,25.0428,24.7329,24.5317,24.4083,24.3429,24.3221,24.3363,24.3786,24.4438,24.5279,24.6277,24.7409,24.8652,24.9992,25.1414,25.2908,25.4464,25.6074,25.7731,25.9429,26.1163,26.2928,26.4722,26.654,26.838,27.0238,27.2113,27.4003,27.5905,27.7818,27.9741,28.1673,28.3611,28.5555,28.7505,28.9459,29.1416,29.3375,29.5337,29.73,29.9264,30.1229,30.3193,30.5157,30.7121,30.9083,31.1043,31.3002,31.4959,31.6913,31.8866,32.0815,32.2761,32.4705,32.6645,32.8582,33.0516,33.2446,33.4372,33.6295,33.8214,34.0128,34.2039,34.3946,34.5848,34.7747,34.9641,35.1531,35.3417,35.5298,35.7175,35.9048,36.0916,36.2779,36.4639,36.6494,36.8344,37.019,37.2032,37.3869,37.5701,37.7529,37.9353,38.1172,38.2987,38.4797,38.6603,38.8405,39.0202,39.1994,39.3783,39.5567,39.7346
73.2831,61.3297,47.9441,35.7568,30.2808,27.8989,26.6051,25.8121,25.2967,24.9546,24.7291,24.5869,24.5063,24.473,24.4767,24.5101,24.5676,24.6449,24.7388,24.8466,24.9662,25.0959,25.2342,25.3801,25.5324,25.6904,25.8533,26.0205,26.1915,26.3659,26.5432,26.723,26.9052,27.0893,27.2752,27.4626,27.6514,27.8413,28.0323,28.2242,28.4168,28.6102,28.804,28.9984,29.1931,29.3881,29.5834,29.7788,29.9744,30.17,30.3657,30.5614,30.757,30.9525,31.1479,31.3431,31.5382,31.733,31.9276,32.122,32.3161,32.5099,32.7034,32.8966,33.0895,33.282,33.4742,33.666,33.8575,34.0485,34.2392,34.4295,34.6193,34.8088,34.9978,35.1865,35.3747,35.5625,35.7498,35.9368,36.1233,36.3093,36.495,36.6801,36.8649,37.0492,37.2331,37.4165,37.5995,37.7821,37.9642,38.1458,38.3271,38.5079,38.6882,38.8681,39.0476,39.2266,39.4053,39.5834,39.7612
73.9257,62.2052,49.3108,37.1164,31.0544,28.4086,26.987,26.1203,25.557,25.181,24.9304,24.7686,24.6724,24.6262,24.6191,24.6433,24.6929,24.7633,24.8511,24.9535,25.0682,25.1935,25.3279,25.4702,25.6192,25.7741,25.9342,26.0988,26.2675,26.4396,26.6147,26.7926,26.9729,27.1553,27.3395,27.5254,27.7127,27.9013,28.0909,28.2816,28.473,28.6652,28.8579,29.0512,29.245,29.439,29.6334,29.8279,30.0227,30.2175,30.4124,30.6073,30.8022,30.997,31.1917,31.3863,31.5807,31.7749,31.969,32.1628,32.3563,32.5496,32.7426,32.9353,33.1277,33.3197,33.5114,33.7028,33.8938,34.0844,34.2747,34.4645,34.654,34.8431,35.0318,35.22,35.4079,35.5953,35.7824,35.969,36.1551,36.3409,36.5262,36.7111,36.8956,37.0796,37.2632,37.4463,37.629,37.8113,37.9932,38.1746,38.3556,38.5361,38.7162,38.8959,39.0752,39.254,39.4324,39.6104,39.7879
74.5521,63.0411,50.5727,38.4827,31.8692,28.9409,27.3824,26.4374,25.8237,25.4124,25.1356,24.9535,24.8411,24.7816,24.7635,24.7783,24.8197,24.8831,24.9646,25.0615,25.1713,25.2922,25.4226,25.5611,25.7068,25.8586,26.0159,26.1779,26.344,26.5138,26.6869,26.8628,27.0412,27.2218,27.4044,27.5887,27.7745,27.9616,28.15,28.3393,28.5296,28.7206,28.9122,29.1045,29.2972,29.4903,29.6837,29.8774,30.0713,30.2653,30.4594,30.6535,30.8477,31.0418,31.2358,31.4297,31.6235,31.8171,32.0106,32.2038,32.3968,32.5895,32.782,32.9742,33.1661,33.3576,33.5489,33.7398,33.9303,34.1205,34.3104,34.4998,34.6889,34.8776,35.0659,35.2538,35.4413,35.6284,35.8151,36.0013,36.1872,36.3726,36.5576,36.7422,36.9264,37.1101,37.2934,37.4763,37.6587,37.8408,38.0224,38.2035,38.3843,38.5646,38.7444,38.9239,39.1029,39.2815,39.4597,39.6374,39.8147
75.1636,63.8421,51.7462,39.8348,32.7234,29.4963,27.7916,26.7637,26.0969,25.6487,25.3446,25.1416,25.0124,24.9394,24.9099,24.915,24.9481,25.0043,25.0795,25.1707,25.2755,25.3918,25.5181,25.6529,25.7952,25.9439,26.0982,26.2576,26.4212,26.5887,26.7596,26.9335,27.11,27.2888,27.4697,27.6524,27.8367,28.0225,28.2094,28.3975,28.5865,28.7764,28.9669,29.1581,29.3498,29.5419,29.7344,29.9272,30.1202,30.3134,30.5067,30.7,30.8935,31.0868,31.2802,31.4734,31.6666,31.8596,32.0524,32.2451,32.4375,32.6297,32.8216,33.0133,33.2047,33.3957,33.5865,33.777,33.9671,34.1568,34.3463,34.5353,34.724,34.9123,35.1002,35.2878,35.4749,35.6616,35.848,36.0339,36.2194,36.4045,36.5892,36.7735,36.9574,37.1408,37.3238,37.5064,37.6886,37.8704,38.0517,38.2326,38.4131,38.5931,38.7728,38.952,39.1308,39.3091,39.4871,39.6646,39.8417
75.7612,64.6122,52.8444,41.1555,33.6135,30.0748,28.2148,27.0992,26.3767,25.8899,25.5576,25.3328,25.1865,25.0993,25.0582,25.0534,25.0781,25.1268,25.1956,25.2811,25.3807,25.4924,25.6145,25.7456,25.8844,26.0299,26.1813,26.3379,26.4991,26.6642,26.8329,27.0047,27.1793,27.3563,27.5355,27.7166,27.8994,28.0837,28.2693,28.4561,28.6439,28.8325,29.022,29.2121,29.4027,29.5939,29.7854,29.9773,30.1694,30.3618,30.5543,30.7469,30.9395,31.1322,31.3248,31.5174,31.7099,31.9023,32.0945,32.2866,32.4784,32.6701,32.8615,33.0526,33.2435,33.4341,33.6244,33.8144,34.004,34.1934,34.3824,34.571,34.7593,34.9472,35.1347,35.3219,35.5087,35.695,35.881,36.0666,36.2518,36.4366,36.621,36.805,36.9885,37.1717,37.3544,37.5367,37.7186,37.9001,38.0812,38.2618,38.442,38.6219,38.8012,38.9802,39.1588,39.3369,39.5146,39.692,39.8688
76.3458,65.3545,53.8778,42.4324,34.535,30.6765,28.6524,27.4442,26.6631,26.1362,25.7745,25.5273,25.3632,25.2616,25.2084,25.1936,25.2095,25.2508,25.3129,25.3925,25.487,25.594,25.7119,25.8391,25.9743,26.1166,26.2651,26.4189,26.5775,26.7403,26.9068,27.0765,27.2492,27.4244,27.6018,27.7813,27.9626,28.1454,28.3296,28.5151,28.7016,28.8891,29.0774,29.2664,29.456,29.6461,29.8367,30.0277,30.219,30.4105,30.6021,30.794,30.9859,31.1778,31.3698,31.5617,31.7535,31.9452,32.1369,32.3283,32.5196,32.7107,32.9015,33.0922,33.2826,33.4727,33.6625,33.852,34.0412,34.2301,34.4187,34.6069,34.7948,34.9823,35.1694,35.3562,35.5426,35.7286,35.9143,36.0995,36.2844,36.4689,36.6529,36.8366,37.0198,37.2027,37.3851,37.5672,37.7488,37.93,38.1108,38.2912,38.4712,38.6507,38.8299,39.0086,39.1869,39.3648,39.5423,39.7194,39.8961
76.9184,66.0718,54.8549,43.6584,35.4814,31.3009,29.1043,27.7986,26.9564,26.3875,25.9954,25.7249,25.5425,25.4261,25.3607,25.3354,25.3425,25.3761,25.4315,25.5051,25.5943,25.6965,25.8101,25.9334,26.0651,26.2041,26.3495,26.5006,26.6566,26.817,26.9812,27.1489,27.3195,27.4929,27.6686,27.8464,28.0261,28.2075,28.3903,28.5745,28.7597,28.946,29.1331,29.321,29.5096,29.6988,29.8884,30.0784,30.2688,30.4595,30.6503,30.8413,31.0325,31.2237,31.4149,31.6062,31.7973,31.9884,32.1794,32.3703,32.561,32.7515,32.9419,33.132,33.3218,33.5114,33.7008,33.8898,34.0786,34.267,34.4552,34.643,34.8304,35.0175,35.2043,35.3907,35.5767,35.7624,35.9477,36.1326,36.3171,36.5013,36.685,36.8684,37.0513,37.2339,37.416,37.5978,37.7791,37.9601,38.1406,38.3207,38.5004,38.6797,38.8586,39.0371,39.2152,39.3929,39.5702,39.747,39.9235
77.4796,66.7665,55.7828,44.8303,36.4455,31.9472,29.5707,28.1627,27.2564,26.644,26.2202,25.9258,25.7245,25.5929,25.5148,25.479,25.477,25.5027,25.5512,25.6189,25.7026,25.8,25.9092,26.0285,26.1566,26.2923,26.4347,26.5829,26.7363,26.8942,27.0562,27.2217,27.3904,27.5619,27.7358,27.912,28.0901,28.27,28.4514,28.6342,28.8182,29.0033,29.1892,29.376,29.5636,29.7517,29.9404,30.1295,30.3189,30.5087,30.6988,30.889,31.0794,31.2699,31.4604,31.6509,31.8414,32.0319,32.2223,32.4125,32.6027,32.7926,32.9824,33.172,33.3613,33.5504,33.7393,33.9278,34.1161,34.3041,34.4918,34.6792,34.8663,35.053,35.2394,35.4254,35.611,35.7964,35.9813,36.1659,36.35,36.5339,36.7173,36.9003,37.083,37.2652,37.4471,37.6285,37.8096,37.9902,38.1705,38.3504,38.5298,38.7089,38.8875,39.0658,39.2436,39.4211,39.5981,39.7747,39.951
78.0302,67.4406,56.6673,45.9481,37.4195,32.6143,30.0514,28.5365,27.5633,26.9055,26.449,26.1298,25.9092,25.7619,25.671,25.6243,25.613,25.6307,25.6722,25.7337,25.8119,25.9044,26.0092,26.1244,26.2488,26.3812,26.5204,26.6658,26.8166,26.9721,27.1317,27.2951,27.4618,27.6314,27.8035,27.978,28.1546,28.3329,28.5129,28.6944,28.8771,29.0609,29.2457,29.4314,29.6178,29.805,29.9926,30.1808,30.3694,30.5583,30.7475,30.9369,31.1266,31.3163,31.5061,31.6959,31.8858,32.0756,32.2653,32.455,32.6445,32.8339,33.0231,33.2122,33.401,33.5896,33.778,33.9661,34.1539,34.3415,34.5287,34.7157,34.9023,35.0886,35.2746,35.4602,35.6455,35.8305,36.015,36.1993,36.3831,36.5666,36.7497,36.9324,37.1147,37.2967,37.4783,37.6594,37.8402,38.0206,38.2006,38.3802,38.5594,38.7382,38.9166,39.0946,39.2722,39.4494,39.6262,39.8026,39.9786
78.5707,68.0959,57.5132,47.0139,38.3956,33.3007,30.5463,28.92,27.8771,27.1722,26.6818,26.3371,26.0965,25.9332,25.829,25.7712,25.7505,25.76,25.7944,25.8496,25.9222,26.0097,26.11,26.2211,26.3418,26.4707,26.6069,26.7494,26.8975,27.0504,27.2078,27.369,27.5336,27.7013,27.8717,28.0445,28.2194,28.3963,28.5748,28.7549,28.9363,29.1189,29.3025,29.4871,29.6724,29.8585,30.0452,30.2324,30.4201,30.6082,30.7965,30.9852,31.174,31.363,31.552,31.7412,31.9304,32.1195,32.3086,32.4977,32.6866,32.8754,33.0641,33.2526,33.4409,33.629,33.8169,34.0045,34.1919,34.379,34.5658,34.7523,34.9385,35.1244,35.31,35.4953,35.6802,35.8648,36.049,36.2328,36.4163,36.5995,36.7823,36.9647,37.1467,37.3283,37.5096,37.6905,37.871,38.0511,38.2308,38.4101,38.589,38.7676,38.9457,39.1235,39.3009,39.4778,39.6544,39.8306,40.0064
79.1018,68.7337,58.3246,48.0306,39.3672,34.0043,31.0551,29.3132,28.1978,27.444,26.9186,26.5476,26.2865,26.1067,25.989,25.9198,25.8895,25.8907,25.9178,25.9666,26.0336,26.116,26.2116,26.3187,26.4356,26.561,26.694,26.8336,26.9789,27.1294,27.2844,27.4434,27.6059,27.7717,27.9403,28.1113,28.2847,28.46,28.6371,28.8158,28.9959,29.1772,29.3596,29.5431,29.7274,29.9124,30.0981,30.2844,30.4711,30.6583,30.8458,31.0336,31.2217,31.4099,31.5982,31.7867,31.9752,32.1637,32.3522,32.5406,32.7289,32.9172,33.1053,33.2932,33.481,33.6686,33.856,34.0431,34.23,34.4167,34.603,34.7891,34.9749,35.1604,35.3456,35.5305,35.715,35.8992,36.0831,36.2666,36.4497,36.6325,36.815,36.9971,37.1788,37.3601,37.5411,37.7217,37.9019,38.0817,38.2611,38.4402,38.6189,38.7971,38.975,39.1525,39.3297,39.5064,39.6827,39.8587,40.0343
79.624,69.3556,59.1052,49.0018,40.3286,34.7229,31.5773,29.7159,28.5254,27.721,27.1594,26.7613,26.4791,26.2824,26.1508,26.0701,26.0299,26.0227,26.0424,26.0847,26.1459,26.2231,26.3141,26.417,26.53,26.652,26.7817,26.9183,27.0609,27.2089,27.3615,27.5183,27.6788,27.8425,28.0093,28.1786,28.3503,28.5241,28.6997,28.877,29.0558,29.2359,29.4171,29.5994,29.7826,29.9666,30.1513,30.3366,30.5224,30.7087,30.8954,31.0824,31.2696,31.4571,31.6447,31.8324,32.0202,32.2081,32.3959,32.5837,32.7715,32.9591,33.1467,33.3341,33.5213,33.7084,33.8953,34.0819,34.2684,34.4545,34.6405,34.8261,35.0115,35.1966,35.3814,35.5658,35.75,35.9338,36.1173,36.3005,36.4833,36.6658,36.8479,37.0296,37.211,37.392,37.5727,37.753,37.9329,38.1125,38.2916,38.4704,38.6488,38.8268,39.0045,39.1817,39.3586,39.5351,39.7112,39.8869,40.0623
80.1376,69.9626,59.8577,49.9311,41.2751,35.4538,32.1124,30.1282,28.8599,28.0031,27.4042,26.9782,26.6744,26.4603,26.3146,26.222,26.1718,26.1559,26.1682,26.2038,26.2591,26.3312,26.4175,26.516,26.6252,26.7436,26.8701,27.0037,27.1435,27.2889,27.4391,27.5936,27.752,27.9138,28.0787,28.2463,28.4164,28.5886,28.7627,28.9386,29.1161,29.2949,29.4749,29.656,29.8381,30.0211,30.2048,30.3891,30.574,30.7594,30.9452,31.1314,31.3178,31.5045,31.6914,31.8784,32.0655,32.2527,32.4399,32.6271,32.8142,33.0013,33.1883,33.3751,33.5618,33.7484,33.9348,34.1209,34.3069,34.4926,34.6781,34.8633,35.0482,35.2329,35.4173,35.6014,35.7851,35.9686,36.1517,36.3345,36.517,36.6991,36.8809,37.0623,37.2434,37.4241,37.6045,37.7845,37.9641,38.1434,38.3222,38.5008,38.6789,38.8567,39.034,39.211,39.3877,39.5639,39.7398,39.9153,40.0904
80.6433,70.5557,60.5848,50.8221,42.2031,36.1943,32.6595,30.5497,29.2012,28.2904,27.653,27.1983,26.8722,26.6405,26.4802,26.3756,26.3152,26.2905,26.295,26.324,26.3734,26.4401,26.5216,26.6158,26.7211,26.8359,26.9591,27.0897,27.2267,27.3694,27.5172,27.6695,27.8258,27.9856,28.1486,28.3144,28.4828,28.6535,28.8261,29.0006,29.1767,29.3542,29.533,29.713,29.894,30.0758,30.2585,30.4419,30.6258,30.8103,30.9953,31.1806,31.3663,31.5522,31.7383,31.9246,32.111,32.2975,32.4841,32.6706,32.8572,33.0437,33.2301,33.4164,33.6025,33.7886,33.9744,34.1601,34.3456,34.5308,34.7159,34.9006,35.0852,35.2694,35.4534,35.6371,35.8204,36.0035,36.1863,36.3687,36.5508,36.7326,36.9141,37.0952,37.2759,37.4563,37.6364,37.8161,37.9954,38.1744,38.353,38.5312,38.7091,38.8866,39.0637,39.2405,39.4169,39.5929,39.7685,39.9438,40.1186
81.1413,71.136,61.2888,51.6779,43.1103,36.9413,33.218,30.9804,29.5492,28.5828,27.9058,27.4216,27.0727,26.8228,26.6478,26.5308,26.46,26.4263,26.4231,26.4452,26.4886,26.5499,26.6265,26.7164,26.8177,26.9289,27.0487,27.1762,27.3104,27.4505,27.5958,27.7458,27.8999,28.0578,28.2189,28.383,28.5497,28.7187,28.8899,29.0629,29.2377,29.4139,29.5915,29.7703,29.9501,30.1309,30.3126,30.4949,30.6779,30.8615,31.0456,31.2301,31.4149,31.6001,31.7855,31.971,32.1568,32.3426,32.5285,32.7144,32.9003,33.0862,33.2721,33.4578,33.6434,33.8289,34.0143,34.1995,34.3845,34.5693,34.7538,34.9382,35.1222,35.3061,35.4896,35.6729,35.8559,36.0386,36.221,36.4031,36.5849,36.7663,36.9474,37.1282,37.3086,37.4887,37.6684,37.8478,38.0269,38.2056,38.3839,38.5618,38.7394,38.9167,39.0935,39.27,39.4462,39.6219,39.7973,39.9724,40.147
81.632,71.7042,61.9715,52.5016,43.995,37.692,33.7868,31.4198,29.904,28.8802,28.1625,27.648,27.2758,27.0073,26.8172,26.6876,26.6061,26.5634,26.5523,26.5675,26.6047,26.6605,26.7323,26.8177,26.9149,27.0225,27.139,27.2633,27.3946,27.5321,27.6749,27.8226,27.9746,28.1304,28.2896,28.4519,28.6169,28.7843,28.954,29.1256,29.2989,29.4739,29.6502,29.8278,30.0066,30.1863,30.3669,30.5483,30.7303,30.913,31.0962,31.2798,31.4639,31.6482,31.8329,32.0177,32.2027,32.3879,32.5731,32.7584,32.9437,33.129,33.3143,33.4994,33.6845,33.8695,34.0543,34.239,34.4235,34.6079,34.792,34.9759,35.1595,35.3429,35.5261,35.7089,35.8915,36.0739,36.2559,36.4376,36.619,36.8001,36.9809,37.1613,37.3414,37.5212,37.7006,37.8797,38.0585,38.2369,38.4149,38.5926,38.7699,38.9469,39.1235,39.2997,39.4756,39.6511,39.8263,40.0011,40.1755
82.1158,72.261,62.6348,53.2958,44.8565,38.4433,34.3647,31.8676,30.2653,29.1827,28.4231,27.8776,27.4814,27.194,26.9884,26.846,26.7537,26.7017,26.6826,26.6907,26.7217,26.772,26.8388,26.9197,27.0129,27.1167,27.2298,27.351,27.4794,27.6142,27.7545,27.8999,28.0497,28.2034,28.3607,28.5212,28.6845,28.8503,29.0184,29.1886,29.3606,29.5342,29.7093,29.8857,30.0633,30.2419,30.4215,30.6019,30.783,30.9647,31.147,31.3298,31.513,31.6966,31.8805,32.0646,32.2489,32.4334,32.6179,32.8026,32.9873,33.172,33.3566,33.5413,33.7258,33.9102,34.0946,34.2788,34.4628,34.6466,34.8303,35.0137,35.1969,35.3799,35.5626,35.7451,35.9273,36.1093,36.2909,36.4723,36.6533,36.8341,37.0145,37.1946,37.3744,37.5538,37.733,37.9117,38.0902,38.2683,38.4461,38.6235,38.8005,38.9772,39.1536,39.3295,39.5052,39.6804,39.8554,40.0299,40.2041
82.593,72.8073,63.28,54.063,45.6945,39.1928,34.9507,32.3235,30.633,29.4901,28.6876,28.1103,27.6896,27.3828,27.1614,27.006,26.9027,26.8412,26.814,26.815,26.8397,26.8843,26.9461,27.0225,27.1115,27.2116,27.3212,27.4392,27.5647,27.6967,27.8346,27.9776,28.1252,28.2768,28.4322,28.5908,28.7524,28.9166,29.0832,29.2519,29.4225,29.5948,29.7686,29.9438,30.1203,30.2978,30.4763,30.6557,30.8359,31.0167,31.1981,31.38,31.5624,31.7452,31.9283,32.1117,32.2953,32.4791,32.663,32.847,33.031,33.2151,33.3992,33.5833,33.7673,33.9512,34.135,34.3187,34.5022,34.6856,34.8687,35.0517,35.2345,35.4171,35.5994,35.7814,35.9633,36.1448,36.3261,36.5071,36.6878,36.8681,37.0482,37.228,37.4075,37.5866,37.7654,37.9439,38.1221,38.2999,38.4773,38.6545,38.8312,39.0077,39.1837,39.3595,39.5348,39.7099,39.8845,40.0588,40.2328
83.0638,73.3435,63.9086,54.8052,46.5092,39.9381,35.5433,32.787,31.007,29.8024,28.956,28.346,27.9003,27.5737,27.3363,27.1676,27.0531,26.982,26.9465,26.9402,26.9585,26.9975,27.0542,27.1259,27.2108,27.307,27.4132,27.528,27.6505,27.7798,27.9151,28.0557,28.2011,28.3507,28.5041,28.6609,28.8207,28.9833,29.1483,29.3155,29.4847,29.6557,29.8283,30.0023,30.1776,30.354,30.5315,30.7098,30.889,31.0689,31.2494,31.4305,31.6121,31.794,31.9764,32.159,32.3419,32.525,32.7082,32.8916,33.075,33.2585,33.442,33.6255,33.8089,33.9923,34.1756,34.3587,34.5418,34.7247,34.9074,35.0899,35.2722,35.4544,35.6363,35.8179,35.9993,36.1805,36.3614,36.542,36.7223,36.9024,37.0821,37.2616,37.4407,37.6195,37.798,37.9762,38.154,38.3315,38.5087,38.6856,38.8621,39.0382,39.214,39.3895,39.5646,39.7394,39.9138,40.0879,40.2616
83.5286,73.8702,64.5217,55.5244,47.3011,40.6771,36.1414,33.2575,31.3869,30.1195,29.2281,28.5848,28.1136,27.7667,27.5129,27.3307,27.2048,27.124,27.08,27.0664,27.0782,27.1115,27.163,27.2301,27.3107,27.4031,27.5057,27.6173,27.7369,27.8634,27.9961,28.1343,28.2774,28.4249,28.5764,28.7313,28.8894,29.0503,29.2138,29.3795,29.5473,29.7169,29.8882,30.061,30.2351,30.4105,30.5868,30.7642,30.9424,31.1214,31.301,31.4812,31.6619,31.8431,32.0246,32.2065,32.3887,32.5711,32.7536,32.9363,33.1191,33.302,33.4849,33.6678,33.8507,34.0336,34.2163,34.399,34.5815,34.7639,34.9462,35.1283,35.3101,35.4918,35.6733,35.8546,36.0356,36.2163,36.3969,36.5771,36.7571,36.9368,37.1162,37.2953,37.4741,37.6526,37.8307,38.0086,38.1861,38.3634,38.5403,38.7168,38.893,39.0689,39.2445,39.4197,39.5945,39.7691,39.9432,40.1171,40.2906
83.9877,74.3879,65.1204,56.2223,48.0708,41.4082,36.7435,33.7345,31.7727,30.4413,29.504,28.8267,28.3293,27.9618,27.6914,27.4953,27.3578,27.2672,27.2147,27.1936,27.1989,27.2263,27.2725,27.3349,27.4113,27.4998,27.5989,27.7072,27.8237,27.9474,28.0775,28.2133,28.3542,28.4996,28.649,28.8021,28.9584,29.1177,29.2795,29.4438,29.6102,29.7784,29.9485,30.12,30.293,30.4672,30.6425,30.8188,30.996,31.174,31.3528,31.5321,31.712,31.8924,32.0731,32.2543,32.4357,32.6174,32.7993,32.9813,33.1635,33.3457,33.5281,33.7104,33.8927,34.075,34.2572,34.4394,34.6214,34.8033,34.9851,35.1667,35.3482,35.5295,35.7105,35.8913,36.072,36.2523,36.4325,36.6123,36.7919,36.9713,37.1503,37.3291,37.5075,37.6857,37.8636,38.0411,38.2184,38.3953,38.5719,38.7482,38.9241,39.0997,39.275,39.45,39.6246,39.7988,39.9728,40.1463,40.3196
84.4412,74.8972,65.7057,56.9004,48.8192,42.1301,37.3483,34.2175,32.164,30.7676,29.7836,29.0715,28.5475,28.159,27.8715,27.6615,27.5122,27.4115,27.3504,27.3218,27.3203,27.3418,27.3828,27.4404,27.5125,27.5971,27.6925,27.7976,27.911,28.0319,28.1594,28.2928,28.4314,28.5746,28.7221,28.8732,29.0278,29.1854,29.3456,29.5084,29.6733,29.8403,30.009,30.1793,30.3511,30.5241,30.6984,30.8737,31.0499,31.227,31.4048,31.5832,31.7623,31.9418,32.1218,32.3022,32.4829,32.6639,32.8451,33.0265,33.208,33.3897,33.5714,33.7531,33.9349,34.1166,34.2983,34.48,34.6615,34.8429,35.0242,35.2054,35.3864,35.5672,35.7478,35.9283,36.1085,36.2885,36.4682,36.6477,36.8269,37.0059,37.1846,37.363,37.5412,37.719,37.8966,38.0738,38.2507,38.4274,38.6037,38.7796,38.9553,39.1307,39.3057,39.4803,39.6547,39.8287,40.0024,40.1757,40.3487
84.8893,75.3984,66.2783,57.5602,49.5472,42.8417,37.9546,34.7056,32.5606,31.0984,30.0667,29.3192,28.7681,28.3582,28.0534,27.8291,27.6679,27.557,27.4871,27.4508,27.4427,27.4582,27.4938,27.5466,27.6143,27.6949,27.7868,27.8885,27.9988,28.1169,28.2417,28.3726,28.5089,28.65,28.7954,28.9447,29.0975,29.2534,29.4121,29.5733,29.7368,29.9023,30.0698,30.2388,30.4094,30.5814,30.7545,30.9288,31.104,31.2801,31.457,31.6346,31.8128,31.9915,32.1707,32.3503,32.5303,32.7106,32.8911,33.0718,33.2527,33.4337,33.6149,33.796,33.9772,34.1584,34.3396,34.5207,34.7017,34.8827,35.0635,35.2442,35.4248,35.6051,35.7853,35.9653,36.1451,36.3247,36.5041,36.6832,36.8621,37.0407,37.219,37.3971,37.5749,37.7524,37.9297,38.1066,38.2832,38.4595,38.6355,38.8112,38.9866,39.1617,39.3364,39.5109,39.6849,39.8587,40.0321,40.2052,40.378
85.3324,75.8919,66.8392,58.2028,50.2558,43.5422,38.5609,35.1984,32.9622,31.4334,30.3534,29.5698,28.991,28.5594,28.237,27.9983,27.8249,27.7037,27.6248,27.5808,27.5658,27.5753,27.6055,27.6535,27.7168,27.7933,27.8815,27.9798,28.0871,28.2023,28.3245,28.4529,28.5869,28.7258,28.8692,29.0166,29.1675,29.3217,29.4788,29.6385,29.8005,29.9647,30.1308,30.2986,30.468,30.6388,30.8109,30.9841,31.1584,31.3335,31.5095,31.6862,31.8635,32.0414,32.2198,32.3987,32.5779,32.7575,32.9373,33.1174,33.2976,33.478,33.6585,33.8391,34.0197,34.2004,34.381,34.5616,34.7421,34.9226,35.1029,35.2832,35.4633,35.6432,35.823,36.0026,36.1819,36.3611,36.5401,36.7188,36.8973,37.0756,37.2536,37.4313,37.6088,37.786,37.9629,38.1395,38.3158,38.4918,38.6675,38.843,39.0181,39.1928,39.3673,39.5415,39.7153,39.8888,40.062,40.2348,40.4073
85.7705,76.3781,67.389,58.8295,50.9459,44.2311,39.1663,35.6951,33.3684,31.7726,30.6435,29.8233,29.2164,28.7625,28.4223,28.1688,27.9831,27.8515,27.7636,27.7117,27.6898,27.6932,27.7179,27.7609,27.8198,27.8923,27.9768,28.0717,28.1759,28.2882,28.4077,28.5336,28.6652,28.802,28.9433,29.0887,29.2379,29.3903,29.5458,29.704,29.8646,30.0274,30.1921,30.3587,30.5269,30.6966,30.8675,31.0397,31.2129,31.3871,31.5621,31.7379,31.9144,32.0915,32.2691,32.4472,32.6257,32.8045,32.9837,33.1631,33.3427,33.5224,33.7023,33.8823,34.0624,34.2425,34.4226,34.6026,34.7827,34.9626,35.1425,35.3223,35.5019,35.6814,35.8607,36.0399,36.2189,36.3977,36.5763,36.7546,36.9327,37.1106,37.2883,37.4657,37.6428,37.8196,37.9962,38.1725,38.3485,38.5242,38.6997,38.8748,39.0496,39.2241,39.3983,39.5722,39.7458,39.919,40.0919,40.2645,40.4368
86.2039,76.8574,67.9282,59.4412,51.6185,44.9081,39.7695,36.195,33.7788,32.1157,30.9369,30.0795,29.444,28.9676,28.6092,28.3408,28.1426,28.0003,27.9033,27.8435,27.8146,27.8118,27.831,27.869,27.9234,27.9918,28.0726,28.1641,28.2651,28.3744,28.4912,28.6146,28.7439,28.8785,29.0177,29.1612,29.3086,29.4593,29.6131,29.7697,29.9289,30.0903,30.2537,30.419,30.586,30.7545,30.9244,31.0955,31.2677,31.4409,31.615,31.7899,31.9655,32.1418,32.3186,32.4959,32.6737,32.8518,33.0302,33.209,33.3879,33.567,33.7463,33.9257,34.1052,34.2847,34.4643,34.6438,34.8234,35.0028,35.1822,35.3615,35.5407,35.7197,35.8986,36.0774,36.256,36.4343,36.6125,36.7905,36.9683,37.1458,37.3231,37.5001,37.6769,37.8534,38.0297,38.2056,38.3813,38.5568,38.7319,38.9067,39.0812,39.2555,39.4294,39.603,39.7763,39.9493,40.122,40.2943,40.4664
86.6327,77.3299,68.4577,60.0388,52.2745,45.5729,40.3697,36.6974,34.1932,32.4626,31.2336,30.3384,29.6739,29.1746,28.7978,28.5142,28.3034,28.1503,28.044,27.9762,27.9402,27.9311,27.9447,27.9778,28.0276,28.0919,28.1689,28.2569,28.3547,28.4612,28.5752,28.6961,28.823,28.9553,29.0925,29.2341,29.3795,29.5285,29.6807,29.8358,29.9934,30.1534,30.3156,30.4796,30.6454,30.8127,30.9815,31.1515,31.3227,31.495,31.6681,31.8421,32.0169,32.1923,32.3683,32.5448,32.7218,32.8992,33.077,33.255,33.4333,33.6118,33.7905,33.9693,34.1482,34.3272,34.5062,34.6852,34.8642,35.0432,35.2221,35.4009,35.5796,35.7582,35.9367,36.115,36.2932,36.4711,36.6489,36.8265,37.0039,37.1811,37.358,37.5347,37.7111,37.8873,38.0632,38.2389,38.4143,38.5894,38.7642,38.9388,39.113,39.287,39.4606,39.6339,39.807,39.9797,40.1521,40.3242,40.496
87.0572,77.7962,68.9777,60.6232,52.9148,46.2257,40.9659,37.2016,34.6112,32.8131,31.5334,30.6,29.906,29.3835,28.988,28.689,28.4653,28.3014,28.1857,28.1097,28.0666,28.0512,28.0591,28.0871,28.1324,28.1925,28.2657,28.3503,28.4449,28.5483,28.6596,28.7779,28.9025,29.0326,29.1676,29.3072,29.4508,29.5981,29.7486,29.9021,30.0583,30.2169,30.3777,30.5404,30.705,30.8712,31.0388,31.2078,31.3779,31.5492,31.7214,31.8945,32.0684,32.243,32.4182,32.5939,32.7702,32.9468,33.1239,33.3012,33.4789,33.6567,33.8348,34.013,34.1913,34.3697,34.5482,34.7267,34.9052,35.0837,35.2621,35.4404,35.6187,35.7968,35.9749,36.1528,36.3305,36.5081,36.6855,36.8627,37.0397,37.2165,37.393,37.5694,37.7455,37.9213,38.0969,38.2723,38.4473,38.6221,38.7967,38.9709,39.1449,39.3185,39.4919,39.665,39.8378,40.0102,40.1824,40.3542,40.5258
87.4774,78.2563,69.4889,61.1952,53.5403,46.8662,41.5576,37.707,35.0323,33.167,31.8363,30.8641,30.1402,29.5942,29.1797,28.8652,28.6285,28.4535,28.3284,28.2441,28.1938,28.1719,28.1742,28.1971,28.2377,28.2936,28.363,28.444,28.5354,28.6359,28.7444,28.8601,28.9823,29.1101,29.2431,29.3807,29.5224,29.6679,29.8168,29.9687,30.1234,30.2806,30.44,30.6015,30.7648,30.9298,31.0963,31.2642,31.4334,31.6036,31.7749,31.9471,32.1201,32.2938,32.4682,32.6432,32.8187,32.9946,33.171,33.3476,33.5246,33.7018,33.8793,34.0569,34.2346,34.4125,34.5904,34.7683,34.9463,35.1243,35.3022,35.4801,35.6579,35.8356,36.0132,36.1906,36.368,36.5451,36.7221,36.899,37.0756,37.252,37.4282,37.6042,37.78,37.9555,38.1307,38.3058,38.4805,38.655,38.8292,39.0032,39.1768,39.3502,39.5233,39.6961,39.8686,40.0408,40.2127,40.3843,40.5556
87.8936,78.7106,69.9918,61.7555,54.1518,47.4948,42.144,38.2129,35.4563,33.524,32.142,31.1308,30.3766,29.8068,29.373,29.0427,28.7928,28.6066,28.4719,28.3793,28.3217,28.2934,28.2899,28.3076,28.3435,28.3953,28.4607,28.5383,28.6264,28.7238,28.8296,28.9427,29.0624,29.188,29.3189,29.4545,29.5943,29.7381,29.8853,30.0356,30.1888,30.3445,30.5026,30.6628,30.8249,30.9887,31.1541,31.3209,31.489,31.6583,31.8286,31.9999,32.172,32.3449,32.5185,32.6926,32.8674,33.0426,33.2182,33.3942,33.5705,33.7471,33.9239,34.1009,34.2781,34.4554,34.6327,34.8101,34.9876,35.165,35.3425,35.5199,35.6972,35.8745,36.0516,36.2287,36.4056,36.5823,36.7589,36.9354,37.1116,37.2876,37.4635,37.6391,37.8145,37.9897,38.1647,38.3393,38.5138,38.688,38.8619,39.0355,39.2089,39.382,39.5548,39.7274,39.8996,40.0715,40.2432,40.4145,40.5856
88.3058,79.1593,70.4866,62.3048,54.7499,48.1116,42.7247,38.7188,35.8826,33.8839,32.4505,31.3998,30.6151,30.0211,29.5679,29.2216,28.9583,28.7608,28.6164,28.5154,28.4504,28.4156,28.4062,28.4187,28.45,28.4974,28.559,28.6329,28.7177,28.8122,28.9151,29.0256,29.1429,29.2662,29.3949,29.5285,29.6665,29.8085,29.954,30.1027,30.2544,30.4087,30.5654,30.7243,30.8851,31.0478,31.2121,31.3778,31.5449,31.7131,31.8825,32.0529,32.2241,32.3961,32.5689,32.7423,32.9162,33.0907,33.2656,33.4409,33.6166,33.7925,33.9687,34.1451,34.3217,34.4984,34.6752,34.8521,35.029,35.206,35.3829,35.5598,35.7367,35.9135,36.0902,36.2668,36.4433,36.6196,36.7958,36.9719,37.1477,37.3234,37.4989,37.6742,37.8492,38.0241,38.1987,38.373,38.5472,38.721,38.8947,39.068,39.2411,39.4139,39.5864,39.7587,39.9307,40.1024,40.2737,40.4448,40.6156
88.7141,79.6026,70.9738,62.8436,55.3355,48.7169,43.2993,39.2239,36.3109,34.2466,32.7616,31.6712,30.8556,30.2371,29.7642,29.4017,29.1249,28.916,28.7617,28.6522,28.5798,28.5384,28.5232,28.5304,28.5569,28.6,28.6577,28.728,28.8095,28.9009,29.001,29.1089,29.2237,29.3447,29.4713,29.6029,29.739,29.8792,30.023,30.1701,30.3203,30.4731,30.6285,30.786,30.9456,31.1071,31.2702,31.4349,31.6009,31.7682,31.9366,32.106,32.2764,32.4475,32.6195,32.7921,32.9653,33.139,33.3132,33.4878,33.6628,33.8381,34.0136,34.1894,34.3654,34.5415,34.7178,34.8942,35.0706,35.247,35.4234,35.5999,35.7763,35.9526,36.1289,36.3051,36.4811,36.6571,36.8329,37.0085,37.184,37.3593,37.5344,37.7093,37.884,38.0585,38.2328,38.4069,38.5807,38.7542,38.9275,39.1006,39.2734,39.4459,39.6182,39.7901,39.9618,40.1333,40.3044,40.4752,40.6458
89.1188,80.0408,71.4538,63.3724,55.9091,49.3109,43.8675,39.7278,36.7408,34.6117,33.0753,31.9448,31.098,30.4548,29.9619,29.5831,29.2926,29.0721,28.908,28.7899,28.7099,28.6618,28.6407,28.6427,28.6644,28.7032,28.7568,28.8236,28.9017,28.99,29.0873,29.1925,29.3049,29.4236,29.548,29.6776,29.8118,29.9501,30.0922,30.2378,30.3864,30.5378,30.6917,30.848,31.0064,31.1666,31.3286,31.4922,31.6571,31.8234,31.9908,32.1593,32.3288,32.4991,32.6702,32.842,33.0145,33.1874,33.3609,33.5348,33.7091,33.8838,34.0587,34.2339,34.4093,34.5849,34.7606,34.9364,35.1122,35.2882,35.4641,35.6401,35.816,35.9919,36.1677,36.3434,36.5191,36.6946,36.87,37.0452,37.2203,37.3953,37.57,37.7446,37.919,38.0931,38.267,38.4408,38.6143,38.7875,38.9605,39.1333,39.3058,39.478,39.65,39.8217,39.9931,40.1643,40.3351,40.5057,40.676
89.5199,80.474,71.9269,63.8919,56.4713,49.8939,44.429,40.2299,37.1719,34.9791,33.3912,32.2206,31.3423,30.6741,30.1611,29.7657,29.4614,29.2293,29.0551,28.9283,28.8407,28.7859,28.7589,28.7555,28.7723,28.8067,28.8564,28.9195,28.9943,29.0795,29.1739,29.2765,29.3864,29.5028,29.625,29.7525,29.8848,30.0213,30.1617,30.3056,30.4527,30.6027,30.7553,30.9102,31.0673,31.2264,31.3872,31.5496,31.7136,31.8788,32.0453,32.2129,32.3814,32.5509,32.7212,32.8922,33.0638,33.236,33.4088,33.582,33.7557,33.9297,34.104,34.2785,34.4533,34.6283,34.8034,34.9787,35.1541,35.3295,35.5049,35.6804,35.8558,36.0313,36.2066,36.3819,36.5571,36.7323,36.9072,37.0821,37.2568,37.4314,37.6058,37.78,37.954,38.1278,38.3014,38.4748,38.6479,38.8209,38.9936,39.166,39.3382,39.5102,39.6819,39.8533,40.0245,40.1953,40.366,40.5363,40.7063
89.9176,80.9025,72.3933,64.4024,57.0228,50.4664,44.9836,40.73,37.6039,35.3484,33.7094,32.4985,31.5885,30.8951,30.3617,29.9495,29.6313,29.3873,29.203,29.0675,28.9722,28.9107,28.8776,28.8688,28.8808,28.9108,28.9565,29.0159,29.0873,29.1694,29.2609,29.3608,29.4682,29.5822,29.7023,29.8278,29.9581,30.0928,30.2315,30.3738,30.5193,30.6678,30.819,30.9726,31.1284,31.2863,31.446,31.6073,31.7702,31.9344,32.0999,32.2666,32.4342,32.6028,32.7722,32.9424,33.1133,33.2848,33.4568,33.6294,33.8023,33.9757,34.1493,34.3233,34.4975,34.6719,34.8465,35.0212,35.196,35.3709,35.5459,35.7208,35.8958,36.0708,36.2457,36.4206,36.5953,36.77,36.9446,37.1191,37.2934,37.4676,37.6416,37.8154,37.9891,38.1626,38.3358,38.5089,38.6817,38.8544,39.0267,39.1989,39.3708,39.5425,39.7139,39.885,40.0559,40.2265,40.3969,40.5669,40.7367
90.3119,81.3263,72.8535,64.9044,57.564,51.0286,45.5313,41.2274,38.0364,35.7195,34.0297,32.7783,31.8364,31.1176,30.5636,30.1345,29.8022,29.5463,29.3518,29.2074,29.1044,29.036,28.9969,28.9826,28.9897,29.0153,29.0569,29.1126,29.1807,29.2596,29.3482,29.4454,29.5503,29.662,29.7798,29.9033,30.0316,30.1645,30.3015,30.4421,30.5861,30.7331,30.8829,31.0352,31.1898,31.3464,31.5049,31.6652,31.827,31.9902,32.1547,32.3204,32.4872,32.6549,32.8235,32.9929,33.163,33.3337,33.505,33.6769,33.8491,34.0218,34.1948,34.3682,34.5418,34.7156,34.8896,35.0638,35.2381,35.4125,35.5869,35.7614,35.9359,36.1104,36.2849,36.4593,36.6336,36.8079,36.9821,37.1562,37.3301,37.5039,37.6775,37.851,38.0243,38.1975,38.3704,38.5431,38.7156,38.8879,39.06,39.2319,39.4035,39.5748,39.746,39.9168,40.0874,40.2578,40.4279,40.5977,40.7672
90.703,81.7457,73.3075,65.3984,58.0954,51.5808,46.0719,41.7219,38.469,36.0921,34.3518,33.0601,32.0861,31.3416,30.7668,30.3207,29.9742,29.7062,29.5014,29.3481,29.2373,29.162,29.1167,29.097,29.0992,29.1203,29.1578,29.2098,29.2744,29.3502,29.4359,29.5303,29.6327,29.742,29.8577,29.979,30.1055,30.2365,30.3717,30.5107,30.6532,30.7987,30.9471,31.098,31.2513,31.4067,31.5641,31.7232,31.884,32.0462,32.2097,32.3744,32.5403,32.7071,32.8749,33.0435,33.2128,33.3828,33.5534,33.7245,33.8961,34.0681,34.2405,34.4132,34.5862,34.7594,34.9329,35.1065,35.2803,35.4541,35.6281,35.8021,35.9761,36.1501,36.3242,36.4981,36.6721,36.8459,37.0197,37.1934,37.3669,37.5403,37.7136,37.8867,38.0597,38.2324,38.405,38.5774,38.7496,38.9216,39.0934,39.2649,39.4362,39.6073,39.7781,39.9487,40.1191,40.2892,40.459,40.6285,40.7978
91.0909,82.1608,73.7558,65.8846,58.6175,52.1235,46.6055,42.2133,38.9014,36.466,34.6757,33.3436,32.3373,31.567,30.9714,30.508,30.1471,29.867,29.6518,29.4895,29.3708,29.2886,29.2371,29.2119,29.209,29.2256,29.2591,29.3073,29.3685,29.4411,29.5238,29.6156,29.7154,29.8224,29.9358,30.055,30.1795,30.3087,30.4422,30.5796,30.7204,30.8645,31.0114,31.161,31.313,31.4672,31.6234,31.7814,31.9411,32.1023,32.2648,32.4286,32.5936,32.7596,32.9265,33.0942,33.2628,33.432,33.6018,33.7723,33.9432,34.1145,34.2863,34.4584,34.6308,34.8034,34.9763,35.1494,35.3226,35.4959,35.6694,35.8429,36.0164,36.19,36.3636,36.5371,36.7106,36.884,37.0574,37.2306,37.4038,37.5768,37.7497,37.9225,38.0951,38.2675,38.4398,38.6118,38.7837,38.9554,39.1268,39.2981,39.4691,39.6399,39.8104,39.9807,40.1508,40.3206,40.4902,40.6595,40.8285
91.4758,82.5718,74.1985,66.3635,59.1308,52.657,47.132,42.7011,39.3333,36.841,35.0012,33.6287,32.5902,31.7939,31.1771,30.6964,30.321,30.0286,29.8029,29.6315,29.5049,29.4157,29.358,29.3272,29.3194,29.3315,29.3608,29.4052,29.4629,29.5323,29.6121,29.7011,29.7984,29.903,30.0142,30.1313,30.2538,30.3812,30.5129,30.6486,30.7879,30.9305,31.076,31.2243,31.375,31.5279,31.683,31.8398,31.9984,32.1586,32.3201,32.483,32.647,32.8121,32.9782,33.1451,33.3129,33.4813,33.6505,33.8202,33.9904,34.1611,34.3322,34.5037,34.6754,34.8475,35.0198,35.1923,35.365,35.5378,35.7108,35.8838,36.0569,36.23,36.4031,36.5762,36.7492,36.9222,37.0952,37.268,37.4408,37.6135,37.786,37.9584,38.1306,38.3027,38.4746,38.6463,38.8179,38.9892,39.1604,39.3313,39.502,39.6725,39.8428,40.0128,40.1826,40.3521,40.5214,40.6905,40.8592
91.8577,82.9788,74.6359,66.8354,59.6355,53.1816,47.6515,43.1853,39.7644,37.2168,35.3282,33.9155,32.8445,32.0221,31.3841,30.8859,30.4959,30.1911,29.9549,29.7743,29.6397,29.5434,29.4795,29.443,29.4302,29.4377,29.4629,29.5035,29.5577,29.6239,29.7007,29.787,29.8816,29.9838,30.0928,30.2078,30.3284,30.4539,30.5838,30.7178,30.8556,30.9966,31.1408,31.2877,31.4371,31.5888,31.7427,31.8984,32.0559,32.215,32.3756,32.5375,32.7006,32.8648,33.0301,33.1962,33.3631,33.5308,33.6992,33.8682,34.0377,34.2078,34.3782,34.5491,34.7203,34.8917,35.0635,35.2354,35.4076,35.5799,35.7523,35.9248,36.0974,36.27,36.4427,36.6153,36.788,36.9606,37.1331,37.3055,37.4779,37.6502,37.8223,37.9944,38.1662,38.338,38.5095,38.6809,38.8522,39.0232,39.194,39.3646,39.5351,39.7053,39.8752,40.045,40.2145,40.3837,40.5528,40.7216,40.8901
92.2368,83.3819,75.0681,67.3005,60.1322,53.6977,48.1641,43.6655,40.1944,37.5931,35.6564,34.2037,33.1003,32.2517,31.5923,31.0764,30.6716,30.3545,30.1075,29.9177,29.775,29.6717,29.6014,29.5594,29.5414,29.5443,29.5653,29.6021,29.6529,29.7158,29.7896,29.8731,29.9652,30.065,30.1717,30.2846,30.4032,30.5268,30.655,30.7873,30.9235,31.063,31.2057,31.3512,31.4994,31.6499,31.8025,31.9572,32.1136,32.2717,32.4312,32.5922,32.7544,32.9177,33.0821,33.2474,33.4135,33.5805,33.7481,33.9164,34.0852,34.2546,34.4244,34.5946,34.7652,34.9361,35.1072,35.2786,35.4503,35.622,35.7939,35.966,36.1381,36.3102,36.4824,36.6546,36.8268,36.999,37.1711,37.3432,37.5151,37.687,37.8588,38.0304,38.202,38.3733,38.5446,38.7156,38.8865,39.0572,39.2277,39.3981,39.5682,39.7381,39.9078,40.0772,40.2465,40.4154,40.5842,40.7527,40.921
92.613,83.7813,75.4954,67.7592,60.621,54.2056,48.6698,44.1418,40.623,37.9699,35.9858,34.4933,33.3575,32.4825,31.8016,31.2679,30.8483,30.5186,30.2609,30.0618,29.911,29.8005,29.7239,29.6761,29.6531,29.6514,29.6682,29.7011,29.7483,29.808,29.8788,29.9595,30.049,30.1464,30.2508,30.3616,30.4782,30.5999,30.7263,30.857,30.9915,31.1296,31.2708,31.415,31.5619,31.7111,31.8626,32.0161,32.1714,32.3284,32.487,32.647,32.8083,32.9707,33.1342,33.2987,33.4641,33.6302,33.7971,33.9647,34.1328,34.3015,34.4707,34.6403,34.8102,34.9805,35.1511,35.322,35.493,35.6643,35.8357,36.0072,36.1788,36.3505,36.5222,36.694,36.8658,37.0375,37.2092,37.3809,37.5524,37.7239,37.8953,38.0666,38.2378,38.4088,38.5797,38.7504,38.921,39.0914,39.2616,39.4316,39.6014,39.771,39.9404,40.1096,40.2785,40.4472,40.6157,40.784,40.952
92.9865,84.177,75.9179,68.2117,61.1025,54.7056,49.1687,44.6138,41.0502,38.3468,36.3162,34.7842,33.6159,32.7145,32.0119,31.4604,31.0259,30.6835,30.4149,30.2065,30.0475,29.9298,29.8468,29.7933,29.7651,29.7588,29.7713,29.8005,29.8441,29.9005,29.9683,30.0462,30.1331,30.228,30.3302,30.4389,30.5534,30.6732,30.7979,30.9269,31.0598,31.1964,31.3362,31.479,31.6245,31.7725,31.9228,32.0751,32.2294,32.3854,32.5429,32.702,32.8623,33.0239,33.1865,33.3502,33.5147,33.6801,33.8463,34.0131,34.1806,34.3486,34.5171,34.6861,34.8554,35.0251,35.1951,35.3654,35.5359,35.7067,35.8775,36.0486,36.2197,36.3909,36.5622,36.7335,36.9048,37.0761,37.2474,37.4187,37.5898,37.7609,37.932,38.1029,38.2737,38.4444,38.6149,38.7853,38.9555,39.1256,39.2955,39.4652,39.6347,39.804,39.9731,40.142,40.3106,40.4791,40.6473,40.8153,40.9831
93.3574,84.5693,76.3358,68.6583,61.5768,55.198,49.6609,45.0817,41.4755,38.7236,36.6474,35.0762,33.8755,32.9476,32.2234,31.6539,31.2043,30.8491,30.5697,30.3518,30.1846,30.0596,29.9702,29.911,29.8776,29.8666,29.8749,29.9001,29.9402,29.9934,30.0581,30.1332,30.2174,30.3099,30.4098,30.5163,30.6289,30.7468,30.8696,30.9969,31.1283,31.2633,31.4017,31.5431,31.6873,31.8341,31.9832,32.1344,32.2875,32.4425,32.599,32.7571,32.9165,33.0771,33.2389,33.4018,33.5655,33.7302,33.8956,34.0617,34.2284,34.3958,34.5636,34.732,34.9007,35.0698,35.2392,35.409,35.5789,35.7491,35.9195,36.09,36.2607,36.4314,36.6022,36.7731,36.944,37.1148,37.2857,37.4565,37.6273,37.7981,37.9687,38.1392,38.3097,38.48,38.6502,38.8202,38.9901,39.1599,39.3294,39.4988,39.668,39.8371,40.0059,40.1745,40.3429,40.511,40.679,40.8467,41.0142
93.7257,84.9582,76.7493,69.0993,62.0443,55.683,50.1467,45.5451,41.8989,39.1003,36.9793,35.3693,34.1363,33.1819,32.4358,31.8483,31.3835,31.0155,30.7251,30.4977,30.3222,30.19,30.0941,30.0291,29.9905,29.9747,29.9788,30.0001,30.0366,30.0865,30.1482,30.2204,30.302,30.3921,30.4897,30.594,30.7045,30.8206,30.9416,31.0672,31.1969,31.3304,31.4674,31.6074,31.7503,31.8958,32.0437,32.1938,32.3458,32.4997,32.6552,32.8123,32.9708,33.1306,33.2915,33.4535,33.6165,33.7803,33.945,34.1104,34.2764,34.4431,34.6103,34.778,34.9461,35.1146,35.2835,35.4526,35.6221,35.7917,35.9616,36.1316,36.3017,36.472,36.6423,36.8128,36.9832,37.1537,37.3241,37.4945,37.6649,37.8353,38.0055,38.1757,38.3458,38.5157,38.6856,38.8553,39.0249,39.1943,39.3635,39.5326,39.7015,39.8702,40.0387,40.207,40.3752,40.5431,40.7107,40.8782,41.0454
94.0915,85.3438,77.1585,69.5347,62.5052,56.1611,50.626,46.0043,42.3202,39.4765,37.3117,35.6633,34.3982,33.4172,32.6493,32.0435,31.5635,31.1827,30.8812,30.6443,30.4604,30.3208,30.2184,30.1476,30.1038,30.0833,30.083,30.1004,30.1333,30.1798,30.2385,30.3079,30.3869,30.4744,30.5697,30.6719,30.7804,30.8945,31.0138,31.1377,31.2658,31.3977,31.5332,31.6719,31.8134,31.9577,32.1044,32.2533,32.4042,32.5571,32.7116,32.8677,33.0253,33.1841,33.3442,33.5053,33.6675,33.8306,33.9945,34.1592,34.3245,34.4905,34.657,34.8241,34.9916,35.1595,35.3278,35.4964,35.6653,35.8344,36.0037,36.1733,36.3429,36.5127,36.6826,36.8525,37.0225,37.1926,37.3626,37.5326,37.7026,37.8725,38.0424,38.2122,38.3819,38.5516,38.721,38.8904,39.0597,39.2287,39.3977,39.5664,39.735,39.9034,40.0717,40.2397,40.4075,40.5752,40.7426,40.9098,41.0767
94.4549,85.7262,77.5635,69.9649,62.9598,56.6323,51.0991,46.4589,42.7392,39.8522,37.6446,35.9582,34.661,33.6535,32.8636,32.2396,31.7443,31.3505,31.0379,30.7913,30.5991,30.4521,30.3431,30.2665,30.2174,30.1921,30.1876,30.201,30.2303,30.2735,30.3291,30.3956,30.4719,30.557,30.65,30.75,30.8565,30.9687,31.0861,31.2083,31.3348,31.4652,31.5992,31.7365,31.8767,32.0197,32.1652,32.313,32.4628,32.6146,32.7681,32.9232,33.0799,33.2378,33.397,33.5573,33.7187,33.881,34.0441,34.2081,34.3727,34.538,34.7039,34.8703,35.0372,35.2045,35.3722,35.5403,35.7086,35.8772,36.046,36.215,36.3842,36.5535,36.7229,36.8924,37.062,37.2316,37.4012,37.5708,37.7404,37.9099,38.0794,38.2488,38.4182,38.5875,38.7566,38.9256,39.0945,39.2633,39.4319,39.6004,39.7686,39.9368,40.1047,40.2724,40.44,40.6073,40.7745,40.9414,41.1081
94.8159,86.1055,77.9646,70.3901,63.4084,57.097,51.5661,46.9092,43.1558,40.2272,37.9777,36.2538,34.9248,33.8908,33.0789,32.4366,31.9259,31.519,31.1952,30.939,30.7383,30.5839,30.4683,30.3857,30.3314,30.3014,30.2924,30.3019,30.3276,30.3674,30.4199,30.4836,30.5572,30.6399,30.7305,30.8284,30.9327,31.043,31.1586,31.2791,31.404,31.5329,31.6654,31.8013,31.9402,32.0819,32.2262,32.3728,32.5215,32.6722,32.8247,32.9789,33.1346,33.2916,33.4499,33.6094,33.77,33.9315,34.0939,34.2571,34.4211,34.5857,34.7509,34.9167,35.0829,35.2497,35.4168,35.5842,35.752,35.9201,36.0884,36.2569,36.4256,36.5944,36.7633,36.9324,37.1015,37.2706,37.4398,37.609,37.7782,37.9474,38.1165,38.2856,38.4545,38.6234,38.7922,38.9609,39.1295,39.2979,39.4662,39.6344,39.8023,39.9701,40.1378,40.3052,40.4725,40.6396,40.8064,40.9731,41.1396
95.1745,86.4818,78.3618,70.8104,63.8511,57.5554,52.0272,47.355,43.57,40.6012,38.311,36.5501,35.1894,34.1289,33.295,32.6343,32.1082,31.6881,31.3531,31.0872,30.878,30.7161,30.5939,30.5054,30.4458,30.4109,30.3976,30.4031,30.4251,30.4616,30.511,30.5718,30.6428,30.7229,30.8112,30.9069,31.0092,31.1176,31.2313,31.3501,31.4733,31.6007,31.7317,31.8662,32.0038,32.1442,32.2873,32.4327,32.5804,32.73,32.8815,33.0347,33.1894,33.3456,33.503,33.6616,33.8214,33.9821,34.1438,34.3062,34.4695,34.6334,34.798,34.9631,35.1288,35.2949,35.4614,35.6283,35.7955,35.9631,36.1308,36.2988,36.467,36.6354,36.8038,36.9724,37.1411,37.3098,37.4786,37.6474,37.8162,37.9849,38.1537,38.3223,38.491,38.6595,38.8279,38.9963,39.1645,39.3326,39.5006,39.6684,39.8361,40.0036,40.1709,40.3381,40.5051,40.6719,40.8385,41.0049,41.1711
95.5309,86.8552,78.7553,71.226,64.2882,58.0078,52.4825,47.7964,43.9815,40.9743,38.6443,36.847,35.4548,34.3679,33.5119,32.8328,32.2911,31.8579,31.5116,31.2359,31.0182,30.8488,30.7199,30.6255,30.5605,30.5208,30.5031,30.5046,30.5229,30.5561,30.6023,30.6602,30.7285,30.8061,30.8921,30.9856,31.0859,31.1923,31.3042,31.4212,31.5428,31.6686,31.7982,31.9313,32.0676,32.2067,32.3486,32.4928,32.6394,32.7879,32.9384,33.0906,33.2444,33.3996,33.5562,33.714,33.8729,34.0329,34.1937,34.3555,34.518,34.6813,34.8452,35.0097,35.1747,35.3402,35.5061,35.6725,35.8391,36.0061,36.1734,36.3409,36.5086,36.6764,36.8444,37.0126,37.1808,37.3491,37.5174,37.6858,37.8542,38.0226,38.1909,38.3592,38.5275,38.6956,38.8637,39.0317,39.1996,39.3674,39.5351,39.7026,39.8699,40.0371,40.2042,40.3711,40.5378,40.7043,40.8706,41.0367,41.2027
95.8852,87.2258,79.1452,71.637,64.72,58.4543,52.9322,48.2334,44.3903,41.3461,38.9775,37.1443,35.7209,34.6076,33.7296,33.032,32.4748,32.0283,31.6707,31.3851,31.1588,30.9818,30.8463,30.7459,30.6755,30.631,30.6089,30.6064,30.621,30.6508,30.6939,30.7489,30.8145,30.8896,30.9732,31.0645,31.1627,31.2672,31.3773,31.4926,31.6125,31.7367,31.8649,31.9965,32.1315,32.2693,32.41,32.5531,32.6985,32.846,32.9954,33.1466,33.2995,33.4538,33.6095,33.7664,33.9245,34.0837,34.2438,34.4049,34.5667,34.7292,34.8925,35.0563,35.2207,35.3856,35.551,35.7167,35.8829,36.0493,36.216,36.383,36.5502,36.7176,36.8851,37.0528,37.2206,37.3884,37.5564,37.7243,37.8923,38.0603,38.2282,38.3962,38.564,38.7319,38.8996,39.0673,39.2348,39.4023,39.5696,39.7368,39.9039,40.0708,40.2375,40.4041,40.5705,40.7367,40.9028,41.0686,41.2343
96.2372,87.5936,79.5315,72.0437,65.1465,58.8951,53.3763,48.6661,44.7964,41.7168,39.3105,37.442,35.9877,34.8481,33.948,33.2319,32.6591,32.1993,31.8303,31.5348,31.2999,31.1153,30.9731,30.8666,30.7909,30.7415,30.715,30.7084,30.7193,30.7457,30.7857,30.8378,30.9007,30.9732,31.0545,31.1436,31.2397,31.3422,31.4505,31.564,31.6824,31.805,31.9317,32.0619,32.1955,32.3321,32.4715,32.6134,32.7577,32.9042,33.0526,33.2028,33.3547,33.5081,33.6629,33.819,33.9763,34.1347,34.294,34.4543,34.6154,34.7773,34.9399,35.1031,35.2668,35.4311,35.5959,35.7611,35.9267,36.0926,36.2588,36.4252,36.5919,36.7588,36.9259,37.0931,37.2604,37.4279,37.5954,37.7629,37.9305,38.0981,38.2656,38.4332,38.6007,38.7682,38.9356,39.1029,39.2701,39.4372,39.6042,39.7711,39.9378,40.1044,40.2709,40.4372,40.6033,40.7693,40.935,41.1006,41.266
96.5872,87.9587,79.9145,72.4462,65.568,59.3304,53.8152,49.0944,45.1996,42.086,39.6431,37.7399,36.255,35.0893,34.1672,33.4325,32.844,32.3709,31.9904,31.685,31.4414,31.2492,31.1002,30.9878,30.9066,30.8523,30.8213,30.8107,30.8179,30.8408,30.8777,30.9268,30.987,31.0571,31.136,31.2228,31.3169,31.4174,31.5239,31.6357,31.7523,31.8734,31.9986,32.1274,32.2597,32.395,32.5332,32.6739,32.8171,32.9625,33.1098,33.2591,33.41,33.5625,33.7164,33.8717,34.0281,34.1857,34.3443,34.5039,34.6643,34.8255,34.9874,35.1499,35.3131,35.4767,35.6409,35.8055,35.9705,36.1359,36.3016,36.4675,36.6337,36.8002,36.9668,37.1335,37.3004,37.4674,37.6344,37.8016,37.9687,38.1359,38.3031,38.4703,38.6374,38.8045,38.9716,39.1385,39.3054,39.4722,39.6389,39.8055,39.9719,40.1382,40.3043,40.4703,40.6362,40.8019,40.9674,41.1327,41.2978
96.9351,88.3212,80.2941,72.8446,65.9847,59.7605,54.2489,49.5184,45.6,42.4538,39.9753,38.0381,36.5228,35.3311,34.387,33.6337,33.0295,32.543,32.151,31.8356,31.5834,31.3835,31.2277,31.1092,31.0226,30.9634,30.9279,30.9133,30.9167,30.9362,30.9699,31.0161,31.0736,31.1411,31.2176,31.3023,31.3942,31.4928,31.5974,31.7075,31.8225,31.942,32.0657,32.1931,32.324,32.458,32.5949,32.7345,32.8766,33.0209,33.1672,33.3154,33.4654,33.617,33.77,33.9244,34.0801,34.2369,34.3947,34.5535,34.7132,34.8737,35.0349,35.1969,35.3594,35.5224,35.686,35.8501,36.0145,36.1793,36.3445,36.5099,36.6756,36.8416,37.0077,37.174,37.3404,37.507,37.6736,37.8403,38.0071,38.1739,38.3407,38.5075,38.6742,38.841,39.0077,39.1743,39.3408,39.5073,39.6737,39.8399,40.006,40.172,40.3379,40.5036,40.6691,40.8345,40.9998,41.1648,41.3297
97.2811,88.6811,80.6706,73.239,66.3966,60.1854,54.6775,49.9381,45.9975,42.82,40.307,38.3363,36.7911,35.5735,34.6074,33.8356,33.2156,32.7157,32.3121,31.9867,31.7257,31.5182,31.3555,31.2309,31.1388,31.0747,31.0348,31.0161,31.0158,31.0319,31.0623,31.1056,31.1604,31.2253,31.2995,31.3819,31.4718,31.5684,31.6711,31.7794,31.8927,32.0107,32.1329,32.2589,32.3884,32.5211,32.6568,32.7953,32.9362,33.0794,33.2247,33.3719,33.5209,33.6716,33.8238,33.9773,34.1322,34.2882,34.4452,34.6033,34.7623,34.9221,35.0826,35.2439,35.4058,35.5682,35.7312,35.8947,36.0586,36.2229,36.3875,36.5524,36.7176,36.8831,37.0487,37.2145,37.3805,37.5466,37.7129,37.8791,38.0455,38.2119,38.3783,38.5447,38.7111,38.8775,39.0438,39.2101,39.3763,39.5424,39.7085,39.8744,40.0402,40.2059,40.3715,40.5369,40.7021,40.8673,41.0322,41.197,41.3616
97.625,89.0386,81.044,73.6296,66.8041,60.6054,55.1012,50.3537,46.3921,43.1845,40.6381,38.6346,37.0597,35.8164,34.8283,34.038,33.4022,32.8888,32.4736,32.1383,31.8685,31.6532,31.4837,31.353,31.2554,31.1864,31.142,31.1191,31.1151,31.1277,31.155,31.1953,31.2473,31.3097,31.3815,31.4617,31.5494,31.6441,31.7449,31.8515,31.9631,32.0795,32.2002,32.3248,32.4529,32.5844,32.7189,32.8561,32.9959,33.138,33.2823,33.4285,33.5766,33.7263,33.8776,34.0303,34.1843,34.3395,34.4958,34.6531,34.8114,34.9705,35.1304,35.291,35.4523,35.6141,35.7765,35.9394,36.1027,36.2665,36.4306,36.595,36.7597,36.9246,37.0898,37.2552,37.4207,37.5864,37.7522,37.918,38.084,38.25,38.416,38.5821,38.7481,38.9141,39.0801,39.246,39.4119,39.5777,39.7434,39.909,40.0745,40.2399,40.4051,40.5702,40.7352,40.9,41.0647,41.2292,41.3936
97.9671,89.3937,81.4143,74.0165,67.2072,61.0207,55.5202,50.7652,46.7838,43.5474,40.9684,38.9328,37.3287,36.0598,35.0499,34.2409,33.5893,33.0625,32.6357,32.2902,32.0116,31.7886,31.6122,31.4754,31.3723,31.2982,31.2493,31.2224,31.2146,31.2237,31.2478,31.2852,31.3344,31.3943,31.4636,31.5416,31.6272,31.7199,31.8189,31.9237,32.0337,32.1485,32.2677,32.3908,32.5176,32.6478,32.781,32.9171,33.0557,33.1968,33.34,33.4852,33.6323,33.7812,33.9315,34.0834,34.2366,34.391,34.5465,34.7031,34.8606,35.019,35.1783,35.3382,35.4988,35.6601,35.8219,35.9842,36.147,36.3102,36.4737,36.6376,36.8018,36.9663,37.131,37.2959,37.461,37.6262,37.7916,37.957,38.1226,38.2882,38.4538,38.6194,38.7851,38.9508,39.1164,39.282,39.4475,39.6129,39.7783,39.9436,40.1088,40.2739,40.4388,40.6037,40.7684,40.9329,41.0973,41.2615,41.4256
98.3073,89.7464,81.7817,74.3999,67.6061,61.4313,55.9346,51.1727,47.1725,43.9085,41.2979,39.2309,37.5978,36.3036,35.2719,34.4444,33.777,33.2366,32.7981,32.4425,32.1551,31.9243,31.7411,31.5981,31.4894,31.4104,31.357,31.3258,31.3143,31.3199,31.3408,31.3753,31.4217,31.479,31.546,31.6217,31.7052,31.7959,31.893,31.996,32.1044,32.2176,32.3352,32.457,32.5824,32.7113,32.8433,32.9781,33.1157,33.2556,33.3978,33.542,33.6882,33.8361,33.9856,34.1366,34.2889,34.4425,34.5973,34.7531,34.9099,35.0677,35.2262,35.3855,35.5455,35.7061,35.8673,36.0291,36.1913,36.3539,36.517,36.6803,36.844,37.008,37.1722,37.3367,37.5013,37.6661,37.831,37.9961,38.1612,38.3264,38.4916,38.6569,38.8222,38.9875,39.1527,39.318,39.4832,39.6483,39.8133,39.9783,40.1432,40.308,40.4726,40.6372,40.8016,40.9658,41.1299,41.2939,41.4577
98.6457,90.0969,82.1463,74.7798,68.0008,61.8374,56.3445,51.5761,47.5582,44.2678,41.6266,39.5288,37.8672,36.5477,35.4944,34.6483,33.9651,33.4111,32.961,32.5953,32.299,32.0604,31.8702,31.721,31.6068,31.5228,31.4648,31.4295,31.4142,31.4164,31.434,31.4655,31.5092,31.5639,31.6285,31.7019,31.7833,31.872,31.9673,32.0685,32.1752,32.2868,32.4029,32.5232,32.6473,32.7749,32.9056,33.0393,33.1757,33.3146,33.4557,33.5989,33.7441,33.8911,34.0397,34.1898,34.3413,34.4942,34.6482,34.8032,34.9593,35.1164,35.2742,35.4329,35.5922,35.7522,35.9129,36.074,36.2357,36.3978,36.5603,36.7231,36.8863,37.0498,37.2136,37.3775,37.5417,37.7061,37.8706,38.0352,38.1999,38.3647,38.5295,38.6944,38.8594,39.0243,39.1892,39.3541,39.5189,39.6837,39.8484,40.0131,40.1776,40.3421,40.5065,40.6707,40.8348,40.9988,41.1626,41.3263,41.4899
98.9823,90.4451,82.5081,75.1563,68.3916,62.2391,56.7501,51.9757,47.941,44.6251,41.9543,39.8264,38.1367,36.7923,35.7173,34.8527,34.1537,33.5861,33.1243,32.7484,32.4432,32.1967,31.9996,31.8442,31.7245,31.6354,31.5729,31.5335,31.5143,31.513,31.5274,31.5559,31.5968,31.6489,31.7111,31.7823,31.8616,31.9483,32.0417,32.1411,32.2461,32.3561,32.4708,32.5896,32.7123,32.8386,32.9681,33.1006,33.2358,33.3736,33.5137,33.6559,33.8002,33.9462,34.0939,34.2432,34.3939,34.5459,34.6991,34.8534,35.0088,35.1651,35.3223,35.4803,35.6391,35.7984,35.9585,36.119,36.2801,36.4417,36.6036,36.766,36.9287,37.0917,37.255,37.4185,37.5822,37.7461,37.9102,38.0744,38.2387,38.4031,38.5675,38.732,38.8966,39.0611,39.2257,39.3902,39.5547,39.7192,39.8836,40.0479,40.2122,40.3763,40.5404,40.7043,40.8681,41.0318,41.1954,41.3588,41.5221
99.3172,90.7911,82.8672,75.5295,68.7786,62.6367,57.1513,52.3715,48.3209,44.9806,42.281,40.1236,38.4062,37.0371,35.9406,35.0575,34.3426,33.7615,33.2879,32.9018,32.5877,32.3334,32.1293,31.9677,31.8424,31.7483,31.6812,31.6376,31.6146,31.6098,31.621,31.6464,31.6846,31.7341,31.7939,31.8628,31.94,32.0247,32.1162,32.2138,32.3171,32.4256,32.5387,32.6561,32.7775,32.9024,33.0307,33.162,33.2961,33.4327,33.5718,33.713,33.8563,34.0014,34.1482,34.2966,34.4465,34.5977,34.7501,34.9037,35.0584,35.214,35.3705,35.5279,35.6859,35.8447,36.0041,36.1641,36.3247,36.4857,36.6471,36.8089,36.9711,37.1336,37.2964,37.4595,37.6227,37.7862,37.9498,38.1136,38.2775,38.4415,38.6056,38.7697,38.9339,39.0981,39.2623,39.4264,39.5906,39.7547,39.9188,40.0828,40.2467,40.4106,40.5743,40.738,40.9015,41.0649,41.2282,41.3914,41.5544
99.6504,91.135,83.2237,75.8996,69.1619,63.0302,57.5485,52.7635,48.6978,45.3342,42.6067,40.4205,38.6758,37.2821,36.1642,35.2628,34.532,33.9373,33.4519,33.0556,32.7326,32.4704,32.2593,32.0914,31.9605,31.8613,31.7896,31.7419,31.7151,31.7067,31.7147,31.7372,31.7725,31.8195,31.8768,31.9434,32.0185,32.1012,32.1908,32.2867,32.3883,32.4951,32.6067,32.7227,32.8427,32.9663,33.0933,33.2234,33.3564,33.492,33.63,33.7702,33.9125,34.0567,34.2026,34.3501,34.4992,34.6496,34.8013,34.9541,35.108,35.263,35.4188,35.5755,35.7329,35.8911,36.0499,36.2093,36.3693,36.5297,36.6906,36.8519,37.0136,37.1756,37.338,37.5005,37.6634,37.8264,37.9896,38.1529,38.3164,38.48,38.6437,38.8074,38.9712,39.135,39.2989,39.4627,39.6265,39.7903,39.9541,40.1177,40.2814,40.4449,40.6084,40.7717,40.935,41.0981,41.2611,41.424,41.5867
99.9819,91.4769,83.5777,76.2665,69.5416,63.4197,57.9417,53.1518,49.0718,45.6857,42.9312,40.7168,38.9453,37.5273,36.3882,35.4683,34.7218,34.1134,33.6163,33.2098,32.8777,32.6076,32.3895,32.2154,32.0789,31.9746,31.8983,31.8464,31.8157,31.8039,31.8086,31.828,31.8606,31.9049,31.9598,32.0242,32.0971,32.1778,32.2655,32.3596,32.4595,32.5648,32.6749,32.7894,32.908,33.0303,33.1561,33.285,33.4168,33.5513,33.6883,33.8275,33.9688,34.112,34.2571,34.4037,34.5519,34.7016,34.8525,35.0045,35.1578,35.312,35.4671,35.6231,35.78,35.9375,36.0957,36.2546,36.4139,36.5739,36.7342,36.895,37.0562,37.2177,37.3796,37.5417,37.704,37.8666,38.0294,38.1923,38.3554,38.5186,38.6819,38.8452,39.0086,39.1721,39.3356,39.4991,39.6625,39.826,39.9894,40.1528,40.3161,40.4793,40.6424,40.8055,40.9684,41.1313,41.294,41.4566,41.6191
100.312,91.8167,83.9291,76.6305,69.9177,63.8053,58.3309,53.5365,49.4429,46.0353,43.2546,41.0127,39.2147,37.7727,36.6124,35.6743,34.9119,34.2899,33.781,33.3642,33.0232,32.7451,32.52,32.3396,32.1975,32.0881,32.0072,31.9511,31.9166,31.9012,31.9026,31.9191,31.9488,31.9906,32.043,32.1051,32.1759,32.2545,32.3404,32.4327,32.5309,32.6346,32.7431,32.8562,32.9734,33.0944,33.219,33.3467,33.4773,33.6107,33.7466,33.8848,34.0252,34.1675,34.3116,34.4574,34.6048,34.7536,34.9037,35.0551,35.2075,35.3611,35.5155,35.6709,35.8271,35.984,36.1416,36.2999,36.4587,36.6181,36.7779,36.9382,37.0988,37.2599,37.4212,37.5829,37.7448,37.9069,38.0692,38.2318,38.3944,38.5572,38.7201,38.8831,39.0461,39.2092,39.3723,39.5354,39.6986,39.8617,40.0248,40.1878,40.3508,40.5137,40.6766,40.8393,41.002,41.1646,41.327,41.4893,41.6515
100.64,92.1545,84.2782,76.9916,70.2905,64.1873,58.7164,53.9177,49.8112,46.3828,43.5767,41.308,39.484,38.0183,36.8369,35.8805,35.1024,34.4668,33.9461,33.5189,33.1689,32.8829,32.6507,32.4641,32.3162,32.2018,32.1163,32.0559,32.0176,31.9986,31.9968,32.0102,32.0372,32.0763,32.1263,32.1861,32.2547,32.3314,32.4153,32.5059,32.6024,32.7044,32.8115,32.9231,33.0389,33.1586,33.2819,33.4084,33.5379,33.6702,33.8051,33.9423,34.0816,34.223,34.3662,34.5112,34.6577,34.8057,34.9551,35.1057,35.2574,35.4102,35.564,35.7187,35.8743,36.0306,36.1876,36.3453,36.5035,36.6623,36.8216,36.9814,37.1415,37.3021,37.463,37.6241,37.7856,37.9473,38.1092,38.2713,38.4335,38.5959,38.7584,38.921,39.0836,39.2464,39.4091,39.5719,39.7347,39.8975,40.0602,40.2229,40.3856,40.5482,40.7108,40.8732,41.0356,41.1979,41.36,41.5221,41.684
100.967,92.4904,84.6249,77.3499,70.66,64.5656,59.0982,54.2955,50.1766,46.7283,43.8976,41.6026,39.7531,38.2638,37.0617,36.087,35.2932,34.6439,34.1114,33.674,33.3149,33.021,32.7817,32.5887,32.4352,32.3157,32.2255,32.1609,32.1187,32.0962,32.0911,32.1015,32.1257,32.1622,32.2097,32.2672,32.3337,32.4084,32.4904,32.5791,32.674,32.7744,32.8799,32.9901,33.1045,33.2229,33.3449,33.4702,33.5986,33.7298,33.8636,33.9998,34.1382,34.2786,34.421,34.565,34.7107,34.8579,35.0065,35.1563,35.3074,35.4595,35.6126,35.7666,35.9215,36.0772,36.2336,36.3907,36.5484,36.7066,36.8654,37.0246,37.1843,37.3443,37.5047,37.6655,37.8264,37.9877,38.1492,38.3108,38.4726,38.6346,38.7967,38.9589,39.1212,39.2836,39.446,39.6084,39.7708,39.9333,40.0957,40.2581,40.4205,40.5828,40.745,40.9072,41.0693,41.2312,41.3931,41.5549,41.7166
101.292,92.8244,84.9692,77.7054,71.0263,64.9404,59.4764,54.6699,50.5392,47.0717,44.2172,41.8966,40.0219,38.5094,37.2866,36.2938,35.4842,34.8214,34.277,33.8293,33.4612,33.1592,32.9129,32.7136,32.5544,32.4298,32.3349,32.2661,32.22,32.194,32.1856,32.1929,32.2143,32.2481,32.2933,32.3485,32.4128,32.4854,32.5656,32.6525,32.7456,32.8444,32.9484,33.0572,33.1702,33.2873,33.408,33.5322,33.6594,33.7895,33.9222,34.0574,34.1948,34.3343,34.4757,34.6189,34.7638,34.9102,35.058,35.2071,35.3574,35.5088,35.6612,35.8146,35.9688,36.1239,36.2797,36.4362,36.5933,36.751,36.9093,37.068,37.2271,37.3867,37.5466,37.7068,37.8674,38.0282,38.1892,38.3504,38.5119,38.6734,38.8351,38.997,39.1589,39.3209,39.4829,39.645,39.8071,39.9692,40.1313,40.2933,40.4554,40.6174,40.7793,40.9412,41.103,41.2647,41.4263,41.5878,41.7491
101.616,93.1566,85.3114,78.0582,71.3894,65.3117,59.851,55.041,50.899,47.4131,44.5354,42.1898,40.2905,38.7551,37.5116,36.5008,35.6756,34.9991,34.4429,33.9848,33.6077,33.2977,33.0443,32.8387,32.6738,32.544,32.4445,32.3714,32.3215,32.2919,32.2802,32.2845,32.303,32.3342,32.3769,32.4298,32.492,32.5626,32.6408,32.726,32.8174,32.9146,33.017,33.1243,33.236,33.3518,33.4712,33.5941,33.7202,33.8492,33.9809,34.115,34.2515,34.3901,34.5306,34.6729,34.8169,34.9625,35.1095,35.2579,35.4074,35.5581,35.7099,35.8626,36.0162,36.1707,36.3259,36.4818,36.6383,36.7955,36.9532,37.1114,37.27,37.4291,37.5885,37.7483,37.9083,38.0687,38.2293,38.3901,38.5511,38.7123,38.8736,39.035,39.1966,39.3582,39.5199,39.6816,39.8433,40.0051,40.1669,40.3286,40.4903,40.652,40.8137,40.9752,41.1367,41.2981,41.4595,41.6207,41.7818
101.938,93.4869,85.6513,78.4084,71.7496,65.6797,60.2223,55.4088,51.2561,47.7525,44.8523,42.4823,40.5587,39.0006,37.7368,36.7081,35.8672,35.1771,34.609,34.1406,33.7544,33.4365,33.1759,32.9639,32.7933,32.6584,32.5543,32.4769,32.4231,32.3899,32.3749,32.3762,32.3919,32.4205,32.4606,32.5113,32.5713,32.6399,32.7162,32.7995,32.8892,32.9848,33.0857,33.1916,33.3019,33.4163,33.5345,33.6562,33.7811,33.909,34.0396,34.1728,34.3082,34.4459,34.5855,34.727,34.8702,35.0149,35.1611,35.3087,35.4576,35.6076,35.7586,35.9107,36.0637,36.2175,36.3721,36.5274,36.6834,36.84,36.9972,37.1548,37.313,37.4715,37.6305,37.7898,37.9494,38.1093,38.2695,38.4298,38.5904,38.7512,38.9121,39.0732,39.2343,39.3956,39.5569,39.7183,39.8797,40.0411,40.2025,40.3639,40.5254,40.6867,40.8481,41.0093,41.1705,41.3317,41.4927,41.6536,41.8145
102.259,93.8155,85.9891,78.7561,72.1068,66.0445,60.5902,55.7736,51.6104,48.0898,45.1679,42.774,40.8266,39.2461,37.9621,36.9155,36.059,35.3553,34.7754,34.2967,33.9013,33.5754,33.3077,33.0893,32.9131,32.773,32.6641,32.5826,32.5248,32.488,32.4698,32.468,32.4808,32.5068,32.5445,32.5928,32.6507,32.7172,32.7916,32.8731,32.9612,33.0551,33.1545,33.2589,33.3678,33.4809,33.5979,33.7184,33.8421,33.9689,34.0984,34.2306,34.3651,34.5018,34.6405,34.7811,34.9234,35.0674,35.2128,35.3597,35.5078,35.6571,35.8074,35.9588,36.1112,36.2644,36.4184,36.5731,36.7285,36.8846,37.0412,37.1983,37.356,37.514,37.6725,37.8313,37.9905,38.1499,38.3097,38.4696,38.6298,38.7902,38.9507,39.1113,39.2721,39.433,39.594,39.755,39.916,40.0771,40.2382,40.3993,40.5604,40.7215,40.8825,41.0435,41.2044,41.3652,41.526,41.6866,41.8472
102.578,94.1424,86.3248,79.1013,72.4612,66.4061,60.9549,56.1352,51.9621,48.425,45.482,43.0648,41.094,39.4915,38.1874,37.123,36.251,35.5337,34.942,34.4529,34.0485,33.7145,33.4397,33.215,33.033,32.8877,32.7742,32.6883,32.6267,32.5863,32.5647,32.5598,32.5699,32.5932,32.6285,32.6745,32.7302,32.7947,32.8672,32.9469,33.0332,33.1255,33.2234,33.3263,33.4338,33.5456,33.6613,33.7806,33.9032,34.0288,34.1573,34.2884,34.422,34.5577,34.6955,34.8353,34.9768,35.1199,35.2646,35.4106,35.558,35.7066,35.8563,36.007,36.1587,36.3113,36.4647,36.6189,36.7737,36.9292,37.0853,37.2419,37.399,37.5566,37.7146,37.8729,38.0316,38.1906,38.3499,38.5095,38.6692,38.8292,38.9893,39.1496,39.31,39.4705,39.6311,39.7917,39.9525,40.1132,40.274,40.4348,40.5955,40.7563,40.917,41.0777,41.2383,41.3988,41.5593,41.7197,41.88
102.896,94.4675,86.6585,79.4441,72.8127,66.7647,61.3165,56.4938,52.3111,48.7582,45.7947,43.3548,41.3611,39.7367,38.4128,37.3307,36.4432,35.7124,35.1089,34.6094,34.1959,33.8538,33.5719,33.3407,33.153,33.0025,32.8843,32.7942,32.7286,32.6847,32.6598,32.6519,32.659,32.6797,32.7125,32.7562,32.8097,32.8722,32.9428,33.0207,33.1053,33.196,33.2923,33.3937,33.4999,33.6103,33.7248,33.8428,33.9643,34.0889,34.2163,34.3464,34.4789,34.6137,34.7506,34.8895,35.0302,35.1725,35.3164,35.4617,35.6083,35.7562,35.9052,36.0553,36.2064,36.3583,36.5111,36.6647,36.8189,36.9739,37.1294,37.2855,37.4421,37.5992,37.7567,37.9146,38.0728,38.2314,38.3902,38.5493,38.7087,38.8682,39.028,39.1879,39.3479,39.508,39.6683,39.8286,39.9889,40.1493,40.3098,40.4702,40.6307,40.7911,40.9515,41.1119,41.2722,41.4325,41.5927,41.7528,41.9128
103.212,94.7911,86.9902,79.7845,73.1616,67.1203,61.6749,56.8495,52.6576,49.0893,46.1059,43.6439,41.6276,39.9818,38.6381,37.5386,36.6355,35.8913,35.2759,34.7661,34.3434,33.9933,33.7042,33.4667,33.2732,33.1175,32.9946,32.9002,32.8307,32.7831,32.755,32.744,32.7483,32.7663,32.7966,32.838,32.8894,32.9498,33.0185,33.0945,33.1774,33.2665,33.3613,33.4613,33.566,33.6751,33.7883,33.9052,34.0255,34.1489,34.2753,34.4044,34.5359,34.6698,34.8058,34.9438,35.0836,35.2251,35.3682,35.5128,35.6587,35.8059,35.9542,36.1036,36.254,36.4054,36.5575,36.7105,36.8642,37.0186,37.1736,37.3292,37.4853,37.6418,37.7989,37.9563,38.1141,38.2722,38.4306,38.5893,38.7482,38.9074,39.0667,39.2262,39.3858,39.5456,39.7055,39.8654,40.0254,40.1855,40.3456,40.5058,40.6659,40.826,40.9861,41.1462,41.3062,41.4662,41.6261,41.786,41.9457
103.528,95.113,87.32,80.1227,73.5078,67.473,62.0304,57.2022,53.0015,49.4184,46.4157,43.932,41.8937,40.2266,38.8635,37.7465,36.8281,36.0703,35.4431,34.923,34.4912,34.133,33.8367,33.5928,33.3935,33.2327,33.1051,33.0063,32.9329,32.8817,32.8502,32.8361,32.8376,32.853,32.8808,32.9199,32.9691,33.0275,33.0942,33.1685,33.2497,33.3371,33.4304,33.5289,33.6322,33.74,33.8519,33.9676,34.0867,34.2091,34.3344,34.4624,34.593,34.7259,34.861,34.9981,35.1371,35.2778,35.4201,35.564,35.7091,35.8556,36.0032,36.152,36.3017,36.4525,36.604,36.7564,36.9096,37.0634,37.2178,37.3729,37.5285,37.6846,37.8411,37.998,38.1554,38.313,38.471,38.6293,38.7878,38.9465,39.1055,39.2646,39.4238,39.5832,39.7427,39.9023,40.062,40.2217,40.3815,40.5413,40.7011,40.861,41.0208,41.1805,41.3403,41.5,41.6596,41.8191,41.9786
103.842,95.4333,87.6478,80.4586,73.8515,67.8228,62.3829,57.5522,53.3429,49.7455,46.7241,44.2193,42.1592,40.4712,39.0888,37.9544,37.0207,36.2495,35.6105,35.08,34.6391,34.2728,33.9693,33.719,33.514,33.3479,33.2156,33.1126,33.0352,32.9804,32.9456,32.9284,32.9271,32.9398,32.9651,33.0019,33.0489,33.1053,33.17,33.2425,33.322,33.4078,33.4995,33.5965,33.6985,33.805,33.9156,34.03,34.148,34.2693,34.3935,34.5205,34.6501,34.7821,34.9163,35.0526,35.1907,35.3306,35.4721,35.6152,35.7596,35.9054,36.0523,36.2004,36.3495,36.4996,36.6506,36.8024,36.9549,37.1082,37.2621,37.4167,37.5717,37.7273,37.8834,38.0398,38.1967,38.3539,38.5115,38.6693,38.8274,38.9857,39.1443,39.303,39.4619,39.6209,39.78,39.9393,40.0986,40.258,40.4175,40.5769,40.7364,40.8959,41.0554,41.2149,41.3743,41.5337,41.6931,41.8524,42.0116
104.154,95.752,87.9738,80.7923,74.1927,68.1699,62.7326,57.8994,53.6818,50.0706,47.031,44.5055,42.4241,40.7156,39.314,38.1625,37.2135,36.4288,35.7781,35.2372,34.7871,34.4128,34.1021,33.8454,33.6346,33.4633,33.3262,33.2189,33.1376,33.0792,33.041,33.0208,33.0166,33.0266,33.0495,33.0839,33.1288,33.1831,33.2459,33.3166,33.3943,33.4785,33.5687,33.6643,33.7648,33.87,33.9793,34.0926,34.2094,34.3295,34.4527,34.5787,34.7073,34.8384,34.9716,35.107,35.2443,35.3834,35.5241,35.6664,35.8101,35.9552,36.1015,36.2489,36.3973,36.5468,36.6972,36.8484,37.0004,37.1531,37.3065,37.4605,37.615,37.7701,37.9257,38.0817,38.2381,38.3949,38.552,38.7094,38.8671,39.025,39.1831,39.3415,39.5,39.6586,39.8174,39.9763,40.1353,40.2943,40.4534,40.6126,40.7718,40.931,41.0901,41.2493,41.4085,41.5676,41.7266,41.8857,42.0446
104.466,96.0693,88.298,81.1239,74.5314,68.5143,63.0795,58.2438,54.0183,50.3937,47.3364,44.7907,42.6885,40.9596,39.5392,38.3705,37.4063,36.6083,35.9458,35.3945,34.9353,34.5529,34.2351,33.9718,33.7553,33.5788,33.437,33.3254,33.2401,33.1781,33.1366,33.1133,33.1062,33.1135,33.1339,33.1661,33.2087,33.261,33.3219,33.3907,33.4668,33.5493,33.6379,33.732,33.8312,33.935,34.0431,34.1551,34.2708,34.3898,34.5119,34.6369,34.7645,34.8946,35.027,35.1615,35.298,35.4362,35.5762,35.7177,35.8607,36.005,36.1506,36.2974,36.4452,36.594,36.7438,36.8944,37.0459,37.198,37.3509,37.5043,37.6584,37.813,37.968,38.1236,38.2795,38.4358,38.5925,38.7495,38.9068,39.0643,39.222,39.38,39.5381,39.6964,39.8548,40.0133,40.172,40.3307,40.4895,40.6483,40.8071,40.966,41.1249,41.2838,41.4426,41.6015,41.7602,41.919,42.0776
104.776,96.385,88.6204,81.4534,74.8677,68.8561,63.4236,58.5857,54.3524,50.7148,47.6403,45.075,42.9522,41.2033,39.7642,38.5786,37.5993,36.7879,36.1136,35.552,35.0837,34.6932,34.3681,34.0985,33.8761,33.6944,33.5479,33.4319,33.3427,33.2771,33.2322,33.2058,33.1958,33.2005,33.2185,33.2482,33.2887,33.3389,33.3979,33.4649,33.5392,33.6202,33.7072,33.7999,33.8976,34.0001,34.1069,34.2178,34.3323,34.4502,34.5712,34.6952,34.8218,34.951,35.0825,35.2161,35.3517,35.4891,35.6283,35.7691,35.9113,36.055,36.1999,36.3459,36.4931,36.6413,36.7905,36.9405,37.0914,37.243,37.3953,37.5482,37.7018,37.8559,38.0105,38.1655,38.321,38.4769,38.6331,38.7897,38.9465,39.1036,39.261,39.4185,39.5763,39.7342,39.8922,40.0504,40.2087,40.3671,40.5255,40.684,40.8426,41.0011,41.1597,41.3183,41.4768,41.6354,41.7939,41.9523,42.1107
105.085,96.6993,88.941,81.7809,75.2017,69.1953,63.7651,58.9249,54.6842,51.0339,47.9427,45.3582,43.2153,41.4467,39.9891,38.7866,37.7923,36.9675,36.2815,35.7096,35.2322,34.8336,34.5013,34.2252,33.997,33.8101,33.6588,33.5385,33.4454,33.3761,33.3279,33.2984,33.2856,33.2876,33.303,33.3305,33.3688,33.4169,33.474,33.5392,33.6118,33.6911,33.7766,33.8678,33.9641,34.0653,34.1708,34.2804,34.3938,34.5106,34.6305,34.7535,34.8792,35.0074,35.1379,35.2707,35.4054,35.5421,35.6805,35.8205,35.962,36.1049,36.2491,36.3945,36.5411,36.6887,36.8372,36.9867,37.1369,37.288,37.4398,37.5922,37.7452,37.8988,38.0529,38.2075,38.3625,38.5179,38.6737,38.8299,38.9863,39.143,39.2999,39.4571,39.6145,39.772,39.9297,40.0875,40.2455,40.4035,40.5616,40.7198,40.878,41.0363,41.1945,41.3528,41.5111,41.6693,41.8275,41.9857,42.1438
105.392,97.0121,89.26,82.1063,75.5335,69.532,64.104,59.2616,55.0136,51.3512,48.2437,45.6403,43.4778,41.6897,40.2138,38.9946,37.9853,37.1473,36.4496,35.8674,35.3808,34.9741,34.6346,34.352,34.1181,33.9259,33.7699,33.6452,33.5481,33.4752,33.4237,33.3911,33.3753,33.3747,33.3877,33.4128,33.4489,33.495,33.5501,33.6135,33.6844,33.762,33.846,33.9357,34.0307,34.1305,34.2348,34.3431,34.4553,34.571,34.6899,34.8118,34.9365,35.0638,35.1934,35.3253,35.4592,35.5951,35.7327,35.8719,36.0127,36.1549,36.2984,36.4432,36.5891,36.736,36.884,37.0328,37.1826,37.333,37.4843,37.6362,37.7887,37.9418,38.0954,38.2495,38.4041,38.5591,38.7144,38.8701,39.0261,39.1824,39.339,39.4957,39.6527,39.8099,39.9672,40.1247,40.2823,40.44,40.5978,40.7556,40.9135,41.0715,41.2294,41.3874,41.5454,41.7033,41.8612,42.0191,42.177
105.699,97.3235,89.5773,82.4299,75.863,69.8663,64.4404,59.5959,55.3408,51.6665,48.5432,45.9215,43.7395,41.9324,40.4383,39.2026,38.1784,37.3272,36.6178,36.0252,35.5295,35.1147,34.768,34.479,34.2392,34.0418,33.881,33.752,33.651,33.5744,33.5195,33.4838,33.4652,33.4619,33.4724,33.4951,33.5291,33.5731,33.6263,33.6879,33.757,33.833,33.9155,34.0037,34.0973,34.1957,34.2987,34.4059,34.5169,34.6315,34.7493,34.8702,34.9939,35.1203,35.249,35.38,35.5131,35.6481,35.7849,35.9234,36.0634,36.2049,36.3478,36.4919,36.6371,36.7835,36.9308,37.0791,37.2282,37.3781,37.5288,37.6802,37.8322,37.9848,38.1379,38.2916,38.4457,38.6002,38.7551,38.9104,39.066,39.2219,39.378,39.5344,39.691,39.8478,40.0048,40.1619,40.3192,40.4765,40.634,40.7915,40.9491,41.1067,41.2643,41.422,41.5797,41.7373,41.895,42.0526,42.2102
106.004,97.6336,89.8929,82.7515,76.1904,70.1982,64.7742,59.9277,55.6657,51.9799,48.8412,46.2015,44.0006,42.1746,40.6627,39.4105,38.3715,37.5071,36.786,36.1831,35.6783,35.2554,34.9015,34.606,34.3604,34.1577,33.9922,33.8589,33.7539,33.6737,33.6154,33.5766,33.5551,33.5492,33.5571,33.5776,33.6093,33.6513,33.7026,33.7623,33.8297,33.9041,33.985,34.0717,34.1639,34.261,34.3628,34.4687,34.5786,34.692,34.8088,34.9287,35.0514,35.1768,35.3046,35.4347,35.567,35.7012,35.8372,35.9749,36.1142,36.255,36.3972,36.5406,36.6852,36.8309,36.9776,37.1253,37.2739,37.4233,37.5734,37.7242,37.8757,38.0278,38.1805,38.3337,38.4873,38.6414,38.7959,38.9507,39.1059,39.2614,39.4171,39.5731,39.7293,39.8858,40.0424,40.1991,40.356,40.5131,40.6702,40.8274,40.9846,41.1419,41.2993,41.4567,41.614,41.7714,41.9288,42.0861,42.2434
