CO2 Compressibility [dimensionless] PelePhys
0.274487,0.526947,0.594593,0.64151,0.678249,0.708603,0.734461,0.756936,0.776746,0.794394,0.810244,0.824574,0.837601,0.849495,0.860399,0.870428,0.87968,0.888237,0.896169,0.903537,0.910395,0.916787,0.922757,0.928338,0.933563,0.938462,0.943059,0.947377,0.951437,0.955259,0.958859,0.962252,0.965453,0.968476,0.97133,0.974029,0.976581,0.978996,0.981282,0.983447,0.985499,0.987444,0.989289,0.991039,0.9927,0.994276,0.995773,0.997195,0.998546,0.99983,1.00105,1.00221,1.00331,1.00436,1.00536,1.00631,1.00721,1.00807,1.00888,1.00966,1.0104,1.0111,1.01177,1.0124,1.01301,1.01358,1.01413,1.01465,1.01514,1.01561,1.01606,1.01648,1.01689,1.01727,1.01763,1.01797,1.0183,1.01861,1.0189,1.01918,1.01944,1.01969,1.01992,1.02014,1.02035,1.02055,1.02073,1.02091,1.02107,1.02123,1.02137,1.0215,1.02163,1.02174,1.02185,1.02195,1.02205,1.02213,1.02221,1.02228,1.02235
0.26298,0.506694,0.58167,0.63157,0.670072,0.701639,0.728405,0.751593,0.771985,0.79012,0.806385,0.821074,0.834415,0.846588,0.85774,0.867992,0.877444,0.886183,0.894281,0.901802,0.908799,0.91532,0.921408,0.927099,0.932426,0.937419,0.942104,0.946504,0.950642,0.954535,0.958202,0.961658,0.964918,0.967996,0.970903,0.97365,0.976249,0.978707,0.981034,0.983239,0.985327,0.987307,0.989184,0.990965,0.992655,0.99426,0.995783,0.99723,0.998604,0.99991,1.00115,1.00233,1.00345,1.00452,1.00553,1.0065,1.00742,1.00829,1.00912,1.00991,1.01066,1.01137,1.01205,1.0127,1.01332,1.0139,1.01446,1.01499,1.01549,1.01597,1.01642,1.01685,1.01726,1.01765,1.01802,1.01836,1.0187,1.01901,1.01931,1.01959,1.01986,1.02011,1.02035,1.02057,1.02078,1.02098,1.02117,1.02135,1.02151,1.02167,1.02181,1.02195,1.02208,1.02219,1.0223,1.02241,1.0225,1.02259,1.02267,1.02274,1.02281
0.258082,0.484189,0.568247,0.621425,0.661795,0.694622,0.72232,0.746236,0.76722,0.785847,0.802531,0.817581,0.831238,0.84369,0.855091,0.865566,0.875219,0.884141,0.892405,0.900077,0.907213,0.913863,0.920069,0.92587,0.931298,0.936385,0.941158,0.94564,0.949853,0.953818,0.957552,0.961071,0.96439,0.967523,0.970481,0.973278,0.975922,0.978424,0.980792,0.983035,0.98516,0.987174,0.989084,0.990896,0.992615,0.994247,0.995796,0.997268,0.998666,0.999994,1.00126,1.00246,1.0036,1.00468,1.00571,1.00669,1.00763,1.00851,1.00936,1.01016,1.01093,1.01165,1.01234,1.013,1.01362,1.01422,1.01478,1.01532,1.01583,1.01632,1.01678,1.01722,1.01763,1.01803,1.0184,1.01876,1.01909,1.01941,1.01971,1.02,1.02027,1.02053,1.02077,1.021,1.02121,1.02141,1.0216,1.02178,1.02195,1.02211,1.02226,1.0224,1.02252,1.02264,1.02276,1.02286,1.02296,1.02304,1.02312,1.0232,1.02327
0.25568,0.458671,0.554277,0.61107,0.653416,0.687554,0.716209,0.740868,0.762451,0.781576,0.798682,0.814097,0.828071,0.840803,0.852453,0.863151,0.873006,0.882109,0.890539,0.898363,0.905639,0.912416,0.91874,0.92465,0.930179,0.93536,0.94022,0.944784,0.949073,0.953109,0.956909,0.96049,0.963868,0.967056,0.970066,0.972911,0.975601,0.978146,0.980555,0.982836,0.984997,0.987046,0.988988,0.990831,0.992579,0.994238,0.995814,0.99731,0.998731,1.00008,1.00136,1.00258,1.00374,1.00485,1.00589,1.00689,1.00784,1.00874,1.0096,1.01042,1.01119,1.01193,1.01263,1.0133,1.01394,1.01454,1.01511,1.01566,1.01618,1.01667,1.01714,1.01758,1.01801,1.01841,1.01879,1.01915,1.01949,1.01981,1.02012,1.02041,1.02069,1.02095,1.02119,1.02142,1.02164,1.02185,1.02204,1.02222,1.02239,1.02255,1.0227,1.02284,1.02297,1.0231,1.02321,1.02331,1.02341,1.0235,1.02358,1.02366,1.02373
0.25461,0.429177,0.539706,0.600497,0.644937,0.680435,0.710073,0.73549,0.757681,0.777309,0.79484,0.810621,0.824914,0.837927,0.849826,0.860747,0.870803,0.880089,0.888685,0.89666,0.904074,0.910979,0.917421,0.923439,0.92907,0.934344,0.939291,0.943936,0.948301,0.952407,0.956274,0.959917,0.963353,0.966595,0.969657,0.97255,0.975286,0.977874,0.980323,0.982642,0.98484,0.986922,0.988897,0.99077,0.992547,0.994233,0.995835,0.997355,0.9988,1.00017,1.00148,1.00272,1.00389,1.00501,1.00608,1.00709,1.00806,1.00897,1.00984,1.01067,1.01146,1.01221,1.01292,1.0136,1.01425,1.01486,1.01544,1.016,1.01653,1.01703,1.0175,1.01795,1.01838,1.01879,1.01918,1.01954,1.01989,1.02022,1.02053,1.02082,1.0211,1.02137,1.02161,1.02185,1.02207,1.02228,1.02248,1.02266,1.02283,1.023,1.02315,1.02329,1.02342,1.02355,1.02366,1.02377,1.02387,1.02396,1.02404,1.02412,1.02418
0.254367,0.395611,0.524489,0.5897,0.636357,0.673267,0.703914,0.730102,0.75291,0.773046,0.791006,0.807155,0.821768,0.835062,0.847211,0.858356,0.868613,0.878081,0.886842,0.894968,0.902521,0.909553,0.916112,0.922238,0.927969,0.933337,0.938371,0.943096,0.947537,0.951713,0.955646,0.959351,0.962844,0.966141,0.969254,0.972196,0.974976,0.977607,0.980096,0.982454,0.984687,0.986803,0.98881,0.990713,0.992519,0.994232,0.995859,0.997404,0.998871,1.00027,1.00159,1.00285,1.00405,1.00518,1.00627,1.0073,1.00827,1.0092,1.01009,1.01093,1.01173,1.01249,1.01322,1.01391,1.01456,1.01518,1.01578,1.01634,1.01687,1.01738,1.01787,1.01832,1.01876,1.01917,1.01956,1.01994,1.02029,1.02062,1.02094,1.02124,1.02152,1.02179,1.02204,1.02228,1.0225,1.02271,1.02291,1.0231,1.02328,1.02344,1.0236,1.02374,1.02387,1.024,1.02411,1.02422,1.02432,1.02441,1.0245,1.02457,1.02464
0.254686,0.363039,0.508589,0.578677,0.627679,0.666052,0.697733,0.724707,0.748139,0.768789,0.787181,0.803699,0.818633,0.83221,0.844609,0.855977,0.866435,0.876084,0.885011,0.893287,0.900978,0.908137,0.914813,0.921047,0.926878,0.932339,0.937459,0.942265,0.94678,0.951027,0.955025,0.958791,0.962343,0.965694,0.968857,0.971847,0.974672,0.977345,0.979875,0.98227,0.984539,0.986689,0.988727,0.99066,0.992494,0.994235,0.995887,0.997456,0.998947,1.00036,1.00171,1.00299,1.0042,1.00536,1.00646,1.0075,1.00849,1.00944,1.01034,1.01119,1.01201,1.01278,1.01351,1.01421,1.01488,1.01551,1.01611,1.01668,1.01723,1.01774,1.01823,1.0187,1.01914,1.01956,1.01995,1.02033,1.02069,1.02103,1.02135,1.02165,1.02194,1.02221,1.02247,1.02271,1.02294,1.02315,1.02335,1.02354,1.02372,1.02389,1.02404,1.02419,1.02432,1.02445,1.02457,1.02468,1.02478,1.02487,1.02496,1.02503,1.0251
0.25541,0.339728,0.492005,0.567431,0.618906,0.658794,0.691534,0.719306,0.743371,0.764538,0.783364,0.800254,0.81551,0.829369,0.842019,0.85361,0.864269,0.8741,0.883191,0.891618,0.899446,0.906732,0.913524,0.919866,0.925797,0.93135,0.936556,0.941442,0.946032,0.950348,0.954411,0.958239,0.961848,0.965252,0.968467,0.971503,0.974374,0.977089,0.979658,0.982091,0.984395,0.986579,0.988649,0.990612,0.992474,0.994242,0.995919,0.997512,0.999025,1.00046,1.00183,1.00313,1.00436,1.00553,1.00665,1.00771,1.00872,1.00968,1.01059,1.01146,1.01228,1.01307,1.01381,1.01452,1.0152,1.01584,1.01645,1.01703,1.01758,1.0181,1.0186,1.01907,1.01952,1.01994,1.02035,1.02073,1.02109,1.02143,1.02176,1.02207,1.02236,1.02263,1.02289,1.02314,1.02337,1.02359,1.02379,1.02398,1.02416,1.02433,1.02449,1.02464,1.02478,1.0249,1.02502,1.02513,1.02524,1.02533,1.02542,1.02549,1.02556
0.256437,0.325468,0.474808,0.555969,0.610044,0.651496,0.685319,0.713902,0.738607,0.760296,0.779559,0.796821,0.8124,0.826542,0.839442,0.851257,0.862116,0.872128,0.881384,0.889961,0.897926,0.905338,0.912246,0.918695,0.924725,0.93037,0.935661,0.940627,0.945291,0.949677,0.953805,0.957694,0.961359,0.964818,0.968082,0.971166,0.974081,0.976838,0.979447,0.981917,0.984257,0.986473,0.988575,0.990568,0.992458,0.994252,0.995955,0.997572,0.999107,1.00057,1.00195,1.00327,1.00452,1.00571,1.00684,1.00792,1.00894,1.00992,1.01084,1.01172,1.01256,1.01335,1.01411,1.01483,1.01552,1.01617,1.01678,1.01737,1.01793,1.01846,1.01897,1.01944,1.0199,1.02033,1.02074,1.02113,1.02149,1.02184,1.02217,1.02248,1.02278,1.02306,1.02332,1.02357,1.0238,1.02402,1.02423,1.02442,1.02461,1.02478,1.02494,1.02509,1.02523,1.02536,1.02548,1.02559,1.02569,1.02579,1.02587,1.02595,1.02603
0.2577,0.31665,0.457203,0.544309,0.601098,0.644163,0.679091,0.708498,0.733848,0.756063,0.775765,0.793401,0.809304,0.823729,0.836879,0.848917,0.859976,0.870169,0.879589,0.888315,0.896417,0.903954,0.910978,0.917534,0.923663,0.9294,0.934776,0.939821,0.944559,0.949014,0.953207,0.957156,0.960878,0.964389,0.967704,0.970835,0.973794,0.976593,0.979241,0.981748,0.984123,0.986372,0.988505,0.990527,0.992446,0.994266,0.995994,0.997635,0.999193,1.00067,1.00208,1.00342,1.00469,1.00589,1.00704,1.00813,1.00917,1.01016,1.0111,1.01199,1.01284,1.01364,1.01441,1.01514,1.01584,1.0165,1.01712,1.01772,1.01829,1.01882,1.01933,1.01982,1.02028,1.02072,1.02113,1.02152,1.0219,1.02225,1.02258,1.0229,1.0232,1.02348,1.02375,1.024,1.02424,1.02446,1.02467,1.02487,1.02505,1.02523,1.02539,1.02554,1.02568,1.02581,1.02593,1.02605,1.02615,1.02625,1.02633,1.02641,1.02649
0.25915,0.310996,0.4396,0.53248,0.59208,0.636799,0.672854,0.703094,0.729097,0.751841,0.771984,0.789995,0.806221,0.82093,0.83433,0.84659,0.85785,0.868223,0.877806,0.886682,0.89492,0.902582,0.909721,0.916384,0.922611,0.928438,0.9339,0.939023,0.943835,0.948359,0.952616,0.956625,0.960403,0.963968,0.967332,0.97051,0.973513,0.976353,0.979041,0.981584,0.983994,0.986276,0.98844,0.990492,0.992438,0.994284,0.996037,0.997701,0.999282,1.00078,1.00221,1.00356,1.00485,1.00608,1.00724,1.00835,1.0094,1.0104,1.01135,1.01226,1.01312,1.01394,1.01472,1.01546,1.01616,1.01683,1.01746,1.01807,1.01864,1.01919,1.01971,1.0202,1.02066,1.02111,1.02153,1.02192,1.0223,1.02266,1.023,1.02332,1.02362,1.02391,1.02418,1.02443,1.02467,1.0249,1.02511,1.02531,1.0255,1.02567,1.02584,1.02599,1.02613,1.02627,1.02639,1.0265,1.02661,1.02671,1.02679,1.02688,1.02695
0.260752,0.307305,0.422652,0.520529,0.583002,0.629413,0.666612,0.697696,0.724355,0.747631,0.768217,0.786603,0.803154,0.818145,0.831795,0.844278,0.855737,0.86629,0.876037,0.885061,0.893435,0.901221,0.908475,0.915243,0.921568,0.927487,0.933032,0.938234,0.943119,0.947711,0.952032,0.956101,0.959936,0.963553,0.966966,0.970191,0.973238,0.976119,0.978845,0.981426,0.983869,0.986185,0.988379,0.99046,0.992434,0.994306,0.996084,0.997771,0.999374,1.0009,1.00234,1.00372,1.00502,1.00626,1.00744,1.00857,1.00963,1.01065,1.01161,1.01253,1.0134,1.01423,1.01502,1.01577,1.01648,1.01716,1.01781,1.01842,1.019,1.01955,1.02008,1.02058,1.02105,1.0215,1.02192,1.02233,1.02271,1.02307,1.02341,1.02374,1.02404,1.02433,1.02461,1.02487,1.02511,1.02534,1.02555,1.02575,1.02594,1.02612,1.02629,1.02644,1.02659,1.02672,1.02685,1.02696,1.02707,1.02717,1.02726,1.02734,1.02741
0.262478,0.304922,0.407138,0.508526,0.573883,0.622011,0.660369,0.692304,0.719625,0.743435,0.764465,0.783228,0.800102,0.815376,0.829276,0.841981,0.853639,0.864371,0.87428,0.883452,0.891961,0.899872,0.90724,0.914113,0.920535,0.926544,0.932174,0.937454,0.942412,0.947072,0.951456,0.955584,0.959475,0.963144,0.966607,0.969877,0.972968,0.97589,0.978655,0.981272,0.98375,0.986097,0.988323,0.990432,0.992434,0.994332,0.996134,0.997845,0.99947,1.00101,1.00248,1.00387,1.0052,1.00645,1.00765,1.00879,1.00987,1.0109,1.01187,1.0128,1.01369,1.01453,1.01533,1.01609,1.01681,1.0175,1.01815,1.01877,1.01936,1.01992,1.02045,1.02096,1.02143,1.02189,1.02232,1.02273,1.02312,1.02348,1.02383,1.02416,1.02447,1.02476,1.02504,1.0253,1.02554,1.02578,1.02599,1.0262,1.02639,1.02657,1.02674,1.0269,1.02704,1.02718,1.0273,1.02742,1.02753,1.02763,1.02772,1.0278,1.02787
0.264308,0.303456,0.393688,0.496565,0.564742,0.614603,0.65413,0.686923,0.71491,0.739255,0.760729,0.779868,0.797067,0.812624,0.826772,0.839699,0.851555,0.862466,0.872536,0.881856,0.8905,0.898534,0.906015,0.912994,0.919513,0.925611,0.931324,0.936682,0.941712,0.94644,0.950887,0.955075,0.959021,0.962742,0.966254,0.96957,0.972704,0.975667,0.97847,0.981123,0.983635,0.986015,0.988271,0.990409,0.992437,0.994362,0.996188,0.997922,0.999569,1.00113,1.00262,1.00403,1.00537,1.00665,1.00786,1.00901,1.01011,1.01115,1.01214,1.01308,1.01398,1.01483,1.01564,1.01641,1.01714,1.01783,1.01849,1.01912,1.01972,1.02029,1.02083,1.02134,1.02182,1.02228,1.02272,1.02313,1.02352,1.02389,1.02425,1.02458,1.02489,1.02519,1.02547,1.02573,1.02598,1.02622,1.02644,1.02664,1.02684,1.02702,1.02719,1.02735,1.0275,1.02763,1.02776,1.02788,1.02799,1.02809,1.02818,1.02826,1.02834
0.266225,0.302664,0.382562,0.484771,0.555609,0.607199,0.647902,0.681557,0.71021,0.735093,0.757012,0.776527,0.794049,0.809888,0.824285,0.837432,0.849486,0.860575,0.870807,0.880273,0.889051,0.897208,0.904802,0.911885,0.9185,0.924688,0.930484,0.935919,0.941021,0.945816,0.950326,0.954572,0.958574,0.962346,0.965907,0.969269,0.972446,0.975449,0.97829,0.980979,0.983525,0.985937,0.988223,0.99039,0.992445,0.994395,0.996246,0.998003,0.999671,1.00126,1.00276,1.00419,1.00555,1.00684,1.00807,1.00924,1.01035,1.0114,1.0124,1.01336,1.01426,1.01513,1.01595,1.01673,1.01747,1.01817,1.01884,1.01948,1.02008,1.02066,1.0212,1.02172,1.02221,1.02268,1.02312,1.02354,1.02393,1.02431,1.02466,1.025,1.02532,1.02562,1.0259,1.02617,1.02642,1.02666,1.02688,1.02709,1.02729,1.02747,1.02764,1.0278,1.02795,1.02809,1.02822,1.02834,1.02845,1.02855,1.02864,1.02872,1.0288
0.268217,0.302383,0.373654,0.473294,0.546516,0.599813,0.641691,0.676209,0.70553,0.73095,0.753313,0.773204,0.791049,0.807169,0.821814,0.835181,0.847432,0.858698,0.869091,0.878703,0.887614,0.895894,0.9036,0.910787,0.917498,0.923775,0.929653,0.935165,0.940339,0.9452,0.949773,0.954078,0.958133,0.961958,0.965566,0.968974,0.972193,0.975236,0.978115,0.98084,0.98342,0.985864,0.98818,0.990375,0.992457,0.994433,0.996307,0.998087,0.999777,1.00138,1.00291,1.00435,1.00573,1.00704,1.00828,1.00946,1.01059,1.01166,1.01267,1.01364,1.01456,1.01543,1.01626,1.01705,1.0178,1.01851,1.01919,1.01983,1.02045,1.02103,1.02158,1.0221,1.0226,1.02307,1.02352,1.02394,1.02434,1.02472,1.02508,1.02542,1.02574,1.02605,1.02634,1.02661,1.02686,1.0271,1.02733,1.02754,1.02774,1.02792,1.02809,1.02826,1.02841,1.02855,1.02868,1.0288,1.02891,1.02901,1.0291,1.02919,1.02926
0.270272,0.302501,0.366662,0.462303,0.537503,0.592458,0.635504,0.670883,0.700872,0.726828,0.749635,0.769901,0.788068,0.804469,0.81936,0.832947,0.845393,0.856836,0.867388,0.877146,0.88619,0.894591,0.90241,0.909699,0.916506,0.922871,0.928832,0.93442,0.939664,0.944592,0.949227,0.95359,0.9577,0.961575,0.965232,0.968684,0.971946,0.97503,0.977946,0.980706,0.983319,0.985795,0.988141,0.990364,0.992473,0.994474,0.996373,0.998175,0.999886,1.00151,1.00305,1.00452,1.00591,1.00724,1.0085,1.00969,1.01083,1.01191,1.01294,1.01392,1.01485,1.01573,1.01657,1.01737,1.01813,1.01885,1.01954,1.02019,1.02081,1.0214,1.02196,1.02249,1.02299,1.02347,1.02392,1.02435,1.02475,1.02514,1.0255,1.02585,1.02617,1.02648,1.02677,1.02704,1.0273,1.02754,1.02777,1.02798,1.02818,1.02837,1.02855,1.02871,1.02886,1.029,1.02914,1.02926,1.02937,1.02947,1.02957,1.02965,1.02973
0.272383,0.302938,0.361241,0.451964,0.528614,0.585151,0.629348,0.665584,0.696238,0.72273,0.745979,0.766619,0.785107,0.801787,0.816924,0.830729,0.843371,0.854989,0.865701,0.875603,0.884779,0.893301,0.901231,0.908623,0.915524,0.921977,0.928019,0.933683,0.938999,0.943993,0.948689,0.953109,0.957274,0.9612,0.964904,0.968401,0.971705,0.974828,0.977782,0.980577,0.983224,0.985731,0.988106,0.990358,0.992493,0.994519,0.996441,0.998266,0.999998,1.00164,1.00321,1.00469,1.0061,1.00744,1.00872,1.00993,1.01108,1.01217,1.01322,1.0142,1.01515,1.01604,1.01689,1.0177,1.01847,1.0192,1.01989,1.02055,1.02118,1.02177,1.02234,1.02287,1.02338,1.02387,1.02432,1.02476,1.02517,1.02556,1.02592,1.02627,1.0266,1.02691,1.0272,1.02748,1.02774,1.02799,1.02822,1.02843,1.02863,1.02882,1.029,1.02917,1.02932,1.02946,1.0296,1.02972,1.02983,1.02993,1.03003,1.03011,1.03019
0.274541,0.303633,0.357078,0.442424,0.519901,0.57791,0.623233,0.660318,0.691633,0.718657,0.742347,0.763359,0.782167,0.799125,0.814507,0.828528,0.841364,0.853158,0.864027,0.874073,0.883381,0.892023,0.900063,0.907557,0.914553,0.921094,0.927216,0.932956,0.938342,0.943401,0.948159,0.952636,0.956854,0.960831,0.964582,0.968124,0.97147,0.974632,0.977623,0.980453,0.983133,0.985671,0.988076,0.990355,0.992517,0.994568,0.996514,0.998361,1.00011,1.00178,1.00336,1.00486,1.00629,1.00765,1.00894,1.01016,1.01133,1.01244,1.01349,1.01449,1.01544,1.01635,1.01721,1.01803,1.0188,1.01954,1.02025,1.02091,1.02155,1.02215,1.02272,1.02326,1.02378,1.02426,1.02473,1.02516,1.02558,1.02597,1.02635,1.0267,1.02703,1.02734,1.02764,1.02792,1.02818,1.02843,1.02866,1.02888,1.02909,1.02928,1.02946,1.02962,1.02978,1.02992,1.03006,1.03018,1.03029,1.0304,1.03049,1.03058,1.03066
0.276741,0.304541,0.353917,0.433787,0.511419,0.570754,0.617168,0.655088,0.687059,0.714612,0.73874,0.760122,0.779248,0.796483,0.812108,0.826346,0.839375,0.851342,0.862369,0.872558,0.881996,0.890757,0.898908,0.906503,0.913592,0.92022,0.926423,0.932237,0.937693,0.942817,0.947636,0.952171,0.956442,0.960468,0.964267,0.967853,0.97124,0.974442,0.97747,0.980335,0.983047,0.985616,0.98805,0.990357,0.992545,0.99462,0.99659,0.998459,1.00023,1.00192,1.00352,1.00504,1.00648,1.00786,1.00916,1.0104,1.01158,1.0127,1.01377,1.01478,1.01574,1.01666,1.01753,1.01836,1.01914,1.01989,1.0206,1.02127,1.02192,1.02252,1.0231,1.02365,1.02417,1.02466,1.02513,1.02557,1.02599,1.02639,1.02677,1.02712,1.02746,1.02778,1.02808,1.02836,1.02862,1.02887,1.02911,1.02933,1.02954,1.02973,1.02991,1.03008,1.03024,1.03038,1.03052,1.03064,1.03076,1.03086,1.03096,1.03104,1.03112
0.278978,0.305627,0.351561,0.426106,0.503227,0.563707,0.611163,0.649902,0.682519,0.710597,0.73516,0.75691,0.776352,0.793861,0.809729,0.824181,0.837402,0.849542,0.860725,0.871056,0.880624,0.889504,0.897764,0.90546,0.912642,0.919356,0.925639,0.931528,0.937053,0.942242,0.947121,0.951712,0.956037,0.960113,0.963958,0.967588,0.971016,0.974257,0.977321,0.980221,0.982966,0.985565,0.988029,0.990363,0.992577,0.994677,0.996669,0.99856,1.00036,1.00206,1.00368,1.00522,1.00668,1.00807,1.00939,1.01064,1.01183,1.01297,1.01405,1.01507,1.01604,1.01697,1.01785,1.01869,1.01948,1.02024,1.02096,1.02164,1.02229,1.0229,1.02349,1.02404,1.02457,1.02506,1.02554,1.02599,1.02641,1.02681,1.02719,1.02755,1.02789,1.02821,1.02851,1.0288,1.02907,1.02932,1.02956,1.02978,1.02999,1.03018,1.03037,1.03054,1.03069,1.03084,1.03098,1.0311,1.03122,1.03132,1.03142,1.03151,1.03159
0.281247,0.306864,0.349852,0.419385,0.495379,0.55679,0.605228,0.644764,0.678018,0.706615,0.731609,0.753724,0.773479,0.791262,0.807369,0.822035,0.835447,0.847758,0.859097,0.869569,0.879265,0.888264,0.896632,0.904428,0.911703,0.918502,0.924865,0.930827,0.936421,0.941675,0.946614,0.951261,0.955638,0.959764,0.963655,0.967329,0.970798,0.974077,0.977178,0.980112,0.982889,0.98552,0.988011,0.990373,0.992613,0.994737,0.996753,0.998666,1.00048,1.00221,1.00384,1.0054,1.00688,1.00828,1.00962,1.01089,1.01209,1.01324,1.01433,1.01536,1.01635,1.01728,1.01817,1.01902,1.01982,1.02059,1.02131,1.022,1.02266,1.02328,1.02387,1.02443,1.02496,1.02547,1.02595,1.0264,1.02683,1.02723,1.02762,1.02798,1.02832,1.02865,1.02895,1.02924,1.02951,1.02977,1.03001,1.03023,1.03044,1.03064,1.03082,1.03099,1.03115,1.0313,1.03144,1.03157,1.03168,1.03179,1.03189,1.03197,1.03205
0.283544,0.30823,0.348674,0.413586,0.487931,0.550028,0.599376,0.63968,0.673559,0.702667,0.728087,0.750564,0.770631,0.788684,0.80503,0.819908,0.833509,0.845991,0.857484,0.868096,0.87792,0.887036,0.895512,0.903408,0.910774,0.917658,0.9241,0.930136,0.935798,0.941116,0.946114,0.950818,0.955247,0.959422,0.963359,0.967076,0.970586,0.973904,0.97704,0.980008,0.982818,0.985478,0.987999,0.990388,0.992653,0.994801,0.99684,0.998774,1.00061,1.00235,1.00401,1.00558,1.00708,1.0085,1.00985,1.01113,1.01235,1.01351,1.01461,1.01566,1.01665,1.0176,1.0185,1.01936,1.02017,1.02094,1.02167,1.02237,1.02303,1.02366,1.02426,1.02482,1.02536,1.02587,1.02635,1.02681,1.02724,1.02765,1.02804,1.02841,1.02876,1.02908,1.02939,1.02968,1.02996,1.03021,1.03046,1.03068,1.03089,1.03109,1.03128,1.03145,1.03161,1.03176,1.0319,1.03203,1.03215,1.03225,1.03235,1.03244,1.03252
0.285867,0.309706,0.347931,0.408641,0.480926,0.543447,0.593617,0.634658,0.669146,0.698757,0.724598,0.747433,0.767808,0.78613,0.802713,0.8178,0.83159,0.844241,0.855886,0.866638,0.876589,0.885822,0.894405,0.902399,0.909857,0.916825,0.923345,0.929454,0.935184,0.940565,0.945623,0.950382,0.954863,0.959086,0.96307,0.966829,0.97038,0.973735,0.976908,0.97991,0.982751,0.985441,0.98799,0.990406,0.992697,0.994869,0.99693,0.998886,1.00074,1.00251,1.00418,1.00577,1.00728,1.00872,1.01008,1.01138,1.01261,1.01378,1.0149,1.01596,1.01696,1.01792,1.01883,1.01969,1.02051,1.02129,1.02203,1.02274,1.02341,1.02404,1.02465,1.02522,1.02576,1.02628,1.02676,1.02723,1.02766,1.02808,1.02847,1.02884,1.02919,1.02952,1.02983,1.03012,1.0304,1.03066,1.03091,1.03113,1.03135,1.03155,1.03174,1.03191,1.03207,1.03222,1.03236,1.03249,1.03261,1.03272,1.03282,1.03291,1.03299
0.288212,0.311278,0.347552,0.404473,0.474402,0.537071,0.587964,0.629704,0.664783,0.694887,0.721143,0.744331,0.765011,0.7836,0.800417,0.815713,0.829688,0.842507,0.854305,0.865195,0.875272,0.88462,0.89331,0.901401,0.90895,0.916002,0.9226,0.928781,0.934579,0.940023,0.945139,0.949953,0.954486,0.958757,0.962786,0.966588,0.970179,0.973572,0.976781,0.979816,0.982689,0.985409,0.987986,0.990429,0.992745,0.994941,0.997025,0.999002,1.00088,1.00266,1.00435,1.00596,1.00749,1.00894,1.01032,1.01163,1.01287,1.01406,1.01518,1.01625,1.01727,1.01824,1.01916,1.02003,1.02086,1.02165,1.0224,1.02311,1.02378,1.02443,1.02504,1.02561,1.02616,1.02668,1.02717,1.02764,1.02808,1.0285,1.0289,1.02927,1.02962,1.02996,1.03027,1.03057,1.03085,1.03111,1.03136,1.03159,1.0318,1.03201,1.03219,1.03237,1.03253,1.03269,1.03283,1.03296,1.03307,1.03318,1.03328,1.03337,1.03345
0.290577,0.312934,0.347479,0.400997,0.468383,0.530924,0.58243,0.624824,0.660474,0.69106,0.717724,0.74126,0.762241,0.781094,0.798143,0.813646,0.827806,0.840792,0.85274,0.863767,0.873969,0.883432,0.892227,0.900416,0.908054,0.915189,0.921865,0.928118,0.933982,0.939489,0.944663,0.949532,0.954116,0.958435,0.962509,0.966354,0.969984,0.973415,0.976659,0.979727,0.982632,0.985382,0.987987,0.990456,0.992797,0.995016,0.997122,0.999121,1.00102,1.00282,1.00453,1.00615,1.0077,1.00916,1.01056,1.01188,1.01314,1.01434,1.01547,1.01656,1.01758,1.01856,1.01949,1.02037,1.02121,1.022,1.02276,1.02348,1.02416,1.02481,1.02543,1.02601,1.02656,1.02709,1.02759,1.02806,1.0285,1.02893,1.02933,1.0297,1.03006,1.0304,1.03071,1.03101,1.03129,1.03156,1.03181,1.03204,1.03226,1.03246,1.03265,1.03283,1.033,1.03315,1.03329,1.03342,1.03354,1.03365,1.03375,1.03384,1.03392
0.29296,0.314663,0.347666,0.398132,0.462881,0.525028,0.577027,0.620027,0.656223,0.687278,0.714342,0.738222,0.7595,0.778613,0.795892,0.811599,0.825943,0.839093,0.851191,0.862354,0.872681,0.882257,0.891156,0.899442,0.907169,0.914387,0.921139,0.927464,0.933395,0.938963,0.944196,0.949118,0.953753,0.95812,0.962239,0.966125,0.969795,0.973263,0.976542,0.979644,0.982579,0.985359,0.987992,0.990487,0.992852,0.995096,0.997224,0.999244,1.00116,1.00298,1.00471,1.00635,1.00791,1.00939,1.0108,1.01214,1.01341,1.01462,1.01577,1.01686,1.0179,1.01888,1.01982,1.02071,1.02156,1.02236,1.02313,1.02385,1.02454,1.0252,1.02582,1.02641,1.02697,1.0275,1.028,1.02847,1.02892,1.02935,1.02975,1.03014,1.0305,1.03084,1.03116,1.03146,1.03174,1.03201,1.03226,1.03249,1.03271,1.03292,1.03311,1.03329,1.03346,1.03361,1.03375,1.03388,1.03401,1.03412,1.03422,1.03431,1.03439
0.295359,0.316457,0.348074,0.395804,0.457896,0.519405,0.571769,0.615318,0.652036,0.683545,0.711,0.735216,0.756789,0.776158,0.793665,0.809574,0.824099,0.837413,0.849659,0.860956,0.871406,0.881096,0.890099,0.89848,0.906295,0.913595,0.920424,0.926819,0.932816,0.938445,0.943736,0.948712,0.953397,0.957812,0.961975,0.965903,0.969612,0.973117,0.976431,0.979565,0.982531,0.98534,0.988001,0.990522,0.992912,0.995179,0.997329,0.99937,1.00131,1.00314,1.00489,1.00655,1.00812,1.00962,1.01104,1.0124,1.01368,1.0149,1.01606,1.01716,1.01821,1.01921,1.02016,1.02106,1.02191,1.02272,1.02349,1.02423,1.02492,1.02558,1.02621,1.02681,1.02737,1.02791,1.02841,1.02889,1.02935,1.02978,1.03018,1.03057,1.03093,1.03128,1.0316,1.0319,1.03219,1.03246,1.03271,1.03295,1.03317,1.03338,1.03357,1.03375,1.03392,1.03407,1.03422,1.03435,1.03447,1.03458,1.03468,1.03478,1.03486
0.297772,0.318309,0.348675,0.393945,0.453419,0.514071,0.566666,0.610706,0.647915,0.679863,0.707699,0.732246,0.754107,0.773731,0.791462,0.807571,0.822276,0.835751,0.848144,0.859575,0.870147,0.879948,0.889054,0.89753,0.905433,0.912814,0.919718,0.926183,0.932245,0.937936,0.943284,0.948313,0.953048,0.95751,0.961717,0.965686,0.969435,0.972976,0.976324,0.979491,0.982488,0.985326,0.988014,0.990561,0.992976,0.995266,0.997438,0.999499,1.00146,1.00331,1.00508,1.00675,1.00834,1.00985,1.01129,1.01266,1.01395,1.01519,1.01636,1.01747,1.01853,1.01954,1.02049,1.0214,1.02226,1.02308,1.02386,1.0246,1.02531,1.02597,1.02661,1.02721,1.02778,1.02832,1.02883,1.02931,1.02977,1.03021,1.03062,1.031,1.03137,1.03172,1.03204,1.03235,1.03264,1.03291,1.03316,1.0334,1.03363,1.03384,1.03403,1.03421,1.03438,1.03454,1.03468,1.03482,1.03494,1.03505,1.03515,1.03524,1.03533
0.300198,0.320211,0.349441,0.392497,0.449432,0.509041,0.561732,0.606196,0.643865,0.676234,0.704441,0.729313,0.751457,0.77133,0.789283,0.80559,0.820472,0.834108,0.846646,0.858209,0.868902,0.878814,0.888021,0.896592,0.904582,0.912044,0.919022,0.925557,0.931684,0.937435,0.94284,0.947922,0.952707,0.957215,0.961466,0.965476,0.969263,0.972841,0.976224,0.979423,0.98245,0.985317,0.988032,0.990605,0.993044,0.995357,0.99755,0.999632,1.00161,1.00348,1.00526,1.00696,1.00856,1.01009,1.01154,1.01292,1.01423,1.01547,1.01666,1.01778,1.01885,1.01986,1.02083,1.02175,1.02262,1.02345,1.02423,1.02498,1.02569,1.02636,1.027,1.02761,1.02818,1.02873,1.02924,1.02973,1.0302,1.03063,1.03105,1.03144,1.03181,1.03216,1.03249,1.0328,1.03309,1.03336,1.03362,1.03386,1.03408,1.0343,1.03449,1.03468,1.03485,1.035,1.03515,1.03528,1.03541,1.03552,1.03562,1.03571,1.0358
0.302636,0.32216,0.350353,0.391408,0.44591,0.504324,0.556976,0.601797,0.639892,0.672663,0.701229,0.726417,0.748839,0.768958,0.787129,0.803632,0.818689,0.832484,0.845165,0.856859,0.867672,0.877694,0.887002,0.895666,0.903742,0.911284,0.918337,0.924941,0.931132,0.936943,0.942403,0.947539,0.952373,0.956927,0.961221,0.965272,0.969098,0.972712,0.976128,0.979359,0.982417,0.985312,0.988054,0.990652,0.993115,0.995451,0.997666,0.999768,1.00176,1.00366,1.00546,1.00716,1.00879,1.01033,1.01179,1.01318,1.01451,1.01576,1.01696,1.01809,1.01917,1.0202,1.02117,1.0221,1.02298,1.02381,1.02461,1.02536,1.02607,1.02675,1.0274,1.02801,1.02859,1.02914,1.02966,1.03015,1.03062,1.03106,1.03148,1.03188,1.03225,1.0326,1.03293,1.03324,1.03354,1.03381,1.03407,1.03432,1.03454,1.03476,1.03495,1.03514,1.03531,1.03547,1.03561,1.03575,1.03587,1.03599,1.03609,1.03618,1.03627
0.305083,0.324149,0.351392,0.390634,0.442825,0.499927,0.55241,0.597515,0.635998,0.669151,0.698064,0.72356,0.746255,0.766616,0.785002,0.801697,0.816927,0.830878,0.843702,0.855526,0.866457,0.876587,0.885996,0.894752,0.902914,0.910535,0.917661,0.924333,0.930589,0.93646,0.941975,0.947163,0.952046,0.956646,0.960982,0.965074,0.968938,0.972587,0.976038,0.979301,0.982389,0.985312,0.988081,0.990704,0.993191,0.995549,0.997786,0.999908,1.00192,1.00383,1.00565,1.00737,1.00901,1.01057,1.01205,1.01345,1.01479,1.01605,1.01726,1.0184,1.01949,1.02053,1.02151,1.02245,1.02333,1.02418,1.02498,1.02574,1.02646,1.02715,1.0278,1.02841,1.029,1.02955,1.03008,1.03058,1.03105,1.03149,1.03192,1.03231,1.03269,1.03304,1.03338,1.03369,1.03399,1.03427,1.03453,1.03477,1.035,1.03522,1.03542,1.0356,1.03577,1.03593,1.03608,1.03622,1.03634,1.03645,1.03656,1.03665,1.03674
0.30754,0.326175,0.352544,0.390138,0.440149,0.495851,0.54804,0.593357,0.632189,0.665702,0.694948,0.720744,0.743705,0.764303,0.7829,0.799785,0.815187,0.829292,0.842257,0.854208,0.865257,0.875495,0.885003,0.89385,0.902097,0.909796,0.916996,0.923736,0.930054,0.935984,0.941555,0.946794,0.951726,0.956371,0.960751,0.964883,0.968784,0.972469,0.975953,0.979247,0.982365,0.985316,0.988112,0.99076,0.993271,0.995651,0.997909,1.00005,1.00208,1.00401,1.00585,1.00759,1.00924,1.01081,1.0123,1.01372,1.01507,1.01635,1.01756,1.01872,1.01982,1.02086,1.02186,1.0228,1.02369,1.02454,1.02535,1.02612,1.02685,1.02754,1.0282,1.02882,1.02941,1.02997,1.0305,1.031,1.03148,1.03193,1.03235,1.03275,1.03313,1.03349,1.03383,1.03414,1.03444,1.03472,1.03498,1.03523,1.03546,1.03568,1.03588,1.03606,1.03624,1.0364,1.03655,1.03668,1.03681,1.03692,1.03703,1.03712,1.03721
0.310005,0.328234,0.353796,0.389886,0.437849,0.492097,0.543876,0.589328,0.628469,0.662319,0.691884,0.717969,0.74119,0.76202,0.780826,0.797898,0.813468,0.827726,0.840829,0.852908,0.864072,0.874417,0.884023,0.892961,0.901292,0.909069,0.91634,0.923148,0.929529,0.935518,0.941143,0.946434,0.951413,0.956103,0.960525,0.964697,0.968635,0.972356,0.975873,0.979199,0.982346,0.985325,0.988147,0.99082,0.993354,0.995757,0.998036,1.0002,1.00225,1.0042,1.00605,1.0078,1.00947,1.01106,1.01256,1.01399,1.01535,1.01664,1.01787,1.01904,1.02015,1.0212,1.0222,1.02315,1.02406,1.02491,1.02573,1.0265,1.02724,1.02794,1.0286,1.02923,1.02982,1.03038,1.03092,1.03143,1.0319,1.03236,1.03279,1.03319,1.03357,1.03393,1.03427,1.03459,1.03489,1.03518,1.03544,1.03569,1.03592,1.03614,1.03634,1.03653,1.0367,1.03687,1.03701,1.03715,1.03728,1.03739,1.0375,1.03759,1.03768
0.312478,0.330323,0.355138,0.389851,0.435896,0.488658,0.539922,0.585435,0.624842,0.659003,0.688873,0.715238,0.738712,0.759769,0.778779,0.796035,0.811771,0.82618,0.83942,0.851624,0.862903,0.873354,0.883057,0.892084,0.900498,0.908352,0.915695,0.922569,0.929013,0.935059,0.940739,0.94608,0.951107,0.955842,0.960306,0.964518,0.968493,0.972249,0.975798,0.979155,0.982332,0.985338,0.988186,0.990884,0.993442,0.995867,0.998166,1.00035,1.00242,1.00438,1.00625,1.00802,1.00971,1.0113,1.01282,1.01427,1.01564,1.01694,1.01818,1.01936,1.02048,1.02154,1.02255,1.02351,1.02442,1.02528,1.02611,1.02689,1.02763,1.02833,1.029,1.02963,1.03023,1.0308,1.03134,1.03185,1.03233,1.03279,1.03322,1.03363,1.03402,1.03438,1.03472,1.03504,1.03535,1.03563,1.0359,1.03615,1.03638,1.0366,1.0368,1.03699,1.03717,1.03733,1.03748,1.03762,1.03775,1.03786,1.03797,1.03806,1.03815
0.314957,0.33244,0.356559,0.390008,0.434262,0.485528,0.536183,0.581683,0.621311,0.655758,0.685916,0.712551,0.736271,0.75755,0.77676,0.794197,0.810097,0.824654,0.83803,0.850357,0.86175,0.872305,0.882104,0.89122,0.899716,0.907647,0.915061,0.922001,0.928506,0.93461,0.940344,0.945735,0.950809,0.955588,0.960094,0.964344,0.968357,0.972147,0.975729,0.979117,0.982322,0.985356,0.98823,0.990953,0.993533,0.99598,0.9983,1.0005,1.00259,1.00457,1.00646,1.00824,1.00994,1.01156,1.01309,1.01454,1.01593,1.01724,1.01849,1.01968,1.02081,1.02188,1.0229,1.02386,1.02478,1.02566,1.02649,1.02727,1.02802,1.02873,1.0294,1.03004,1.03065,1.03122,1.03176,1.03228,1.03277,1.03323,1.03366,1.03407,1.03446,1.03483,1.03517,1.0355,1.0358,1.03609,1.03636,1.03661,1.03684,1.03706,1.03727,1.03746,1.03764,1.0378,1.03795,1.03809,1.03822,1.03833,1.03844,1.03853,1.03862
0.317442,0.334581,0.358051,0.390336,0.432917,0.482696,0.532661,0.578076,0.61788,0.652587,0.683016,0.70991,0.733868,0.755364,0.77477,0.792384,0.808445,0.823149,0.836658,0.849108,0.860612,0.87127,0.881164,0.890369,0.898946,0.906952,0.914436,0.921442,0.928008,0.934169,0.939956,0.945397,0.950518,0.955341,0.959888,0.964177,0.968226,0.97205,0.975665,0.979083,0.982317,0.985379,0.988278,0.991025,0.993629,0.996097,0.998438,1.00066,1.00277,1.00477,1.00667,1.00847,1.01018,1.01181,1.01336,1.01482,1.01622,1.01754,1.0188,1.02,1.02114,1.02222,1.02325,1.02422,1.02515,1.02603,1.02687,1.02766,1.02841,1.02913,1.02981,1.03045,1.03106,1.03164,1.03219,1.03271,1.0332,1.03366,1.0341,1.03451,1.0349,1.03527,1.03562,1.03595,1.03626,1.03654,1.03681,1.03707,1.03731,1.03753,1.03773,1.03793,1.0381,1.03827,1.03842,1.03856,1.03869,1.0388,1.03891,1.03901,1.03909
0.319933,0.336744,0.359608,0.390818,0.431838,0.480152,0.529359,0.574618,0.614553,0.649492,0.680175,0.707317,0.731505,0.753212,0.772809,0.790597,0.806816,0.821664,0.835305,0.847875,0.859491,0.87025,0.880239,0.88953,0.898187,0.906268,0.913822,0.920892,0.927519,0.933736,0.939576,0.945067,0.950234,0.955101,0.959688,0.964016,0.968101,0.971959,0.975606,0.979055,0.982318,0.985406,0.988331,0.991102,0.993728,0.996218,0.998579,1.00082,1.00295,1.00496,1.00688,1.0087,1.01042,1.01207,1.01362,1.01511,1.01651,1.01785,1.01912,1.02033,1.02147,1.02256,1.0236,1.02458,1.02552,1.02641,1.02725,1.02805,1.02881,1.02953,1.03021,1.03086,1.03148,1.03206,1.03261,1.03313,1.03363,1.0341,1.03454,1.03496,1.03535,1.03572,1.03607,1.0364,1.03671,1.037,1.03727,1.03753,1.03777,1.03799,1.0382,1.03839,1.03857,1.03874,1.03889,1.03903,1.03916,1.03928,1.03938,1.03948,1.03956
0.322428,0.338928,0.361224,0.391436,0.431,0.477881,0.526274,0.571313,0.611332,0.646475,0.677395,0.704771,0.729182,0.751093,0.770878,0.788836,0.805211,0.820201,0.833971,0.84666,0.858385,0.869245,0.879326,0.888703,0.897441,0.905596,0.913218,0.920353,0.927039,0.933312,0.939205,0.944744,0.949957,0.954867,0.959496,0.963861,0.967982,0.971874,0.975553,0.979031,0.982322,0.985438,0.988388,0.991182,0.993831,0.996342,0.998724,1.00098,1.00313,1.00516,1.00709,1.00893,1.01067,1.01232,1.0139,1.01539,1.01681,1.01816,1.01944,1.02065,1.02181,1.02291,1.02395,1.02495,1.02589,1.02678,1.02763,1.02844,1.02921,1.02993,1.03062,1.03128,1.03189,1.03248,1.03304,1.03356,1.03406,1.03453,1.03498,1.0354,1.0358,1.03617,1.03652,1.03685,1.03717,1.03746,1.03773,1.03799,1.03823,1.03846,1.03866,1.03886,1.03904,1.03921,1.03936,1.0395,1.03963,1.03975,1.03985,1.03995,1.04004
0.324927,0.341131,0.362892,0.392179,0.430382,0.475872,0.523407,0.568163,0.608222,0.643538,0.674676,0.702276,0.7269,0.74901,0.768977,0.787102,0.803629,0.818759,0.832657,0.845463,0.857295,0.868255,0.878428,0.88789,0.896706,0.904934,0.912625,0.919823,0.926568,0.932897,0.938841,0.944429,0.949688,0.954641,0.959309,0.963712,0.967869,0.971795,0.975505,0.979013,0.982332,0.985474,0.988449,0.991267,0.993938,0.996471,0.998872,1.00115,1.00331,1.00536,1.00731,1.00916,1.01092,1.01259,1.01417,1.01568,1.01711,1.01847,1.01976,1.02098,1.02215,1.02326,1.02431,1.02531,1.02626,1.02716,1.02802,1.02883,1.0296,1.03034,1.03103,1.03169,1.03231,1.0329,1.03347,1.034,1.0345,1.03497,1.03542,1.03584,1.03624,1.03662,1.03698,1.03731,1.03762,1.03792,1.03819,1.03845,1.03869,1.03892,1.03913,1.03933,1.03951,1.03967,1.03983,1.03997,1.0401,1.04022,1.04033,1.04042,1.04051
0.327431,0.343351,0.364608,0.393033,0.429965,0.474109,0.520753,0.565169,0.605223,0.640684,0.672021,0.699832,0.72466,0.746962,0.767107,0.785395,0.802072,0.817338,0.831362,0.844283,0.856222,0.86728,0.877544,0.88709,0.895984,0.904284,0.912042,0.919303,0.926107,0.932491,0.938486,0.944122,0.949426,0.954421,0.959129,0.96357,0.967761,0.97172,0.975462,0.978999,0.982346,0.985514,0.988514,0.991356,0.994049,0.996603,0.999024,1.00132,1.0035,1.00557,1.00753,1.0094,1.01117,1.01285,1.01445,1.01597,1.01741,1.01878,1.02008,1.02132,1.02249,1.02361,1.02467,1.02568,1.02663,1.02754,1.02841,1.02922,1.03,1.03074,1.03144,1.0321,1.03273,1.03333,1.03389,1.03443,1.03493,1.03541,1.03586,1.03629,1.03669,1.03707,1.03743,1.03777,1.03808,1.03838,1.03866,1.03892,1.03916,1.03939,1.0396,1.03979,1.03998,1.04014,1.0403,1.04044,1.04057,1.04069,1.0408,1.0409,1.04098
0.329937,0.345586,0.366368,0.393987,0.429731,0.472578,0.518309,0.562333,0.602339,0.637915,0.669431,0.697439,0.722463,0.744951,0.765268,0.783716,0.800538,0.815939,0.830086,0.843122,0.855165,0.86632,0.876673,0.886302,0.895273,0.903645,0.91147,0.918793,0.925655,0.932093,0.938139,0.943823,0.949171,0.954208,0.958956,0.963433,0.96766,0.971652,0.975424,0.978991,0.982366,0.985559,0.988584,0.991449,0.994164,0.996738,0.999179,1.00149,1.00369,1.00578,1.00776,1.00964,1.01142,1.01312,1.01473,1.01626,1.01771,1.01909,1.0204,1.02165,1.02283,1.02396,1.02503,1.02604,1.02701,1.02792,1.02879,1.02962,1.0304,1.03115,1.03185,1.03252,1.03315,1.03375,1.03432,1.03486,1.03537,1.03585,1.03631,1.03674,1.03714,1.03752,1.03788,1.03822,1.03854,1.03884,1.03912,1.03938,1.03962,1.03985,1.04007,1.04026,1.04045,1.04061,1.04077,1.04091,1.04104,1.04116,1.04127,1.04137,1.04146
0.332446,0.347836,0.368168,0.395034,0.429664,0.471266,0.516069,0.559656,0.599571,0.635233,0.666908,0.6951,0.72031,0.742976,0.763461,0.782064,0.79903,0.814562,0.828831,0.841978,0.854125,0.865375,0.875817,0.885527,0.894575,0.903017,0.910908,0.918292,0.925212,0.931704,0.9378,0.943531,0.948924,0.954002,0.958789,0.963303,0.967564,0.971589,0.975392,0.978988,0.982389,0.985609,0.988658,0.991546,0.994283,0.996878,0.999338,1.00167,1.00389,1.00599,1.00798,1.00988,1.01168,1.01339,1.01501,1.01655,1.01801,1.01941,1.02073,1.02198,1.02318,1.02431,1.02539,1.02641,1.02738,1.02831,1.02918,1.03001,1.0308,1.03155,1.03226,1.03294,1.03358,1.03418,1.03475,1.03529,1.03581,1.03629,1.03675,1.03718,1.03759,1.03798,1.03834,1.03868,1.039,1.0393,1.03958,1.03984,1.04009,1.04032,1.04053,1.04073,1.04092,1.04109,1.04124,1.04139,1.04152,1.04164,1.04175,1.04184,1.04193
0.334958,0.350098,0.370005,0.396163,0.429749,0.470159,0.514028,0.557136,0.596921,0.632638,0.664453,0.692815,0.718202,0.741039,0.761686,0.78044,0.797546,0.813208,0.827596,0.840853,0.853102,0.864446,0.874974,0.884766,0.893888,0.902401,0.910357,0.917802,0.924778,0.931323,0.937469,0.943247,0.948683,0.953803,0.958628,0.963179,0.967474,0.971531,0.975364,0.978989,0.982418,0.985663,0.988736,0.991647,0.994406,0.997021,0.999501,1.00185,1.00408,1.0062,1.00821,1.01012,1.01194,1.01366,1.01529,1.01685,1.01832,1.01972,1.02106,1.02232,1.02352,1.02467,1.02575,1.02678,1.02776,1.02869,1.02957,1.03041,1.03121,1.03196,1.03268,1.03336,1.034,1.03461,1.03518,1.03573,1.03625,1.03673,1.0372,1.03763,1.03804,1.03843,1.03879,1.03914,1.03946,1.03976,1.04004,1.04031,1.04056,1.04079,1.041,1.0412,1.04139,1.04156,1.04171,1.04186,1.04199,1.04211,1.04222,1.04232,1.0424
0.337472,0.352373,0.371875,0.397368,0.429975,0.469243,0.512179,0.554773,0.594389,0.630134,0.662067,0.690585,0.716139,0.73914,0.759944,0.778845,0.796087,0.811876,0.826381,0.839746,0.852095,0.863531,0.874146,0.884018,0.893214,0.901796,0.909816,0.917321,0.924354,0.930951,0.937147,0.942971,0.94845,0.953611,0.958474,0.963061,0.96739,0.971479,0.975343,0.978996,0.982451,0.985722,0.988819,0.991753,0.994532,0.997168,0.999667,1.00204,1.00429,1.00642,1.00845,1.01037,1.0122,1.01393,1.01558,1.01714,1.01863,1.02004,1.02139,1.02266,1.02387,1.02502,1.02612,1.02715,1.02814,1.02908,1.02997,1.03081,1.03161,1.03237,1.03309,1.03377,1.03442,1.03504,1.03562,1.03617,1.03669,1.03718,1.03764,1.03808,1.03849,1.03888,1.03925,1.03959,1.03992,1.04022,1.04051,1.04077,1.04102,1.04125,1.04147,1.04167,1.04186,1.04203,1.04219,1.04233,1.04246,1.04258,1.04269,1.04279,1.04288
0.339988,0.354659,0.373776,0.398643,0.430328,0.468507,0.510516,0.552566,0.591977,0.627719,0.659752,0.688412,0.714122,0.73728,0.758235,0.777279,0.794654,0.810566,0.825186,0.838658,0.851105,0.862633,0.873332,0.883282,0.892552,0.901202,0.909286,0.916851,0.923939,0.930588,0.936832,0.942702,0.948225,0.953425,0.958327,0.962949,0.967312,0.971432,0.975326,0.979007,0.982489,0.985785,0.988906,0.991862,0.994663,0.997318,0.999836,1.00222,1.00449,1.00664,1.00868,1.01062,1.01246,1.01421,1.01587,1.01745,1.01894,1.02037,1.02172,1.023,1.02422,1.02538,1.02648,1.02753,1.02852,1.02947,1.03036,1.03121,1.03202,1.03278,1.03351,1.0342,1.03485,1.03546,1.03605,1.0366,1.03713,1.03762,1.03809,1.03853,1.03894,1.03934,1.03971,1.04005,1.04038,1.04068,1.04097,1.04124,1.04149,1.04172,1.04194,1.04214,1.04233,1.0425,1.04266,1.04281,1.04294,1.04306,1.04317,1.04327,1.04335
0.342506,0.356955,0.375706,0.399982,0.430799,0.467938,0.50903,0.550512,0.589684,0.625397,0.657508,0.686296,0.712151,0.735459,0.75656,0.775742,0.793247,0.80928,0.824012,0.837588,0.850132,0.86175,0.872533,0.882561,0.891903,0.90062,0.908767,0.91639,0.923533,0.930234,0.936526,0.942441,0.948006,0.953247,0.958186,0.962844,0.96724,0.971391,0.975314,0.979024,0.982532,0.985853,0.988997,0.991975,0.994797,0.997473,1.00001,1.00242,1.0047,1.00686,1.00892,1.01087,1.01273,1.01449,1.01616,1.01775,1.01926,1.02069,1.02205,1.02335,1.02457,1.02574,1.02685,1.0279,1.0289,1.02985,1.03076,1.03161,1.03242,1.03319,1.03392,1.03462,1.03527,1.0359,1.03648,1.03704,1.03757,1.03807,1.03854,1.03898,1.0394,1.03979,1.04016,1.04051,1.04084,1.04115,1.04144,1.04171,1.04196,1.04219,1.04241,1.04261,1.0428,1.04297,1.04313,1.04328,1.04341,1.04353,1.04364,1.04374,1.04383
0.345025,0.35926,0.377661,0.401378,0.431377,0.467524,0.507715,0.548608,0.587511,0.623167,0.655336,0.684237,0.710228,0.733679,0.754919,0.774234,0.791866,0.808017,0.822859,0.836537,0.849176,0.860882,0.871748,0.881852,0.891265,0.900049,0.908258,0.915939,0.923137,0.929888,0.936229,0.942188,0.947795,0.953075,0.958051,0.962744,0.967173,0.971356,0.975308,0.979045,0.98258,0.985925,0.989092,0.992093,0.994936,0.997631,1.00019,1.00261,1.00491,1.00709,1.00916,1.01113,1.013,1.01477,1.01645,1.01805,1.01957,1.02102,1.02239,1.02369,1.02493,1.0261,1.02722,1.02828,1.02929,1.03025,1.03115,1.03201,1.03283,1.03361,1.03434,1.03504,1.0357,1.03633,1.03692,1.03748,1.03801,1.03851,1.03898,1.03943,1.03985,1.04025,1.04062,1.04097,1.0413,1.04161,1.0419,1.04217,1.04243,1.04266,1.04288,1.04308,1.04327,1.04345,1.04361,1.04375,1.04389,1.04401,1.04412,1.04422,1.0443
0.347545,0.361574,0.379641,0.402828,0.432055,0.467257,0.506563,0.546851,0.585457,0.62103,0.653238,0.682237,0.708354,0.731938,0.753312,0.772757,0.790511,0.806777,0.821727,0.835506,0.848238,0.860031,0.870977,0.881157,0.89064,0.89949,0.90776,0.915499,0.92275,0.929552,0.935939,0.941943,0.947592,0.952911,0.957923,0.962651,0.967113,0.971326,0.975307,0.979071,0.982632,0.986002,0.989192,0.992214,0.995078,0.997792,1.00037,1.00281,1.00512,1.00732,1.00941,1.01139,1.01327,1.01505,1.01675,1.01836,1.01989,1.02135,1.02273,1.02404,1.02528,1.02647,1.02759,1.02866,1.02967,1.03064,1.03155,1.03242,1.03324,1.03402,1.03476,1.03546,1.03613,1.03676,1.03736,1.03792,1.03845,1.03896,1.03943,1.03988,1.04031,1.04071,1.04108,1.04143,1.04177,1.04208,1.04237,1.04264,1.0429,1.04313,1.04335,1.04356,1.04375,1.04392,1.04408,1.04423,1.04436,1.04448,1.04459,1.04469,1.04478
0.350066,0.363896,0.381643,0.404328,0.432825,0.467124,0.505566,0.545239,0.583521,0.618987,0.651213,0.680296,0.706528,0.730238,0.75174,0.771309,0.789182,0.805561,0.820616,0.834493,0.847317,0.859195,0.870221,0.880475,0.890028,0.898942,0.907273,0.915068,0.922372,0.929224,0.935658,0.941705,0.947395,0.952753,0.957802,0.962564,0.967058,0.971302,0.975312,0.979103,0.982689,0.986083,0.989296,0.99234,0.995224,0.997957,1.00055,1.00301,1.00534,1.00755,1.00965,1.01165,1.01354,1.01534,1.01705,1.01867,1.02021,1.02168,1.02307,1.02439,1.02564,1.02683,1.02797,1.02904,1.03006,1.03103,1.03195,1.03282,1.03365,1.03444,1.03518,1.03589,1.03656,1.03719,1.03779,1.03836,1.0389,1.0394,1.03988,1.04034,1.04076,1.04116,1.04154,1.0419,1.04223,1.04254,1.04284,1.04311,1.04336,1.0436,1.04382,1.04403,1.04422,1.04439,1.04456,1.0447,1.04484,1.04496,1.04507,1.04517,1.04526
0.352588,0.366225,0.383665,0.405873,0.433679,0.467119,0.504717,0.543767,0.581703,0.617037,0.649262,0.678416,0.704751,0.728579,0.750203,0.769892,0.78788,0.804368,0.819526,0.833499,0.846413,0.858375,0.869479,0.879806,0.889428,0.898406,0.906796,0.914647,0.922004,0.928905,0.935384,0.941475,0.947206,0.952602,0.957687,0.962483,0.967009,0.971283,0.975321,0.979139,0.982751,0.986168,0.989404,0.992469,0.995374,0.998126,1.00074,1.00321,1.00556,1.00779,1.0099,1.01191,1.01382,1.01563,1.01735,1.01898,1.02053,1.02201,1.02341,1.02474,1.026,1.0272,1.02834,1.02942,1.03045,1.03143,1.03235,1.03323,1.03406,1.03486,1.03561,1.03632,1.03699,1.03763,1.03823,1.0388,1.03934,1.03985,1.04033,1.04079,1.04122,1.04162,1.042,1.04236,1.04269,1.04301,1.0433,1.04358,1.04383,1.04407,1.0443,1.0445,1.04469,1.04487,1.04503,1.04518,1.04531,1.04544,1.04555,1.04565,1.04573
0.35511,0.368561,0.385707,0.407461,0.434611,0.467231,0.504009,0.542431,0.580001,0.615181,0.647387,0.676595,0.703024,0.726962,0.748702,0.768506,0.786606,0.803199,0.818457,0.832524,0.845527,0.857571,0.868752,0.879152,0.88884,0.897881,0.90633,0.914237,0.921645,0.928594,0.93512,0.941253,0.947024,0.952458,0.957579,0.962408,0.966965,0.971269,0.975336,0.97918,0.982817,0.986258,0.989517,0.992603,0.995527,0.998299,1.00093,1.00342,1.00578,1.00803,1.01016,1.01218,1.0141,1.01592,1.01765,1.0193,1.02086,1.02234,1.02375,1.02509,1.02636,1.02757,1.02872,1.02981,1.03084,1.03182,1.03275,1.03364,1.03448,1.03527,1.03603,1.03674,1.03742,1.03806,1.03867,1.03925,1.03979,1.0403,1.04079,1.04124,1.04167,1.04208,1.04246,1.04282,1.04316,1.04348,1.04377,1.04405,1.04431,1.04455,1.04477,1.04498,1.04517,1.04534,1.04551,1.04566,1.04579,1.04591,1.04602,1.04612,1.04621
0.357632,0.370902,0.387766,0.409087,0.435615,0.467453,0.503434,0.541227,0.578413,0.613418,0.645586,0.674836,0.701347,0.725387,0.747236,0.767151,0.785358,0.802055,0.81741,0.831569,0.844658,0.856783,0.86804,0.87851,0.888265,0.897368,0.905875,0.913836,0.921296,0.928293,0.934863,0.941039,0.946849,0.952321,0.957477,0.962339,0.966928,0.971261,0.975356,0.979227,0.982888,0.986353,0.989633,0.992741,0.995685,0.998475,1.00112,1.00363,1.00601,1.00827,1.01041,1.01245,1.01438,1.01622,1.01796,1.01961,1.02119,1.02268,1.0241,1.02545,1.02673,1.02794,1.0291,1.03019,1.03123,1.03222,1.03316,1.03405,1.03489,1.03569,1.03645,1.03717,1.03785,1.0385,1.03911,1.03969,1.04024,1.04075,1.04124,1.0417,1.04213,1.04254,1.04293,1.04329,1.04362,1.04394,1.04424,1.04452,1.04478,1.04502,1.04524,1.04545,1.04564,1.04582,1.04598,1.04613,1.04627,1.04639,1.0465,1.0466,1.04669
0.360155,0.37325,0.389842,0.41075,0.436686,0.467778,0.502986,0.540151,0.576938,0.611748,0.643861,0.673137,0.69972,0.723855,0.745807,0.765827,0.784138,0.800934,0.816385,0.830634,0.843807,0.856012,0.867343,0.877882,0.887702,0.896867,0.905431,0.913446,0.920955,0.928,0.934615,0.940832,0.946682,0.95219,0.957381,0.962277,0.966896,0.971259,0.975381,0.979278,0.982964,0.986452,0.989754,0.992882,0.995846,0.998655,1.00132,1.00384,1.00624,1.00851,1.01067,1.01272,1.01467,1.01651,1.01827,1.01993,1.02152,1.02302,1.02445,1.0258,1.02709,1.02831,1.02948,1.03058,1.03163,1.03262,1.03356,1.03446,1.03531,1.03612,1.03688,1.0376,1.03829,1.03894,1.03955,1.04013,1.04068,1.0412,1.04169,1.04216,1.04259,1.043,1.04339,1.04375,1.04409,1.04441,1.04471,1.04499,1.04525,1.04549,1.04572,1.04593,1.04612,1.0463,1.04646,1.04661,1.04675,1.04687,1.04698,1.04708,1.04717
0.362678,0.375602,0.391933,0.412446,0.437819,0.468198,0.502658,0.539198,0.575573,0.61017,0.642211,0.671501,0.698144,0.722365,0.744414,0.764534,0.782945,0.799838,0.815381,0.829718,0.842973,0.855256,0.86666,0.877268,0.887152,0.896377,0.904998,0.913065,0.920625,0.927716,0.934375,0.940634,0.946522,0.952067,0.957292,0.96222,0.96687,0.971262,0.975411,0.979334,0.983044,0.986555,0.989879,0.993028,0.996011,0.998839,1.00152,1.00406,1.00647,1.00876,1.01094,1.013,1.01495,1.01681,1.01858,1.02026,1.02185,1.02336,1.0248,1.02616,1.02746,1.02869,1.02986,1.03097,1.03202,1.03302,1.03397,1.03487,1.03573,1.03654,1.03731,1.03803,1.03872,1.03938,1.04,1.04058,1.04113,1.04165,1.04215,1.04261,1.04305,1.04346,1.04385,1.04422,1.04456,1.04488,1.04518,1.04546,1.04572,1.04597,1.04619,1.0464,1.04659,1.04677,1.04694,1.04709,1.04722,1.04735,1.04746,1.04756,1.04764
0.3652,0.377959,0.394039,0.414173,0.43901,0.468708,0.502443,0.538364,0.574317,0.608684,0.640636,0.669925,0.69662,0.720918,0.743057,0.763273,0.78178,0.798767,0.814399,0.828822,0.842158,0.854517,0.865992,0.876668,0.886615,0.895899,0.904575,0.912695,0.920304,0.927441,0.934143,0.940443,0.94637,0.951951,0.95721,0.96217,0.96685,0.97127,0.975447,0.979395,0.983129,0.986663,0.990009,0.993178,0.99618,0.999026,1.00172,1.00428,1.00671,1.00901,1.0112,1.01327,1.01524,1.01712,1.01889,1.02058,1.02218,1.0237,1.02515,1.02652,1.02783,1.02906,1.03024,1.03136,1.03242,1.03342,1.03438,1.03529,1.03615,1.03696,1.03773,1.03847,1.03916,1.03982,1.04044,1.04103,1.04158,1.04211,1.0426,1.04307,1.04351,1.04393,1.04432,1.04468,1.04503,1.04535,1.04565,1.04593,1.04619,1.04644,1.04667,1.04688,1.04707,1.04725,1.04741,1.04756,1.0477,1.04782,1.04794,1.04804,1.04812
0.367722,0.380321,0.396157,0.41593,0.440255,0.469302,0.502336,0.537645,0.573166,0.607288,0.639136,0.668412,0.695146,0.719514,0.741738,0.762044,0.780643,0.79772,0.81344,0.827945,0.84136,0.853794,0.86534,0.876081,0.88609,0.895432,0.904164,0.912335,0.919992,0.927174,0.933919,0.940259,0.946224,0.951841,0.957134,0.962126,0.966836,0.971284,0.975487,0.979461,0.983219,0.986775,0.990142,0.993331,0.996353,0.999217,1.00193,1.00451,1.00695,1.00927,1.01147,1.01356,1.01554,1.01742,1.01921,1.02091,1.02252,1.02405,1.0255,1.02688,1.0282,1.02944,1.03063,1.03175,1.03282,1.03383,1.03479,1.0357,1.03657,1.03739,1.03816,1.0389,1.0396,1.04026,1.04088,1.04147,1.04203,1.04256,1.04306,1.04353,1.04397,1.04439,1.04478,1.04515,1.04549,1.04582,1.04612,1.0464,1.04667,1.04691,1.04714,1.04735,1.04755,1.04773,1.04789,1.04804,1.04818,1.0483,1.04841,1.04851,1.0486
0.370244,0.382687,0.398288,0.417713,0.44155,0.469974,0.502331,0.537035,0.572119,0.605982,0.637711,0.66696,0.693724,0.718153,0.740455,0.760847,0.779534,0.796698,0.812502,0.827088,0.840581,0.853087,0.864702,0.875508,0.885578,0.894978,0.903763,0.911985,0.919689,0.926917,0.933704,0.940084,0.946086,0.951738,0.957064,0.962087,0.966828,0.971304,0.975533,0.979531,0.983313,0.986892,0.99028,0.993489,0.996529,0.999411,1.00214,1.00473,1.00719,1.00952,1.01174,1.01384,1.01583,1.01773,1.01953,1.02123,1.02286,1.0244,1.02586,1.02725,1.02857,1.02982,1.03101,1.03214,1.03322,1.03423,1.0352,1.03612,1.03699,1.03781,1.03859,1.03933,1.04004,1.0407,1.04133,1.04192,1.04248,1.04302,1.04352,1.04399,1.04443,1.04485,1.04525,1.04562,1.04596,1.04629,1.04659,1.04688,1.04714,1.04739,1.04762,1.04783,1.04803,1.04821,1.04837,1.04852,1.04866,1.04878,1.04889,1.04899,1.04908
0.372766,0.385056,0.400431,0.419522,0.442891,0.470719,0.502422,0.536532,0.571173,0.604765,0.63636,0.665571,0.692354,0.716836,0.73921,0.759683,0.778453,0.7957,0.811586,0.826251,0.839819,0.852396,0.864079,0.874948,0.885079,0.894535,0.903373,0.911645,0.919397,0.926668,0.933497,0.939916,0.945955,0.951642,0.957001,0.962055,0.966825,0.971329,0.975584,0.979607,0.983412,0.987013,0.990422,0.993651,0.99671,0.999609,1.00236,1.00496,1.00744,1.00978,1.01201,1.01412,1.01613,1.01804,1.01985,1.02156,1.0232,1.02475,1.02622,1.02762,1.02894,1.0302,1.0314,1.03254,1.03362,1.03464,1.03561,1.03654,1.03741,1.03824,1.03903,1.03977,1.04048,1.04114,1.04178,1.04237,1.04294,1.04347,1.04397,1.04445,1.0449,1.04532,1.04571,1.04608,1.04643,1.04676,1.04707,1.04735,1.04762,1.04786,1.04809,1.04831,1.0485,1.04868,1.04885,1.049,1.04914,1.04926,1.04937,1.04947,1.04956
0.375286,0.387428,0.402584,0.421355,0.444276,0.471533,0.502604,0.536129,0.570325,0.603634,0.635082,0.664243,0.691036,0.715563,0.738002,0.75855,0.7774,0.794728,0.810693,0.825435,0.839075,0.851723,0.863471,0.874403,0.884592,0.894103,0.902994,0.911315,0.919113,0.926428,0.933298,0.939756,0.945832,0.951553,0.956945,0.96203,0.966828,0.971359,0.97564,0.979688,0.983516,0.987139,0.990568,0.993816,0.996894,0.999811,1.00258,1.0052,1.00769,1.01005,1.01229,1.01441,1.01643,1.01835,1.02017,1.0219,1.02354,1.0251,1.02658,1.02798,1.02932,1.03059,1.03179,1.03293,1.03402,1.03505,1.03603,1.03695,1.03783,1.03867,1.03946,1.04021,1.04092,1.04159,1.04222,1.04282,1.04339,1.04393,1.04443,1.04491,1.04536,1.04578,1.04618,1.04655,1.0469,1.04723,1.04754,1.04783,1.04809,1.04834,1.04857,1.04878,1.04898,1.04916,1.04933,1.04948,1.04962,1.04974,1.04985,1.04995,1.05004
0.377807,0.389804,0.404747,0.423209,0.445702,0.472412,0.502872,0.535824,0.569572,0.602588,0.633878,0.662976,0.689769,0.714333,0.736831,0.75745,0.776375,0.793781,0.809822,0.824638,0.83835,0.851065,0.862878,0.873871,0.884118,0.893684,0.902626,0.910996,0.918839,0.926197,0.933108,0.939604,0.945716,0.951471,0.956895,0.96201,0.966837,0.971395,0.975702,0.979773,0.983624,0.987268,0.990719,0.993986,0.997082,1.00002,1.0028,1.00544,1.00794,1.01031,1.01257,1.0147,1.01673,1.01866,1.02049,1.02223,1.02388,1.02545,1.02694,1.02835,1.0297,1.03097,1.03218,1.03333,1.03442,1.03546,1.03644,1.03737,1.03826,1.0391,1.03989,1.04065,1.04136,1.04203,1.04267,1.04328,1.04385,1.04438,1.04489,1.04537,1.04582,1.04625,1.04665,1.04702,1.04737,1.0477,1.04801,1.0483,1.04857,1.04882,1.04905,1.04926,1.04946,1.04964,1.04981,1.04996,1.0501,1.05022,1.05033,1.05043,1.05052
0.380326,0.392182,0.406919,0.425084,0.447165,0.473351,0.503221,0.535611,0.568912,0.601627,0.632747,0.661771,0.688553,0.713148,0.735699,0.756382,0.775379,0.792859,0.808974,0.823861,0.837642,0.850424,0.8623,0.873353,0.883657,0.893276,0.902269,0.910686,0.918574,0.925975,0.932926,0.939459,0.945607,0.951396,0.956851,0.961996,0.966851,0.971436,0.975768,0.979864,0.983737,0.987403,0.990873,0.99416,0.997273,1.00022,1.00302,1.00568,1.00819,1.01058,1.01285,1.015,1.01704,1.01898,1.02082,1.02257,1.02423,1.02581,1.0273,1.02873,1.03008,1.03136,1.03258,1.03373,1.03483,1.03587,1.03686,1.0378,1.03869,1.03953,1.04033,1.04108,1.0418,1.04248,1.04312,1.04373,1.0443,1.04484,1.04535,1.04583,1.04629,1.04672,1.04712,1.04749,1.04785,1.04818,1.04849,1.04878,1.04904,1.04929,1.04953,1.04974,1.04994,1.05012,1.05029,1.05044,1.05058,1.0507,1.05081,1.05091,1.051
0.382845,0.394563,0.4091,0.426979,0.448665,0.474346,0.503647,0.535488,0.568341,0.600747,0.631687,0.660626,0.68739,0.712006,0.734603,0.755348,0.774412,0.791962,0.808148,0.823105,0.836953,0.8498,0.861737,0.872849,0.883208,0.89288,0.901922,0.910387,0.918319,0.925762,0.932752,0.939323,0.945505,0.951327,0.956814,0.961988,0.966872,0.971483,0.97584,0.979959,0.983855,0.987541,0.991032,0.994337,0.997469,1.00044,1.00325,1.00592,1.00845,1.01085,1.01313,1.0153,1.01735,1.0193,1.02115,1.02291,1.02458,1.02616,1.02767,1.0291,1.03046,1.03175,1.03297,1.03413,1.03524,1.03628,1.03728,1.03822,1.03911,1.03996,1.04076,1.04152,1.04224,1.04293,1.04357,1.04418,1.04476,1.0453,1.04581,1.0463,1.04675,1.04718,1.04759,1.04796,1.04832,1.04865,1.04896,1.04925,1.04952,1.04977,1.05001,1.05022,1.05042,1.0506,1.05077,1.05092,1.05106,1.05118,1.0513,1.0514,1.05148
0.385362,0.396946,0.411289,0.428892,0.450198,0.475395,0.504146,0.535449,0.567857,0.599949,0.630697,0.659542,0.686278,0.710908,0.733546,0.754345,0.773473,0.79109,0.807344,0.822368,0.836282,0.849192,0.86119,0.872359,0.882773,0.892496,0.901587,0.910098,0.918074,0.925557,0.932586,0.939194,0.945411,0.951266,0.956783,0.961987,0.966898,0.971535,0.975917,0.980059,0.983977,0.987684,0.991194,0.994519,0.997668,1.00065,1.00348,1.00617,1.00871,1.01113,1.01342,1.01559,1.01766,1.01962,1.02148,1.02325,1.02493,1.02652,1.02804,1.02948,1.03084,1.03214,1.03337,1.03454,1.03565,1.0367,1.0377,1.03864,1.03954,1.04039,1.0412,1.04197,1.04269,1.04337,1.04402,1.04464,1.04521,1.04576,1.04628,1.04676,1.04722,1.04765,1.04806,1.04844,1.04879,1.04913,1.04944,1.04973,1.05,1.05025,1.05048,1.0507,1.0509,1.05108,1.05125,1.0514,1.05154,1.05167,1.05178,1.05188,1.05196
0.387879,0.399331,0.413486,0.430821,0.451762,0.476494,0.504714,0.535492,0.567457,0.599229,0.629777,0.658519,0.685217,0.709854,0.732526,0.753376,0.772563,0.790244,0.806563,0.821652,0.83563,0.8486,0.860657,0.871883,0.88235,0.892124,0.901263,0.909818,0.917838,0.925362,0.932429,0.939073,0.945324,0.951211,0.956759,0.961991,0.966929,0.971593,0.975999,0.980164,0.984104,0.987832,0.991361,0.994704,0.997871,1.00087,1.00372,1.00642,1.00898,1.0114,1.01371,1.0159,1.01797,1.01994,1.02182,1.02359,1.02528,1.02688,1.02841,1.02985,1.03123,1.03253,1.03377,1.03494,1.03606,1.03711,1.03812,1.03907,1.03997,1.04083,1.04164,1.04241,1.04314,1.04382,1.04448,1.04509,1.04567,1.04622,1.04674,1.04723,1.04769,1.04812,1.04853,1.04891,1.04927,1.0496,1.04991,1.05021,1.05048,1.05073,1.05096,1.05118,1.05138,1.05156,1.05173,1.05188,1.05202,1.05215,1.05226,1.05236,1.05245
0.390394,0.401718,0.41569,0.432767,0.453356,0.47764,0.505347,0.535613,0.567139,0.598586,0.628927,0.657554,0.684207,0.708844,0.731544,0.752439,0.771682,0.789423,0.805805,0.820956,0.834995,0.848026,0.86014,0.87142,0.88194,0.891763,0.900949,0.90955,0.917611,0.925175,0.93228,0.938959,0.945244,0.951163,0.956741,0.962002,0.966967,0.971655,0.976086,0.980274,0.984235,0.987984,0.991532,0.994893,0.998078,1.0011,1.00396,1.00667,1.00924,1.01169,1.014,1.0162,1.01829,1.02027,1.02215,1.02394,1.02564,1.02725,1.02878,1.03023,1.03161,1.03292,1.03417,1.03535,1.03647,1.03753,1.03854,1.0395,1.0404,1.04126,1.04208,1.04285,1.04358,1.04427,1.04493,1.04555,1.04613,1.04668,1.0472,1.04769,1.04816,1.04859,1.049,1.04938,1.04974,1.05008,1.05039,1.05068,1.05096,1.05121,1.05144,1.05166,1.05186,1.05205,1.05221,1.05237,1.05251,1.05263,1.05274,1.05284,1.05293
0.392909,0.404107,0.4179,0.434728,0.454978,0.478831,0.506041,0.535807,0.566898,0.598018,0.628143,0.656649,0.683248,0.707878,0.730599,0.751535,0.770829,0.788628,0.805069,0.820281,0.834379,0.847468,0.859638,0.870972,0.881542,0.891414,0.900647,0.909291,0.917394,0.924997,0.932139,0.938853,0.945172,0.951122,0.95673,0.962019,0.96701,0.971724,0.976178,0.980388,0.984371,0.98814,0.991708,0.995087,0.998288,1.00132,1.0042,1.00693,1.00951,1.01197,1.0143,1.01651,1.01861,1.0206,1.02249,1.02429,1.02599,1.02761,1.02915,1.03061,1.032,1.03332,1.03457,1.03575,1.03688,1.03795,1.03896,1.03993,1.04084,1.0417,1.04252,1.0433,1.04403,1.04473,1.04538,1.046,1.04659,1.04715,1.04767,1.04816,1.04862,1.04906,1.04947,1.04985,1.05022,1.05055,1.05087,1.05116,1.05144,1.05169,1.05192,1.05214,1.05234,1.05253,1.0527,1.05285,1.05299,1.05311,1.05322,1.05332,1.05341
0.395422,0.406497,0.420117,0.436703,0.456626,0.480064,0.506794,0.536073,0.566734,0.597523,0.627427,0.655802,0.68234,0.706955,0.729693,0.750664,0.770006,0.787858,0.804356,0.819626,0.833782,0.846926,0.859151,0.870537,0.881157,0.891077,0.900355,0.909042,0.917186,0.924828,0.932006,0.938755,0.945106,0.951087,0.956725,0.962041,0.967059,0.971798,0.976275,0.980508,0.984511,0.9883,0.991887,0.995284,0.998502,1.00155,1.00444,1.00719,1.00979,1.01225,1.0146,1.01682,1.01893,1.02093,1.02283,1.02464,1.02635,1.02798,1.02953,1.031,1.03239,1.03371,1.03497,1.03616,1.0373,1.03837,1.03939,1.04035,1.04127,1.04214,1.04296,1.04374,1.04448,1.04518,1.04584,1.04646,1.04705,1.04761,1.04813,1.04863,1.04909,1.04953,1.04994,1.05033,1.05069,1.05103,1.05135,1.05164,1.05192,1.05217,1.05241,1.05262,1.05283,1.05301,1.05318,1.05333,1.05347,1.0536,1.05371,1.05381,1.05389
0.397934,0.408888,0.42234,0.438691,0.458299,0.481336,0.507603,0.536406,0.566642,0.5971,0.626775,0.655013,0.681481,0.706075,0.728824,0.749826,0.769211,0.787113,0.803665,0.818991,0.833203,0.846402,0.858679,0.870116,0.880786,0.890752,0.900074,0.908804,0.916987,0.924667,0.931882,0.938665,0.945048,0.95106,0.956726,0.96207,0.967114,0.971877,0.976377,0.980632,0.984656,0.988465,0.99207,0.995485,0.99872,1.00179,1.00469,1.00745,1.01006,1.01254,1.0149,1.01713,1.01925,1.02127,1.02318,1.02499,1.02672,1.02835,1.02991,1.03138,1.03278,1.03411,1.03538,1.03657,1.03771,1.03879,1.03981,1.04079,1.04171,1.04258,1.04341,1.04419,1.04493,1.04563,1.0463,1.04692,1.04751,1.04807,1.0486,1.0491,1.04956,1.05,1.05042,1.0508,1.05117,1.05151,1.05182,1.05212,1.0524,1.05265,1.05289,1.05311,1.05331,1.05349,1.05366,1.05382,1.05395,1.05408,1.05419,1.05429,1.05438
0.400445,0.411281,0.424567,0.440691,0.459994,0.482645,0.508464,0.536804,0.566621,0.596747,0.626188,0.654281,0.680673,0.705238,0.727992,0.749021,0.768444,0.786394,0.802998,0.818376,0.832642,0.845893,0.858222,0.869709,0.880427,0.890439,0.899805,0.908575,0.916798,0.924516,0.931765,0.938582,0.944997,0.951039,0.956734,0.962105,0.967174,0.971961,0.976485,0.980761,0.984806,0.988634,0.992258,0.99569,0.998941,1.00202,1.00494,1.00771,1.01034,1.01284,1.0152,1.01745,1.01958,1.0216,1.02352,1.02535,1.02708,1.02872,1.03029,1.03177,1.03318,1.03451,1.03578,1.03699,1.03813,1.03921,1.04024,1.04122,1.04214,1.04302,1.04385,1.04464,1.04538,1.04609,1.04675,1.04738,1.04798,1.04854,1.04907,1.04957,1.05004,1.05048,1.05089,1.05128,1.05164,1.05198,1.0523,1.0526,1.05288,1.05313,1.05337,1.05359,1.05379,1.05398,1.05414,1.0543,1.05444,1.05456,1.05467,1.05477,1.05486
0.402955,0.413674,0.4268,0.442704,0.461712,0.48399,0.509375,0.537264,0.566668,0.59646,0.625664,0.653605,0.679913,0.704445,0.727198,0.748248,0.767707,0.7857,0.802352,0.817782,0.832099,0.845402,0.857781,0.869316,0.88008,0.890137,0.899546,0.908357,0.916619,0.924373,0.931657,0.938507,0.944954,0.951025,0.956748,0.962145,0.96724,0.972051,0.976597,0.980895,0.98496,0.988807,0.992449,0.995899,0.999167,1.00226,1.0052,1.00798,1.01063,1.01313,1.01551,1.01776,1.01991,1.02194,1.02387,1.0257,1.02744,1.0291,1.03067,1.03216,1.03357,1.03491,1.03619,1.0374,1.03855,1.03964,1.04067,1.04165,1.04258,1.04346,1.0443,1.04509,1.04583,1.04654,1.04721,1.04784,1.04844,1.049,1.04954,1.05004,1.05051,1.05095,1.05137,1.05176,1.05212,1.05246,1.05278,1.05308,1.05336,1.05361,1.05385,1.05407,1.05427,1.05446,1.05463,1.05478,1.05492,1.05505,1.05516,1.05526,1.05534
0.405463,0.416069,0.429038,0.444727,0.46345,0.485368,0.510333,0.537783,0.56678,0.59624,0.625202,0.652985,0.679203,0.703694,0.726441,0.747507,0.766998,0.785032,0.80173,0.817209,0.831575,0.844927,0.857355,0.868937,0.879747,0.889848,0.899298,0.908149,0.916449,0.924239,0.931558,0.93844,0.944917,0.951018,0.956768,0.962192,0.967311,0.972146,0.976714,0.981033,0.985119,0.988985,0.992645,0.996111,0.999395,1.00251,1.00546,1.00826,1.01091,1.01343,1.01582,1.01809,1.02024,1.02228,1.02422,1.02606,1.02781,1.02947,1.03105,1.03255,1.03397,1.03532,1.0366,1.03781,1.03897,1.04006,1.0411,1.04209,1.04302,1.0439,1.04474,1.04554,1.04629,1.047,1.04767,1.04831,1.0489,1.04947,1.05,1.05051,1.05098,1.05142,1.05184,1.05223,1.0526,1.05294,1.05326,1.05356,1.05384,1.0541,1.05434,1.05456,1.05476,1.05494,1.05511,1.05527,1.05541,1.05553,1.05564,1.05574,1.05583
0.407969,0.418464,0.43128,0.446761,0.465208,0.486777,0.511336,0.538358,0.566955,0.596083,0.624799,0.652419,0.678541,0.702985,0.725721,0.746799,0.766318,0.784389,0.80113,0.816655,0.831069,0.844469,0.856944,0.868572,0.879426,0.88957,0.899061,0.907951,0.916288,0.924114,0.931466,0.93838,0.944888,0.951017,0.956795,0.962245,0.967389,0.972247,0.976837,0.981177,0.985282,0.989167,0.992845,0.996328,0.999628,1.00276,1.00572,1.00853,1.0112,1.01373,1.01613,1.01841,1.02057,1.02262,1.02457,1.02642,1.02818,1.02985,1.03143,1.03294,1.03437,1.03572,1.03701,1.03823,1.03939,1.04049,1.04153,1.04252,1.04346,1.04435,1.04519,1.04599,1.04674,1.04746,1.04813,1.04877,1.04937,1.04994,1.05047,1.05098,1.05145,1.0519,1.05232,1.05271,1.05308,1.05342,1.05374,1.05404,1.05432,1.05458,1.05482,1.05504,1.05524,1.05543,1.0556,1.05575,1.05589,1.05602,1.05613,1.05623,1.05631
0.410475,0.420859,0.433526,0.448805,0.466984,0.488216,0.512381,0.538986,0.56719,0.595988,0.624456,0.651907,0.677927,0.702319,0.725037,0.746124,0.765666,0.783772,0.800553,0.816122,0.830581,0.844028,0.856548,0.868221,0.879118,0.889303,0.898834,0.907763,0.916137,0.923997,0.931383,0.938328,0.944866,0.951024,0.956828,0.962304,0.967472,0.972352,0.976965,0.981325,0.98545,0.989353,0.993048,0.996548,0.999864,1.00301,1.00599,1.00881,1.01149,1.01403,1.01645,1.01873,1.02091,1.02297,1.02493,1.02679,1.02855,1.03023,1.03182,1.03333,1.03477,1.03613,1.03742,1.03865,1.03981,1.04092,1.04197,1.04296,1.0439,1.04479,1.04564,1.04644,1.0472,1.04791,1.04859,1.04923,1.04984,1.05041,1.05094,1.05145,1.05193,1.05237,1.05279,1.05319,1.05356,1.0539,1.05423,1.05453,1.0548,1.05506,1.0553,1.05552,1.05573,1.05591,1.05608,1.05624,1.05638,1.0565,1.05661,1.05671,1.05679
0.412978,0.423255,0.435776,0.450858,0.468778,0.489684,0.513467,0.539666,0.567484,0.595954,0.624171,0.651448,0.67736,0.701694,0.724391,0.745481,0.765043,0.783179,0.799999,0.815609,0.830112,0.843603,0.856167,0.867884,0.878823,0.889049,0.898619,0.907586,0.915995,0.923889,0.931307,0.938284,0.944851,0.951037,0.956868,0.962368,0.96756,0.972464,0.977097,0.981478,0.985622,0.989544,0.993256,0.996773,1.0001,1.00326,1.00625,1.00909,1.01179,1.01434,1.01676,1.01906,1.02125,1.02332,1.02529,1.02715,1.02893,1.03061,1.03221,1.03373,1.03517,1.03654,1.03784,1.03907,1.04024,1.04135,1.0424,1.0434,1.04434,1.04524,1.04609,1.04689,1.04765,1.04837,1.04905,1.0497,1.0503,1.05088,1.05141,1.05192,1.0524,1.05285,1.05327,1.05367,1.05404,1.05438,1.05471,1.05501,1.05529,1.05555,1.05579,1.05601,1.05621,1.0564,1.05657,1.05672,1.05686,1.05699,1.0571,1.0572,1.05728
0.415481,0.425652,0.43803,0.452919,0.470588,0.491178,0.514591,0.540395,0.567833,0.595977,0.623941,0.651041,0.676839,0.70111,0.723781,0.74487,0.764448,0.782613,0.799467,0.815117,0.829661,0.843195,0.855802,0.86756,0.878541,0.888806,0.898415,0.907418,0.915862,0.92379,0.93124,0.938248,0.944843,0.951057,0.956914,0.962439,0.967654,0.97258,0.977235,0.981636,0.985799,0.989738,0.993468,0.997001,1.00035,1.00352,1.00653,1.00938,1.01208,1.01465,1.01708,1.01939,1.02159,1.02367,1.02565,1.02752,1.0293,1.031,1.0326,1.03413,1.03557,1.03695,1.03825,1.03949,1.04067,1.04178,1.04284,1.04384,1.04479,1.04569,1.04654,1.04735,1.04811,1.04883,1.04952,1.05016,1.05077,1.05135,1.05189,1.0524,1.05288,1.05333,1.05375,1.05415,1.05452,1.05487,1.05519,1.05549,1.05577,1.05603,1.05627,1.05649,1.0567,1.05689,1.05706,1.05721,1.05735,1.05747,1.05758,1.05768,1.05777
0.417981,0.428048,0.440287,0.454989,0.472413,0.492698,0.515752,0.541171,0.568237,0.596057,0.623767,0.650686,0.676365,0.700568,0.723207,0.744291,0.763882,0.782071,0.798958,0.814644,0.829229,0.842803,0.855451,0.867251,0.878271,0.888575,0.898221,0.90726,0.915739,0.9237,0.931181,0.938218,0.944843,0.951083,0.956966,0.962515,0.967754,0.972702,0.977377,0.981798,0.98598,0.989937,0.993684,0.997233,1.00059,1.00378,1.0068,1.00967,1.01238,1.01496,1.01741,1.01973,1.02193,1.02402,1.02601,1.02789,1.02968,1.03138,1.03299,1.03453,1.03598,1.03736,1.03867,1.03991,1.04109,1.04221,1.04327,1.04428,1.04523,1.04614,1.04699,1.0478,1.04857,1.0493,1.04998,1.05063,1.05124,1.05182,1.05236,1.05287,1.05335,1.05381,1.05423,1.05463,1.055,1.05535,1.05567,1.05598,1.05626,1.05652,1.05676,1.05698,1.05718,1.05737,1.05754,1.0577,1.05784,1.05796,1.05807,1.05817,1.05825
0.420481,0.430445,0.442547,0.457067,0.474254,0.494241,0.516948,0.541992,0.568692,0.596192,0.623647,0.65038,0.675937,0.700066,0.722669,0.743744,0.763344,0.781554,0.798471,0.814192,0.828815,0.842428,0.855116,0.866955,0.878014,0.888356,0.898039,0.907113,0.915625,0.923618,0.931131,0.938197,0.944849,0.951116,0.957024,0.962598,0.967859,0.972829,0.977525,0.981965,0.986165,0.99014,0.993904,0.997468,1.00085,1.00405,1.00708,1.00996,1.01269,1.01528,1.01773,1.02006,1.02228,1.02438,1.02637,1.02826,1.03006,1.03177,1.03339,1.03493,1.03639,1.03777,1.03909,1.04034,1.04152,1.04265,1.04371,1.04472,1.04568,1.04659,1.04745,1.04826,1.04903,1.04976,1.05045,1.0511,1.05171,1.05229,1.05283,1.05335,1.05383,1.05428,1.05471,1.05511,1.05548,1.05583,1.05616,1.05646,1.05674,1.057,1.05724,1.05747,1.05767,1.05786,1.05803,1.05818,1.05832,1.05845,1.05856,1.05865,1.05874
0.422978,0.432842,0.444809,0.459152,0.476108,0.495808,0.518176,0.542855,0.569197,0.596379,0.623579,0.650124,0.675553,0.699605,0.722167,0.743228,0.762834,0.781063,0.798006,0.81376,0.828419,0.84207,0.854796,0.866673,0.87777,0.888149,0.897867,0.906975,0.915521,0.923545,0.931088,0.938183,0.944863,0.951156,0.957089,0.962686,0.96797,0.972961,0.977677,0.982137,0.986356,0.990348,0.994128,0.997708,1.0011,1.00431,1.00736,1.01025,1.01299,1.01559,1.01806,1.0204,1.02262,1.02473,1.02674,1.02864,1.03044,1.03216,1.03379,1.03533,1.0368,1.03819,1.03951,1.04076,1.04195,1.04308,1.04415,1.04517,1.04613,1.04704,1.0479,1.04872,1.04949,1.05022,1.05091,1.05156,1.05218,1.05276,1.05331,1.05382,1.05431,1.05476,1.05519,1.05559,1.05597,1.05632,1.05664,1.05695,1.05723,1.05749,1.05773,1.05795,1.05816,1.05835,1.05852,1.05867,1.05881,1.05893,1.05904,1.05914,1.05922
0.425474,0.435239,0.447075,0.461245,0.477976,0.497396,0.519437,0.54376,0.56975,0.596618,0.623562,0.649915,0.675213,0.699183,0.7217,0.742744,0.762352,0.780596,0.797564,0.813349,0.828041,0.841728,0.854491,0.866405,0.877538,0.887953,0.897706,0.906848,0.915425,0.923481,0.931053,0.938177,0.944884,0.951203,0.95716,0.962781,0.968087,0.973098,0.977835,0.982313,0.98655,0.99056,0.994356,0.997951,1.00136,1.00459,1.00765,1.01055,1.0133,1.01591,1.01839,1.02074,1.02298,1.02509,1.02711,1.02902,1.03083,1.03255,1.03418,1.03573,1.03721,1.03861,1.03993,1.04119,1.04239,1.04352,1.04459,1.04561,1.04658,1.04749,1.04836,1.04918,1.04995,1.05069,1.05138,1.05203,1.05265,1.05323,1.05378,1.0543,1.05479,1.05524,1.05567,1.05607,1.05645,1.0568,1.05713,1.05743,1.05771,1.05798,1.05822,1.05844,1.05865,1.05883,1.059,1.05916,1.0593,1.05942,1.05953,1.05963,1.05971
0.427969,0.437636,0.449343,0.463343,0.479857,0.499005,0.520727,0.544703,0.57035,0.596907,0.623594,0.649755,0.674917,0.6988,0.721269,0.742291,0.761898,0.780155,0.797145,0.812957,0.827681,0.841402,0.854201,0.86615,0.877319,0.887769,0.897555,0.90673,0.91534,0.923426,0.931027,0.938178,0.944912,0.951256,0.957237,0.962881,0.968209,0.973241,0.977997,0.982495,0.986749,0.990775,0.994588,0.998198,1.00162,1.00486,1.00793,1.01085,1.01361,1.01624,1.01873,1.02109,1.02333,1.02546,1.02748,1.02939,1.03121,1.03294,1.03458,1.03614,1.03762,1.03902,1.04036,1.04162,1.04282,1.04396,1.04503,1.04606,1.04703,1.04794,1.04881,1.04964,1.05041,1.05115,1.05185,1.0525,1.05312,1.05371,1.05426,1.05478,1.05527,1.05572,1.05615,1.05656,1.05693,1.05728,1.05761,1.05792,1.0582,1.05846,1.05871,1.05893,1.05913,1.05932,1.05949,1.05965,1.05978,1.05991,1.06002,1.06011,1.0602
0.430462,0.440032,0.451613,0.465448,0.481749,0.500633,0.522045,0.545684,0.570993,0.597243,0.623676,0.64964,0.674664,0.698456,0.720872,0.741869,0.761471,0.779738,0.796747,0.812585,0.82734,0.841093,0.853926,0.86591,0.877113,0.887596,0.897416,0.906623,0.915263,0.923379,0.931009,0.938187,0.944947,0.951316,0.957321,0.962987,0.968336,0.973389,0.978165,0.982681,0.986952,0.990996,0.994823,0.998449,1.00188,1.00514,1.00823,1.01115,1.01393,1.01656,1.01906,1.02143,1.02368,1.02582,1.02785,1.02977,1.0316,1.03334,1.03499,1.03655,1.03803,1.03944,1.04078,1.04205,1.04325,1.0444,1.04548,1.0465,1.04748,1.0484,1.04927,1.0501,1.05088,1.05162,1.05232,1.05297,1.0536,1.05418,1.05474,1.05526,1.05574,1.0562,1.05664,1.05704,1.05742,1.05777,1.0581,1.0584,1.05869,1.05895,1.05919,1.05942,1.05962,1.05981,1.05998,1.06013,1.06027,1.0604,1.06051,1.0606,1.06068
0.432953,0.442429,0.453886,0.467559,0.483653,0.502281,0.523391,0.546701,0.571679,0.597626,0.623804,0.649571,0.674453,0.698151,0.72051,0.741479,0.761073,0.779346,0.796372,0.812234,0.827016,0.840801,0.853666,0.865683,0.876919,0.887435,0.897287,0.906525,0.915196,0.923341,0.930998,0.938204,0.944989,0.951382,0.957411,0.963099,0.968469,0.973542,0.978337,0.982871,0.98716,0.99122,0.995063,0.998704,1.00215,1.00542,1.00852,1.01146,1.01425,1.01689,1.0194,1.02178,1.02404,1.02619,1.02822,1.03016,1.03199,1.03374,1.03539,1.03696,1.03845,1.03987,1.04121,1.04248,1.04369,1.04484,1.04592,1.04695,1.04793,1.04885,1.04973,1.05056,1.05134,1.05208,1.05278,1.05345,1.05407,1.05466,1.05521,1.05573,1.05623,1.05669,1.05712,1.05752,1.0579,1.05826,1.05858,1.05889,1.05918,1.05944,1.05968,1.05991,1.06011,1.0603,1.06047,1.06062,1.06076,1.06089,1.06099,1.06109,1.06117
0.435442,0.444825,0.45616,0.469676,0.485567,0.503945,0.524763,0.547752,0.572406,0.598054,0.623978,0.649546,0.674283,0.697883,0.720181,0.741118,0.760701,0.778978,0.796018,0.811902,0.826711,0.840525,0.853421,0.86547,0.876738,0.887286,0.897169,0.906437,0.915137,0.923311,0.930996,0.938228,0.945038,0.951455,0.957507,0.963217,0.968608,0.973701,0.978514,0.983066,0.987373,0.991448,0.995307,0.998962,1.00243,1.00571,1.00882,1.01177,1.01457,1.01722,1.01974,1.02213,1.0244,1.02656,1.0286,1.03054,1.03239,1.03413,1.0358,1.03737,1.03887,1.04029,1.04164,1.04291,1.04413,1.04528,1.04637,1.0474,1.04838,1.04931,1.05019,1.05102,1.05181,1.05255,1.05326,1.05392,1.05455,1.05514,1.05569,1.05621,1.05671,1.05717,1.0576,1.05801,1.05839,1.05874,1.05907,1.05938,1.05966,1.05993,1.06017,1.0604,1.0606,1.06079,1.06096,1.06111,1.06125,1.06137,1.06148,1.06158,1.06166
0.43793,0.44722,0.458437,0.471797,0.487492,0.505627,0.52616,0.548835,0.573173,0.598525,0.624197,0.649565,0.674155,0.697653,0.719887,0.740788,0.760357,0.778635,0.795687,0.81159,0.826423,0.840265,0.85319,0.86527,0.876569,0.887148,0.897062,0.90636,0.915089,0.92329,0.931002,0.938259,0.945094,0.951535,0.957609,0.96334,0.968752,0.973864,0.978697,0.983266,0.987589,0.991681,0.995555,0.999224,1.0027,1.006,1.00912,1.01208,1.01489,1.01756,1.02009,1.02249,1.02477,1.02693,1.02898,1.03093,1.03278,1.03454,1.0362,1.03779,1.03929,1.04071,1.04207,1.04335,1.04457,1.04572,1.04682,1.04785,1.04884,1.04977,1.05065,1.05149,1.05228,1.05302,1.05373,1.05439,1.05502,1.05561,1.05617,1.0567,1.05719,1.05765,1.05809,1.05849,1.05887,1.05923,1.05956,1.05987,1.06015,1.06042,1.06066,1.06089,1.06109,1.06128,1.06145,1.0616,1.06174,1.06186,1.06197,1.06207,1.06215
0.440416,0.449615,0.460714,0.473924,0.489426,0.507325,0.52758,0.54995,0.573977,0.599038,0.624459,0.649626,0.674066,0.697459,0.719626,0.740488,0.760039,0.778316,0.795377,0.811298,0.826153,0.840021,0.852975,0.865084,0.876413,0.887022,0.896965,0.906292,0.915049,0.923277,0.931015,0.938298,0.945157,0.951621,0.957717,0.96347,0.968902,0.974033,0.978884,0.983471,0.98781,0.991917,0.995806,0.99949,1.00298,1.00629,1.00942,1.0124,1.01522,1.0179,1.02043,1.02284,1.02513,1.0273,1.02936,1.03132,1.03318,1.03494,1.03661,1.0382,1.03971,1.04114,1.0425,1.04379,1.04501,1.04617,1.04727,1.04831,1.04929,1.05023,1.05111,1.05195,1.05274,1.05349,1.0542,1.05487,1.0555,1.05609,1.05665,1.05718,1.05767,1.05814,1.05857,1.05898,1.05936,1.05972,1.06005,1.06036,1.06064,1.06091,1.06115,1.06138,1.06158,1.06177,1.06194,1.06209,1.06223,1.06235,1.06246,1.06255,1.06264
0.4429,0.45201,0.462994,0.476055,0.49137,0.509038,0.529023,0.551095,0.574818,0.599592,0.624763,0.649729,0.674016,0.697302,0.719397,0.740218,0.759749,0.778021,0.79509,0.811025,0.825902,0.839794,0.852775,0.864912,0.87627,0.886907,0.896879,0.906234,0.915018,0.923273,0.931037,0.938344,0.945227,0.951714,0.957832,0.963605,0.969057,0.974207,0.979076,0.98368,0.988035,0.992158,0.996062,0.99976,1.00326,1.00658,1.00973,1.01272,1.01555,1.01824,1.02078,1.0232,1.0255,1.02768,1.02975,1.03171,1.03357,1.03534,1.03702,1.03862,1.04013,1.04157,1.04293,1.04422,1.04545,1.04661,1.04772,1.04876,1.04975,1.05069,1.05158,1.05242,1.05321,1.05396,1.05467,1.05534,1.05597,1.05657,1.05713,1.05766,1.05815,1.05862,1.05906,1.05947,1.05985,1.0602,1.06054,1.06085,1.06113,1.0614,1.06164,1.06187,1.06207,1.06226,1.06243,1.06258,1.06272,1.06284,1.06295,1.06304,1.06312
0.445383,0.454404,0.465275,0.478191,0.493323,0.510766,0.530488,0.552269,0.575693,0.600185,0.625108,0.649872,0.674005,0.69718,0.719202,0.739977,0.759485,0.77775,0.794824,0.810772,0.825668,0.839583,0.852589,0.864753,0.876139,0.886804,0.896803,0.906186,0.914997,0.923278,0.931067,0.938398,0.945304,0.951813,0.957952,0.963746,0.969217,0.974386,0.979272,0.983893,0.988265,0.992403,0.996322,1.00003,1.00355,1.00688,1.01004,1.01304,1.01588,1.01858,1.02114,1.02356,1.02587,1.02806,1.03013,1.0321,1.03397,1.03575,1.03744,1.03904,1.04056,1.042,1.04336,1.04466,1.04589,1.04706,1.04817,1.04922,1.05021,1.05115,1.05204,1.05288,1.05368,1.05444,1.05515,1.05582,1.05645,1.05705,1.05761,1.05814,1.05864,1.05911,1.05954,1.05995,1.06034,1.06069,1.06103,1.06134,1.06162,1.06189,1.06213,1.06236,1.06256,1.06275,1.06292,1.06307,1.06321,1.06333,1.06344,1.06353,1.06361
0.447864,0.456798,0.467557,0.480331,0.495284,0.512508,0.531973,0.553471,0.576603,0.600816,0.625493,0.650055,0.674032,0.697094,0.719038,0.739765,0.759247,0.777503,0.794579,0.810539,0.825451,0.839388,0.852418,0.864608,0.87602,0.886712,0.896739,0.906148,0.914985,0.923291,0.931104,0.938459,0.945388,0.951919,0.958079,0.963893,0.969383,0.974571,0.979474,0.984111,0.988499,0.992652,0.996585,1.00031,1.00384,1.00718,1.01036,1.01336,1.01622,1.01892,1.02149,1.02393,1.02624,1.02844,1.03052,1.0325,1.03438,1.03616,1.03785,1.03946,1.04098,1.04243,1.0438,1.0451,1.04634,1.04751,1.04862,1.04967,1.05067,1.05161,1.05251,1.05335,1.05415,1.05491,1.05562,1.0563,1.05693,1.05753,1.05809,1.05863,1.05912,1.05959,1.06003,1.06044,1.06082,1.06118,1.06152,1.06183,1.06211,1.06238,1.06262,1.06285,1.06305,1.06324,1.06341,1.06357,1.0637,1.06382,1.06393,1.06402,1.0641
0.450343,0.459191,0.46984,0.482475,0.497253,0.514263,0.533478,0.554699,0.577545,0.601484,0.625917,0.650276,0.674096,0.697042,0.718907,0.739583,0.759036,0.777279,0.794356,0.810325,0.825253,0.839209,0.852261,0.864476,0.875914,0.886632,0.896684,0.906119,0.914982,0.923313,0.93115,0.938528,0.945479,0.952031,0.958212,0.964046,0.969555,0.97476,0.979681,0.984334,0.988738,0.992906,0.996852,1.00059,1.00413,1.00749,1.01067,1.01369,1.01656,1.01927,1.02185,1.02429,1.02662,1.02882,1.03091,1.0329,1.03478,1.03657,1.03827,1.03988,1.04141,1.04286,1.04424,1.04554,1.04678,1.04796,1.04907,1.05013,1.05113,1.05208,1.05297,1.05382,1.05462,1.05538,1.0561,1.05677,1.05741,1.05801,1.05858,1.05911,1.05961,1.06008,1.06052,1.06093,1.06131,1.06167,1.06201,1.06232,1.0626,1.06287,1.06312,1.06334,1.06355,1.06373,1.0639,1.06406,1.06419,1.06431,1.06442,1.06451,1.06459
0.45282,0.461583,0.472125,0.484623,0.499229,0.516031,0.535001,0.555952,0.578518,0.602187,0.626378,0.650535,0.674196,0.697025,0.718807,0.739429,0.75885,0.777079,0.794154,0.81013,0.825071,0.839046,0.85212,0.864358,0.87582,0.886563,0.896641,0.906101,0.914988,0.923343,0.931203,0.938604,0.945577,0.95215,0.958351,0.964204,0.969731,0.974954,0.979892,0.984562,0.98898,0.993163,0.997123,1.00087,1.00443,1.0078,1.01099,1.01402,1.0169,1.01962,1.02221,1.02466,1.02699,1.0292,1.0313,1.03329,1.03519,1.03698,1.03869,1.0403,1.04184,1.04329,1.04468,1.04599,1.04723,1.04841,1.04953,1.05059,1.05159,1.05254,1.05344,1.05429,1.0551,1.05586,1.05658,1.05725,1.05789,1.05849,1.05906,1.05959,1.0601,1.06057,1.06101,1.06142,1.0618,1.06216,1.0625,1.06281,1.0631,1.06336,1.06361,1.06383,1.06404,1.06423,1.0644,1.06455,1.06469,1.06481,1.06491,1.065,1.06508
0.455296,0.463975,0.47441,0.486774,0.501213,0.517811,0.536543,0.55723,0.579521,0.602924,0.626876,0.650831,0.674332,0.697041,0.718738,0.739303,0.758691,0.776903,0.793973,0.809954,0.824908,0.838899,0.851993,0.864252,0.875738,0.886506,0.896608,0.906092,0.915003,0.923381,0.931265,0.938688,0.945682,0.952276,0.958496,0.964368,0.969914,0.975154,0.980108,0.984794,0.989227,0.993424,0.997398,1.00116,1.00473,1.00811,1.01132,1.01436,1.01724,1.01998,1.02257,1.02503,1.02737,1.02959,1.0317,1.0337,1.03559,1.0374,1.03911,1.04073,1.04227,1.04373,1.04512,1.04643,1.04768,1.04886,1.04998,1.05105,1.05205,1.05301,1.05391,1.05476,1.05557,1.05633,1.05705,1.05773,1.05837,1.05898,1.05955,1.06008,1.06058,1.06105,1.0615,1.06191,1.06229,1.06265,1.06299,1.0633,1.06359,1.06386,1.0641,1.06433,1.06453,1.06472,1.06489,1.06504,1.06518,1.0653,1.0654,1.0655,1.06557
0.45777,0.466365,0.476696,0.488928,0.503204,0.519603,0.538102,0.558531,0.580553,0.603694,0.627409,0.651163,0.674503,0.69709,0.718699,0.739206,0.758556,0.776749,0.793813,0.809798,0.824761,0.838768,0.85188,0.864161,0.875669,0.886459,0.896585,0.906092,0.915027,0.923428,0.931334,0.938778,0.945793,0.952407,0.958647,0.964538,0.970101,0.975358,0.980329,0.98503,0.989478,0.993689,0.997677,1.00145,1.00503,1.00843,1.01164,1.01469,1.01759,1.02033,1.02294,1.02541,1.02775,1.02998,1.03209,1.0341,1.036,1.03781,1.03953,1.04116,1.0427,1.04417,1.04556,1.04688,1.04813,1.04932,1.05044,1.05151,1.05252,1.05347,1.05438,1.05524,1.05604,1.05681,1.05753,1.05821,1.05886,1.05946,1.06003,1.06057,1.06107,1.06154,1.06199,1.0624,1.06279,1.06315,1.06348,1.06379,1.06408,1.06435,1.06459,1.06482,1.06502,1.06521,1.06538,1.06553,1.06567,1.06579,1.0659,1.06599,1.06606
0.460242,0.468755,0.478983,0.491086,0.505201,0.521406,0.539678,0.559854,0.581613,0.604497,0.627977,0.65153,0.674708,0.697171,0.718691,0.739136,0.758448,0.776618,0.793674,0.80966,0.824632,0.838652,0.851782,0.864082,0.875612,0.886425,0.896573,0.906103,0.91506,0.923483,0.931411,0.938876,0.945912,0.952546,0.958805,0.964713,0.970294,0.975568,0.980554,0.985271,0.989734,0.993959,0.99796,1.00175,1.00534,1.00875,1.01197,1.01503,1.01794,1.02069,1.0233,1.02578,1.02814,1.03037,1.03249,1.03451,1.03642,1.03823,1.03995,1.04158,1.04314,1.04461,1.046,1.04733,1.04858,1.04977,1.0509,1.05197,1.05298,1.05394,1.05485,1.05571,1.05652,1.05729,1.05801,1.05869,1.05934,1.05995,1.06052,1.06105,1.06156,1.06203,1.06248,1.06289,1.06328,1.06364,1.06397,1.06429,1.06458,1.06484,1.06509,1.06531,1.06552,1.06571,1.06587,1.06603,1.06616,1.06628,1.06639,1.06648,1.06655
0.462712,0.471144,0.481271,0.493247,0.507204,0.523219,0.541269,0.561199,0.582699,0.60533,0.628578,0.651931,0.674947,0.697284,0.718712,0.739093,0.758364,0.776511,0.793556,0.809541,0.82452,0.838552,0.851698,0.864017,0.875567,0.886401,0.896571,0.906123,0.915102,0.923547,0.931496,0.938982,0.946037,0.95269,0.958968,0.964894,0.970492,0.975783,0.980785,0.985516,0.989994,0.994232,0.998246,1.00205,1.00565,1.00907,1.01231,1.01538,1.01829,1.02105,1.02368,1.02616,1.02852,1.03077,1.03289,1.03491,1.03683,1.03865,1.04038,1.04202,1.04357,1.04505,1.04645,1.04778,1.04904,1.05023,1.05136,1.05243,1.05345,1.05441,1.05532,1.05618,1.057,1.05777,1.05849,1.05918,1.05982,1.06043,1.061,1.06154,1.06205,1.06252,1.06297,1.06338,1.06377,1.06413,1.06447,1.06478,1.06507,1.06534,1.06558,1.06581,1.06601,1.0662,1.06637,1.06652,1.06666,1.06678,1.06688,1.06697,1.06705
0.465181,0.473533,0.483559,0.49541,0.509214,0.525042,0.542876,0.562564,0.583812,0.606194,0.629212,0.652366,0.675218,0.697429,0.718763,0.739078,0.758304,0.776425,0.793458,0.809441,0.824426,0.838468,0.851629,0.863965,0.875534,0.886388,0.896579,0.906153,0.915153,0.923619,0.931588,0.939094,0.946169,0.952841,0.959137,0.965081,0.970696,0.976003,0.98102,0.985766,0.990258,0.99451,0.998537,1.00235,1.00597,1.00939,1.01264,1.01572,1.01865,1.02142,1.02405,1.02654,1.02891,1.03116,1.0333,1.03532,1.03725,1.03907,1.0408,1.04245,1.04401,1.04549,1.04689,1.04823,1.04949,1.05069,1.05182,1.0529,1.05392,1.05488,1.05579,1.05666,1.05747,1.05825,1.05897,1.05966,1.06031,1.06092,1.06149,1.06203,1.06254,1.06301,1.06346,1.06387,1.06426,1.06462,1.06496,1.06527,1.06556,1.06583,1.06608,1.0663,1.06651,1.06669,1.06686,1.06701,1.06715,1.06727,1.06737,1.06746,1.06754
0.467647,0.47592,0.485847,0.497576,0.511229,0.526875,0.544497,0.563949,0.584949,0.607086,0.629877,0.652833,0.675522,0.697604,0.718842,0.739089,0.75827,0.776363,0.793381,0.80936,0.824348,0.8384,0.851573,0.863926,0.875513,0.886387,0.896598,0.906192,0.915213,0.923699,0.931688,0.939214,0.946308,0.952999,0.959312,0.965274,0.970905,0.976227,0.98126,0.986021,0.990526,0.994791,0.998831,1.00266,1.00628,1.00972,1.01298,1.01607,1.019,1.02178,1.02442,1.02693,1.0293,1.03156,1.0337,1.03573,1.03766,1.03949,1.04123,1.04288,1.04445,1.04593,1.04734,1.04868,1.04995,1.05115,1.05229,1.05336,1.05439,1.05535,1.05627,1.05713,1.05795,1.05873,1.05946,1.06014,1.06079,1.0614,1.06198,1.06252,1.06303,1.0635,1.06395,1.06437,1.06476,1.06512,1.06546,1.06577,1.06606,1.06633,1.06657,1.0668,1.067,1.06719,1.06736,1.06751,1.06764,1.06776,1.06787,1.06795,1.06803
0.470112,0.478306,0.488137,0.499745,0.513249,0.528718,0.546132,0.565354,0.58611,0.608006,0.630572,0.653331,0.675857,0.69781,0.71895,0.739126,0.758259,0.776322,0.793324,0.809297,0.824287,0.838347,0.851532,0.8639,0.875504,0.886397,0.896627,0.906241,0.915281,0.923788,0.931796,0.939342,0.946454,0.953162,0.959494,0.965472,0.971119,0.976457,0.981505,0.98628,0.990799,0.995077,0.999129,1.00297,1.00661,1.01005,1.01332,1.01642,1.01936,1.02215,1.0248,1.02731,1.0297,1.03196,1.03411,1.03615,1.03808,1.03992,1.04166,1.04332,1.04489,1.04638,1.04779,1.04913,1.0504,1.05161,1.05275,1.05383,1.05486,1.05583,1.05674,1.05761,1.05843,1.05921,1.05994,1.06063,1.06128,1.06189,1.06247,1.06301,1.06352,1.064,1.06444,1.06486,1.06525,1.06561,1.06595,1.06626,1.06655,1.06682,1.06707,1.06729,1.0675,1.06768,1.06785,1.068,1.06814,1.06826,1.06836,1.06845,1.06852
0.472575,0.480692,0.490426,0.501915,0.515275,0.530569,0.54778,0.566776,0.587294,0.608953,0.631298,0.653861,0.676222,0.698045,0.719086,0.73919,0.758273,0.776303,0.793287,0.809252,0.824243,0.838309,0.851506,0.863887,0.875507,0.886417,0.896666,0.906299,0.915359,0.923884,0.931912,0.939476,0.946606,0.953333,0.959681,0.965675,0.971339,0.976692,0.981754,0.986543,0.991075,0.995366,0.99943,1.00328,1.00693,1.01039,1.01367,1.01678,1.01973,1.02253,1.02518,1.0277,1.03009,1.03236,1.03452,1.03656,1.0385,1.04035,1.0421,1.04376,1.04533,1.04682,1.04824,1.04959,1.05086,1.05207,1.05321,1.0543,1.05533,1.0563,1.05722,1.05809,1.05891,1.05969,1.06042,1.06111,1.06177,1.06238,1.06296,1.0635,1.06401,1.06449,1.06494,1.06535,1.06574,1.06611,1.06645,1.06676,1.06705,1.06732,1.06756,1.06779,1.06799,1.06818,1.06835,1.0685,1.06863,1.06875,1.06885,1.06894,1.06901
0.475037,0.483076,0.492716,0.504089,0.517305,0.532428,0.549441,0.568217,0.588501,0.609926,0.632052,0.65442,0.676618,0.698309,0.719249,0.739279,0.75831,0.776306,0.79327,0.809226,0.824215,0.838287,0.851493,0.863887,0.875522,0.886449,0.896716,0.906367,0.915445,0.923989,0.932036,0.939617,0.946766,0.953509,0.959874,0.965884,0.971563,0.976932,0.982008,0.986811,0.991356,0.99566,0.999736,1.0036,1.00726,1.01073,1.01402,1.01714,1.02009,1.0229,1.02557,1.02809,1.03049,1.03277,1.03493,1.03698,1.03893,1.04078,1.04253,1.04419,1.04577,1.04727,1.04869,1.05004,1.05132,1.05253,1.05368,1.05477,1.0558,1.05677,1.0577,1.05857,1.05939,1.06017,1.06091,1.0616,1.06225,1.06287,1.06345,1.06399,1.0645,1.06498,1.06543,1.06585,1.06624,1.0666,1.06694,1.06726,1.06755,1.06781,1.06806,1.06828,1.06849,1.06868,1.06884,1.06899,1.06913,1.06924,1.06935,1.06943,1.06951
0.477496,0.485459,0.495006,0.506264,0.51934,0.534296,0.551115,0.569674,0.589729,0.610925,0.632833,0.655009,0.677043,0.698602,0.71944,0.739393,0.75837,0.776331,0.793273,0.809218,0.824205,0.83828,0.851494,0.8639,0.875549,0.886492,0.896776,0.906445,0.915541,0.924103,0.932167,0.939766,0.946932,0.953692,0.960073,0.966099,0.971793,0.977176,0.982267,0.987083,0.991641,0.995957,1.00005,1.00392,1.00759,1.01107,1.01437,1.0175,1.02046,1.02328,1.02595,1.02849,1.03089,1.03318,1.03534,1.0374,1.03935,1.04121,1.04297,1.04464,1.04622,1.04772,1.04915,1.0505,1.05178,1.053,1.05415,1.05524,1.05627,1.05725,1.05817,1.05905,1.05988,1.06066,1.06139,1.06209,1.06274,1.06336,1.06394,1.06449,1.065,1.06548,1.06593,1.06634,1.06674,1.0671,1.06744,1.06775,1.06804,1.06831,1.06856,1.06878,1.06899,1.06917,1.06934,1.06949,1.06962,1.06974,1.06984,1.06993,1.07
