CO2 Specific Heat [J kg^-1 K^-1] PelePhys
19676.3,3911.85,2563.52,2078.52,1821.97,1661.83,1552.12,1472.33,1411.86,1364.64,1326.92,1296.26,1271,1249.95,1232.27,1217.31,1204.6,1193.74,1184.44,1176.47,1169.63,1163.76,1158.73,1154.44,1150.79,1147.71,1145.12,1142.98,1141.23,1139.82,1138.73,1137.92,1137.36,1137.03,1136.89,1136.95,1137.16,1137.53,1138.04,1138.66,1139.4,1140.24,1141.17,1142.18,1143.27,1144.42,1145.64,1146.91,1148.23,1149.6,1151.01,1152.46,1153.94,1155.44,1156.98,1158.54,1160.12,1161.71,1163.33,1164.95,1166.59,1168.24,1169.9,1171.56,1173.23,1174.91,1176.59,1178.27,1179.95,1181.63,1183.31,1184.99,1186.67,1188.34,1190.01,1191.68,1193.34,1195,1196.65,1198.3,1199.95,1201.58,1203.21,1204.84,1206.46,1208.07,1209.68,1211.27,1212.87,1214.45,1216.03,1217.6,1219.17,1220.73,1222.28,1223.83,1225.37,1226.9,1228.43,1229.95,1231.47
11870.3,4579.96,2746.58,2170.26,1879.28,1702,1582.33,1496.17,1431.32,1380.95,1340.86,1308.37,1281.65,1259.43,1240.79,1225.02,1211.62,1200.18,1190.37,1181.96,1174.73,1168.52,1163.2,1158.63,1154.74,1151.43,1148.65,1146.32,1144.4,1142.84,1141.61,1140.67,1139.98,1139.54,1139.3,1139.26,1139.38,1139.67,1140.09,1140.64,1141.31,1142.08,1142.94,1143.9,1144.93,1146.03,1147.19,1148.42,1149.7,1151.02,1152.39,1153.79,1155.23,1156.71,1158.21,1159.73,1161.28,1162.84,1164.43,1166.03,1167.64,1169.26,1170.89,1172.53,1174.18,1175.83,1177.49,1179.15,1180.81,1182.47,1184.13,1185.79,1187.45,1189.11,1190.76,1192.41,1194.06,1195.71,1197.34,1198.98,1200.61,1202.23,1203.85,1205.46,1207.07,1208.67,1210.26,1211.85,1213.43,1215,1216.57,1218.13,1219.69,1221.24,1222.78,1224.32,1225.85,1227.38,1228.9,1230.41,1231.92
9261.17,5554.71,2961.22,2271.51,1940.77,1744.39,1613.87,1520.85,1451.36,1397.66,1355.1,1320.7,1292.48,1269.05,1249.41,1232.81,1218.71,1206.67,1196.35,1187.49,1179.87,1173.32,1167.68,1162.84,1158.7,1155.17,1152.18,1149.67,1147.58,1145.86,1144.49,1143.41,1142.61,1142.05,1141.71,1141.57,1141.6,1141.8,1142.14,1142.62,1143.21,1143.92,1144.72,1145.61,1146.59,1147.63,1148.75,1149.93,1151.16,1152.44,1153.76,1155.13,1156.53,1157.97,1159.43,1160.92,1162.44,1163.97,1165.53,1167.1,1168.68,1170.28,1171.89,1173.5,1175.12,1176.75,1178.39,1180.03,1181.67,1183.31,1184.95,1186.59,1188.23,1189.87,1191.51,1193.15,1194.78,1196.41,1198.03,1199.65,1201.27,1202.88,1204.48,1206.08,1207.68,1209.26,1210.85,1212.42,1213.99,1215.56,1217.11,1218.67,1220.21,1221.75,1223.28,1224.81,1226.33,1227.85,1229.36,1230.87,1232.37
7872.73,7066.51,3215.1,2383.56,2006.78,1789.11,1646.77,1546.41,1471.99,1414.79,1369.63,1333.26,1303.48,1278.8,1258.13,1240.69,1225.87,1213.22,1202.38,1193.06,1185.04,1178.13,1172.18,1167.06,1162.67,1158.92,1155.72,1153.02,1150.76,1148.89,1147.37,1146.17,1145.24,1144.57,1144.12,1143.88,1143.82,1143.93,1144.19,1144.59,1145.12,1145.76,1146.49,1147.33,1148.25,1149.24,1150.3,1151.43,1152.61,1153.85,1155.13,1156.46,1157.83,1159.22,1160.65,1162.11,1163.59,1165.1,1166.62,1168.17,1169.72,1171.29,1172.88,1174.47,1176.07,1177.67,1179.29,1180.9,1182.52,1184.14,1185.77,1187.39,1189.02,1190.64,1192.26,1193.88,1195.5,1197.11,1198.72,1200.32,1201.93,1203.52,1205.11,1206.7,1208.28,1209.86,1211.43,1212.99,1214.55,1216.11,1217.65,1219.2,1220.73,1222.26,1223.78,1225.3,1226.82,1228.32,1229.83,1231.32,1232.81
6986.22,9509.69,3517.93,2507.85,2077.71,1836.32,1681.11,1572.87,1493.22,1432.34,1384.48,1346.04,1314.66,1288.69,1266.97,1248.65,1233.1,1219.83,1208.45,1198.67,1190.24,1182.98,1176.71,1171.31,1166.66,1162.67,1159.27,1156.38,1153.95,1151.93,1150.26,1148.92,1147.87,1147.09,1146.53,1146.19,1146.04,1146.07,1146.25,1146.57,1147.02,1147.59,1148.27,1149.04,1149.9,1150.84,1151.85,1152.93,1154.07,1155.26,1156.51,1157.79,1159.12,1160.48,1161.88,1163.3,1164.75,1166.22,1167.72,1169.23,1170.76,1172.31,1173.86,1175.43,1177.01,1178.59,1180.18,1181.78,1183.38,1184.98,1186.59,1188.19,1189.8,1191.4,1193.01,1194.61,1196.21,1197.81,1199.4,1201,1202.58,1204.17,1205.75,1207.32,1208.89,1210.45,1212.01,1213.56,1215.11,1216.66,1218.19,1219.72,1221.25,1222.77,1224.28,1225.79,1227.3,1228.8,1230.29,1231.78,1233.26
6360.92,12926.1,3881.55,2645.98,2153.97,1886.16,1716.94,1600.26,1515.07,1450.32,1399.64,1359.06,1326.01,1298.71,1275.91,1256.7,1240.4,1226.49,1214.56,1204.31,1195.47,1187.84,1181.25,1175.56,1170.66,1166.45,1162.83,1159.75,1157.15,1154.96,1153.15,1151.68,1150.51,1149.6,1148.94,1148.5,1148.26,1148.2,1148.3,1148.55,1148.93,1149.43,1150.04,1150.75,1151.56,1152.44,1153.4,1154.43,1155.53,1156.67,1157.87,1159.12,1160.41,1161.73,1163.09,1164.49,1165.9,1167.35,1168.81,1170.3,1171.8,1173.32,1174.85,1176.39,1177.95,1179.51,1181.08,1182.65,1184.23,1185.81,1187.4,1188.99,1190.58,1192.16,1193.75,1195.34,1196.92,1198.51,1200.09,1201.67,1203.24,1204.81,1206.37,1207.94,1209.49,1211.04,1212.59,1214.13,1215.67,1217.2,1218.73,1220.25,1221.77,1223.28,1224.78,1226.28,1227.78,1229.27,1230.75,1232.23,1233.71
5891.1,14552.8,4319.39,2799.65,2235.98,1938.75,1754.32,1628.6,1537.54,1468.74,1415.1,1372.31,1337.53,1308.86,1284.95,1264.83,1247.76,1233.2,1220.72,1209.99,1200.73,1192.73,1185.82,1179.84,1174.68,1170.23,1166.4,1163.13,1160.35,1158.01,1156.05,1154.44,1153.14,1152.12,1151.36,1150.82,1150.48,1150.33,1150.35,1150.52,1150.83,1151.26,1151.81,1152.46,1153.21,1154.04,1154.95,1155.93,1156.98,1158.08,1159.24,1160.45,1161.7,1162.99,1164.31,1165.67,1167.06,1168.47,1169.9,1171.36,1172.84,1174.33,1175.83,1177.35,1178.88,1180.42,1181.97,1183.52,1185.08,1186.65,1188.21,1189.78,1191.35,1192.92,1194.5,1196.07,1197.64,1199.2,1200.77,1202.33,1203.89,1205.45,1207,1208.55,1210.1,1211.64,1213.17,1214.7,1216.23,1217.75,1219.27,1220.78,1222.28,1223.78,1225.28,1226.77,1228.26,1229.74,1231.21,1232.69,1234.15
5522.34,12788.6,4843.76,2970.63,2324.14,1994.25,1793.29,1657.92,1560.66,1487.59,1430.88,1385.78,1349.23,1319.15,1294.1,1273.04,1255.19,1239.97,1226.92,1215.7,1206.02,1197.65,1190.4,1184.13,1178.7,1174.02,1169.98,1166.52,1163.56,1161.06,1158.95,1157.21,1155.78,1154.65,1153.77,1153.13,1152.7,1152.46,1152.4,1152.49,1152.73,1153.1,1153.58,1154.17,1154.86,1155.64,1156.5,1157.43,1158.43,1159.49,1160.61,1161.77,1162.98,1164.24,1165.53,1166.85,1168.2,1169.59,1170.99,1172.42,1173.87,1175.34,1176.82,1178.31,1179.82,1181.33,1182.86,1184.39,1185.93,1187.48,1189.02,1190.58,1192.13,1193.68,1195.24,1196.79,1198.35,1199.9,1201.45,1203,1204.55,1206.09,1207.63,1209.17,1210.7,1212.23,1213.75,1215.27,1216.78,1218.29,1219.8,1221.3,1222.8,1224.29,1225.78,1227.26,1228.74,1230.21,1231.68,1233.14,1234.6
5223.44,10636,5458.59,3160.56,2418.88,2052.78,1833.91,1688.23,1584.41,1506.88,1446.98,1399.49,1361.1,1329.57,1303.35,1281.33,1262.68,1246.78,1233.17,1221.45,1211.33,1202.58,1195,1188.43,1182.74,1177.82,1173.57,1169.91,1166.78,1164.11,1161.85,1159.97,1158.42,1157.17,1156.19,1155.44,1154.92,1154.6,1154.45,1154.47,1154.63,1154.93,1155.35,1155.88,1156.51,1157.23,1158.04,1158.93,1159.88,1160.89,1161.97,1163.09,1164.27,1165.48,1166.74,1168.03,1169.35,1170.7,1172.08,1173.48,1174.9,1176.34,1177.8,1179.27,1180.75,1182.25,1183.75,1185.26,1186.78,1188.3,1189.83,1191.37,1192.9,1194.44,1195.98,1197.52,1199.06,1200.59,1202.13,1203.66,1205.2,1206.73,1208.25,1209.78,1211.3,1212.81,1214.33,1215.84,1217.34,1218.84,1220.33,1221.83,1223.31,1224.79,1226.27,1227.74,1229.21,1230.68,1232.14,1233.59,1235.04
4975.14,9065.61,6143.97,3370.7,2520.53,2114.45,1876.22,1719.55,1608.82,1526.62,1463.38,1413.42,1373.14,1340.12,1312.7,1289.7,1270.24,1253.65,1239.45,1227.23,1216.67,1207.54,1199.62,1192.75,1186.8,1181.63,1177.16,1173.31,1169.99,1167.16,1164.76,1162.74,1161.06,1159.69,1158.6,1157.76,1157.14,1156.73,1156.5,1156.44,1156.53,1156.76,1157.11,1157.58,1158.16,1158.83,1159.58,1160.42,1161.33,1162.3,1163.33,1164.41,1165.55,1166.73,1167.95,1169.21,1170.5,1171.82,1173.17,1174.54,1175.93,1177.35,1178.78,1180.22,1181.68,1183.15,1184.64,1186.13,1187.63,1189.13,1190.64,1192.16,1193.67,1195.19,1196.72,1198.24,1199.76,1201.29,1202.81,1204.33,1205.85,1207.36,1208.88,1210.39,1211.9,1213.4,1214.9,1216.4,1217.89,1219.38,1220.87,1222.35,1223.82,1225.3,1226.76,1228.23,1229.69,1231.14,1232.59,1234.04,1235.49
4764.83,7964.48,6834.07,3601.51,2629.36,2179.36,1920.25,1751.9,1633.89,1546.8,1480.1,1427.59,1385.35,1350.8,1322.15,1298.15,1277.85,1260.57,1245.77,1233.04,1222.04,1212.52,1204.26,1197.09,1190.86,1185.45,1180.76,1176.71,1173.22,1170.22,1167.67,1165.51,1163.7,1162.22,1161.01,1160.07,1159.36,1158.86,1158.55,1158.41,1158.43,1158.59,1158.88,1159.29,1159.8,1160.42,1161.12,1161.91,1162.77,1163.7,1164.69,1165.73,1166.83,1167.97,1169.16,1170.38,1171.64,1172.93,1174.25,1175.59,1176.96,1178.35,1179.75,1181.17,1182.61,1184.06,1185.52,1186.99,1188.47,1189.96,1191.45,1192.94,1194.44,1195.95,1197.45,1198.96,1200.47,1201.98,1203.48,1204.99,1206.5,1208,1209.5,1211,1212.49,1213.99,1215.48,1216.96,1218.45,1219.92,1221.4,1222.87,1224.34,1225.8,1227.26,1228.71,1230.16,1231.61,1233.05,1234.49,1235.93
4583.88,7166.26,7409.17,3851.97,2745.52,2247.56,1966.04,1785.27,1659.61,1567.42,1497.13,1441.98,1397.73,1361.6,1331.7,1306.67,1285.53,1267.54,1252.13,1238.88,1227.43,1217.52,1208.91,1201.44,1194.93,1189.28,1184.37,1180.12,1176.45,1173.28,1170.58,1168.28,1166.35,1164.74,1163.43,1162.38,1161.58,1160.99,1160.59,1160.38,1160.32,1160.41,1160.64,1160.99,1161.45,1162.01,1162.66,1163.4,1164.21,1165.1,1166.04,1167.05,1168.11,1169.21,1170.36,1171.55,1172.78,1174.04,1175.33,1176.65,1177.99,1179.35,1180.73,1182.13,1183.54,1184.97,1186.41,1187.85,1189.31,1190.78,1192.25,1193.73,1195.21,1196.7,1198.19,1199.68,1201.17,1202.67,1204.16,1205.65,1207.14,1208.63,1210.12,1211.61,1213.09,1214.57,1216.05,1217.53,1219,1220.46,1221.93,1223.39,1224.85,1226.3,1227.75,1229.2,1230.64,1232.08,1233.51,1234.94,1236.37
4426.13,6564.11,7741.21,4118.77,2868.95,2319.09,2013.57,1819.69,1685.99,1588.49,1514.47,1456.59,1410.27,1372.54,1341.35,1315.28,1293.27,1274.55,1258.53,1244.75,1232.85,1222.54,1213.59,1205.8,1199.02,1193.12,1187.99,1183.53,1179.68,1176.35,1173.49,1171.05,1168.99,1167.27,1165.84,1164.7,1163.79,1163.11,1162.64,1162.34,1162.22,1162.24,1162.4,1162.69,1163.09,1163.6,1164.2,1164.89,1165.65,1166.49,1167.4,1168.36,1169.38,1170.45,1171.57,1172.73,1173.92,1175.15,1176.41,1177.7,1179.01,1180.34,1181.7,1183.07,1184.46,1185.87,1187.29,1188.72,1190.15,1191.6,1193.05,1194.52,1195.98,1197.45,1198.92,1200.4,1201.88,1203.35,1204.83,1206.31,1207.79,1209.27,1210.74,1212.21,1213.69,1215.16,1216.62,1218.09,1219.55,1221,1222.46,1223.91,1225.36,1226.8,1228.24,1229.68,1231.11,1232.54,1233.97,1235.39,1236.81
4287.11,6093.8,7780.07,4395.34,2999.31,2393.92,2062.87,1855.13,1713.03,1609.99,1532.12,1471.42,1422.98,1383.59,1351.09,1323.95,1301.07,1281.61,1264.97,1250.66,1238.29,1227.58,1218.27,1210.17,1203.11,1196.97,1191.61,1186.95,1182.91,1179.42,1176.41,1173.83,1171.64,1169.79,1168.26,1167.01,1166.01,1165.24,1164.68,1164.31,1164.11,1164.06,1164.16,1164.39,1164.73,1165.18,1165.73,1166.37,1167.09,1167.89,1168.75,1169.67,1170.66,1171.69,1172.77,1173.89,1175.06,1176.25,1177.49,1178.74,1180.03,1181.34,1182.67,1184.02,1185.39,1186.77,1188.17,1189.57,1190.99,1192.42,1193.86,1195.3,1196.75,1198.2,1199.66,1201.11,1202.58,1204.04,1205.5,1206.97,1208.43,1209.9,1211.36,1212.82,1214.28,1215.74,1217.19,1218.65,1220.1,1221.54,1222.99,1224.43,1225.86,1227.3,1228.73,1230.16,1231.58,1233,1234.42,1235.84,1237.25
4163.44,5715.77,7582.43,4671.17,3135.89,2471.94,2113.89,1891.6,1740.71,1631.93,1550.07,1486.47,1435.85,1394.77,1360.93,1332.7,1308.92,1288.72,1271.45,1256.59,1243.76,1232.64,1222.97,1214.56,1207.22,1200.82,1195.24,1190.38,1186.15,1182.49,1179.32,1176.6,1174.28,1172.32,1170.67,1169.32,1168.22,1167.37,1166.72,1166.27,1166,1165.89,1165.92,1166.08,1166.37,1166.77,1167.26,1167.85,1168.53,1169.28,1170.1,1170.98,1171.93,1172.92,1173.97,1175.06,1176.19,1177.36,1178.56,1179.79,1181.05,1182.33,1183.64,1184.96,1186.31,1187.67,1189.04,1190.43,1191.83,1193.24,1194.65,1196.08,1197.51,1198.95,1200.39,1201.83,1203.28,1204.72,1206.17,1207.62,1209.08,1210.53,1211.98,1213.42,1214.87,1216.32,1217.76,1219.2,1220.64,1222.08,1223.51,1224.94,1226.37,1227.8,1229.22,1230.64,1232.05,1233.47,1234.87,1236.28,1237.69
4052.54,5404.71,7251.74,4931.96,3277.53,2552.98,2166.59,1929.06,1769.02,1654.29,1568.31,1501.74,1448.87,1406.07,1370.85,1341.52,1316.83,1295.87,1277.95,1262.55,1249.25,1237.71,1227.69,1218.95,1211.33,1204.68,1198.87,1193.81,1189.39,1185.56,1182.24,1179.38,1176.93,1174.84,1173.09,1171.63,1170.44,1169.49,1168.76,1168.23,1167.89,1167.7,1167.67,1167.78,1168,1168.35,1168.79,1169.33,1169.96,1170.67,1171.45,1172.29,1173.2,1174.16,1175.17,1176.22,1177.32,1178.46,1179.63,1180.84,1182.07,1183.32,1184.61,1185.91,1187.23,1188.57,1189.92,1191.29,1192.66,1194.05,1195.45,1196.86,1198.27,1199.69,1201.11,1202.54,1203.97,1205.41,1206.84,1208.28,1209.72,1211.15,1212.59,1214.03,1215.46,1216.9,1218.33,1219.76,1221.19,1222.61,1224.04,1225.46,1226.88,1228.29,1229.71,1231.12,1232.52,1233.93,1235.33,1236.73,1238.12
3952.39,5143.75,6874.36,5161.16,3422.48,2636.76,2220.89,1967.49,1797.96,1677.06,1586.84,1517.21,1462.05,1417.48,1380.87,1350.41,1324.79,1303.06,1284.49,1268.54,1254.76,1242.81,1232.42,1223.36,1215.45,1208.55,1202.51,1197.24,1192.64,1188.63,1185.16,1182.16,1179.57,1177.37,1175.5,1173.94,1172.65,1171.61,1170.8,1170.19,1169.77,1169.52,1169.42,1169.47,1169.64,1169.92,1170.32,1170.81,1171.39,1172.05,1172.79,1173.6,1174.46,1175.39,1176.36,1177.39,1178.45,1179.56,1180.7,1181.88,1183.08,1184.31,1185.57,1186.85,1188.15,1189.46,1190.79,1192.14,1193.5,1194.87,1196.25,1197.64,1199.03,1200.43,1201.84,1203.25,1204.67,1206.09,1207.51,1208.93,1210.36,1211.78,1213.21,1214.63,1216.05,1217.48,1218.9,1220.32,1221.73,1223.15,1224.56,1225.97,1227.38,1228.79,1230.19,1231.59,1232.99,1234.39,1235.78,1237.17,1238.56
3861.38,4921.29,6500.93,5343.12,3568.43,2722.89,2276.69,2006.85,1827.49,1700.24,1605.66,1532.88,1475.38,1429,1390.97,1359.36,1332.8,1310.29,1291.07,1274.55,1260.29,1247.92,1237.16,1227.78,1219.59,1212.42,1206.15,1200.67,1195.89,1191.71,1188.08,1184.93,1182.22,1179.89,1177.91,1176.24,1174.86,1173.73,1172.84,1172.15,1171.66,1171.34,1171.17,1171.16,1171.27,1171.5,1171.84,1172.29,1172.82,1173.44,1174.13,1174.9,1175.73,1176.61,1177.56,1178.55,1179.58,1180.66,1181.77,1182.92,1184.1,1185.3,1186.53,1187.79,1189.06,1190.36,1191.67,1192.99,1194.33,1195.68,1197.04,1198.41,1199.79,1201.18,1202.57,1203.96,1205.36,1206.77,1208.18,1209.58,1210.99,1212.41,1213.82,1215.23,1216.64,1218.05,1219.46,1220.87,1222.28,1223.68,1225.09,1226.49,1227.89,1229.28,1230.68,1232.07,1233.46,1234.85,1236.23,1237.61,1238.99
3778.24,4729.06,6154.52,5466.86,3712.45,2810.84,2333.85,2047.08,1857.59,1723.8,1624.74,1548.75,1488.85,1440.63,1401.15,1368.38,1340.87,1317.56,1297.67,1280.59,1265.83,1253.04,1241.91,1232.21,1223.72,1216.3,1209.8,1204.11,1199.14,1194.79,1191,1187.71,1184.86,1182.41,1180.32,1178.55,1177.07,1175.85,1174.87,1174.11,1173.54,1173.15,1172.92,1172.84,1172.9,1173.07,1173.37,1173.76,1174.25,1174.82,1175.47,1176.2,1176.99,1177.84,1178.75,1179.7,1180.71,1181.75,1182.84,1183.96,1185.11,1186.29,1187.49,1188.72,1189.97,1191.25,1192.54,1193.84,1195.16,1196.49,1197.83,1199.19,1200.55,1201.92,1203.29,1204.67,1206.06,1207.45,1208.84,1210.23,1211.63,1213.03,1214.43,1215.83,1217.23,1218.63,1220.03,1221.42,1222.82,1224.22,1225.61,1227,1228.39,1229.78,1231.16,1232.55,1233.93,1235.3,1236.68,1238.06,1239.43
3701.9,4561.03,5842.67,5528.72,3851.09,2899.95,2392.18,2088.12,1888.23,1747.73,1644.08,1564.8,1502.46,1452.36,1411.41,1377.45,1348.98,1324.87,1304.31,1286.65,1271.4,1258.18,1246.68,1236.64,1227.87,1220.19,1213.45,1207.55,1202.39,1197.87,1193.92,1190.49,1187.51,1184.94,1182.73,1180.86,1179.28,1177.97,1176.91,1176.06,1175.42,1174.96,1174.67,1174.53,1174.52,1174.65,1174.88,1175.23,1175.67,1176.2,1176.81,1177.5,1178.25,1179.06,1179.93,1180.86,1181.83,1182.85,1183.9,1184.99,1186.12,1187.27,1188.45,1189.66,1190.89,1192.14,1193.4,1194.69,1195.99,1197.3,1198.62,1199.96,1201.3,1202.65,1204.01,1205.38,1206.75,1208.12,1209.5,1210.88,1212.27,1213.65,1215.04,1216.43,1217.81,1219.2,1220.59,1221.98,1223.36,1224.75,1226.13,1227.51,1228.89,1230.27,1231.65,1233.02,1234.39,1235.76,1237.13,1238.5,1239.86
3631.51,4412.69,5565.5,5532.63,3980.64,2989.41,2451.47,2129.88,1919.37,1772.01,1663.67,1581.03,1516.2,1464.2,1421.75,1386.59,1357.14,1332.22,1310.97,1292.73,1276.99,1263.34,1251.46,1241.09,1232.02,1224.08,1217.11,1211,1205.64,1200.95,1196.84,1193.26,1190.15,1187.46,1185.14,1183.16,1181.48,1180.09,1178.94,1178.02,1177.3,1176.77,1176.41,1176.21,1176.15,1176.21,1176.4,1176.7,1177.09,1177.58,1178.15,1178.79,1179.5,1180.28,1181.12,1182.01,1182.95,1183.94,1184.96,1186.02,1187.12,1188.25,1189.41,1190.59,1191.8,1193.02,1194.27,1195.53,1196.81,1198.11,1199.41,1200.73,1202.06,1203.39,1204.73,1206.08,1207.44,1208.8,1210.16,1211.53,1212.9,1214.27,1215.65,1217.02,1218.4,1219.78,1221.15,1222.53,1223.9,1225.28,1226.65,1228.02,1229.39,1230.76,1232.13,1233.49,1234.86,1236.22,1237.58,1238.94,1240.29
3566.34,4280.6,5320.15,5488.02,4097.4,3078.27,2511.44,2172.27,1950.97,1796.62,1683.49,1597.44,1530.07,1476.13,1432.15,1395.78,1365.33,1339.6,1317.66,1298.83,1282.59,1268.5,1256.24,1245.54,1236.18,1227.97,1220.77,1214.44,1208.9,1204.03,1199.76,1196.04,1192.79,1189.98,1187.55,1185.46,1183.69,1182.2,1180.97,1179.96,1179.17,1178.58,1178.15,1177.89,1177.77,1177.78,1177.92,1178.16,1178.51,1178.95,1179.48,1180.08,1180.76,1181.5,1182.3,1183.16,1184.07,1185.02,1186.02,1187.06,1188.13,1189.23,1190.36,1191.52,1192.7,1193.91,1195.13,1196.38,1197.64,1198.91,1200.2,1201.5,1202.81,1204.13,1205.45,1206.79,1208.13,1209.47,1210.82,1212.18,1213.53,1214.89,1216.26,1217.62,1218.98,1220.35,1221.71,1223.08,1224.44,1225.8,1227.17,1228.53,1229.89,1231.25,1232.61,1233.97,1235.32,1236.67,1238.03,1239.38,1240.72
3505.79,4162.09,5102.83,5406.79,4198.07,3165.47,2571.79,2215.17,1982.97,1821.52,1703.53,1614,1544.05,1488.14,1442.63,1405.03,1373.58,1347.01,1324.37,1304.96,1288.2,1273.68,1261.04,1250,1240.34,1231.87,1224.43,1217.89,1212.15,1207.11,1202.69,1198.81,1195.43,1192.49,1189.95,1187.76,1185.89,1184.31,1182.99,1181.91,1181.05,1180.38,1179.89,1179.56,1179.39,1179.34,1179.43,1179.63,1179.93,1180.32,1180.81,1181.37,1182.01,1182.72,1183.48,1184.31,1185.19,1186.11,1187.08,1188.08,1189.13,1190.21,1191.31,1192.45,1193.61,1194.79,1196,1197.22,1198.46,1199.71,1200.98,1202.27,1203.56,1204.86,1206.17,1207.49,1208.81,1210.15,1211.48,1212.82,1214.17,1215.51,1216.86,1218.21,1219.56,1220.92,1222.27,1223.62,1224.98,1226.33,1227.69,1229.04,1230.39,1231.74,1233.09,1234.44,1235.78,1237.13,1238.47,1239.81,1241.16
3449.35,4055.06,4909.76,5300.65,4280.11,3249.87,2632.16,2258.45,2015.33,1846.68,1723.77,1630.71,1558.15,1500.24,1453.17,1414.32,1381.85,1354.45,1331.11,1311.1,1293.83,1278.87,1265.84,1254.47,1244.51,1235.77,1228.09,1221.34,1215.41,1210.19,1205.61,1201.59,1198.07,1195.01,1192.35,1190.06,1188.09,1186.42,1185.02,1183.86,1182.92,1182.18,1181.62,1181.24,1181,1180.91,1180.94,1181.09,1181.34,1181.69,1182.14,1182.66,1183.26,1183.93,1184.66,1185.45,1186.3,1187.19,1188.13,1189.11,1190.13,1191.18,1192.26,1193.37,1194.51,1195.67,1196.86,1198.06,1199.28,1200.52,1201.77,1203.03,1204.31,1205.59,1206.89,1208.19,1209.5,1210.82,1212.14,1213.46,1214.8,1216.13,1217.47,1218.8,1220.14,1221.49,1222.83,1224.17,1225.52,1226.86,1228.2,1229.54,1230.89,1232.23,1233.57,1234.91,1236.24,1237.58,1238.92,1240.25,1241.58
3396.58,3957.83,4737.52,5179.58,4342.01,3330.27,2692.16,2301.97,2047.96,1872.09,1744.18,1647.55,1572.35,1512.42,1463.77,1423.66,1390.17,1361.91,1337.87,1317.26,1299.48,1284.07,1270.66,1258.94,1248.68,1239.67,1231.76,1224.79,1218.66,1213.27,1208.53,1204.36,1200.71,1197.53,1194.75,1192.35,1190.29,1188.53,1187.04,1185.8,1184.79,1183.98,1183.36,1182.91,1182.61,1182.46,1182.44,1182.54,1182.75,1183.06,1183.46,1183.95,1184.51,1185.14,1185.84,1186.6,1187.41,1188.27,1189.18,1190.14,1191.13,1192.15,1193.21,1194.3,1195.41,1196.55,1197.72,1198.9,1200.1,1201.32,1202.55,1203.79,1205.05,1206.32,1207.6,1208.89,1210.18,1211.49,1212.79,1214.11,1215.42,1216.74,1218.07,1219.39,1220.72,1222.05,1223.39,1224.72,1226.05,1227.38,1228.72,1230.05,1231.38,1232.71,1234.05,1235.38,1236.71,1238.03,1239.36,1240.69,1242.01
3347.11,3869.03,4583.15,5051.24,4383.42,3405.49,2751.36,2345.56,2080.8,1897.68,1764.75,1664.52,1586.64,1524.67,1474.43,1433.04,1398.52,1369.41,1344.65,1323.43,1305.13,1289.28,1275.47,1263.42,1252.85,1243.58,1235.42,1228.24,1221.92,1216.35,1211.44,1207.13,1203.35,1200.04,1197.15,1194.65,1192.48,1190.63,1189.06,1187.74,1186.65,1185.77,1185.09,1184.58,1184.22,1184.02,1183.95,1184,1184.16,1184.42,1184.78,1185.23,1185.75,1186.35,1187.01,1187.74,1188.52,1189.35,1190.23,1191.16,1192.12,1193.12,1194.16,1195.22,1196.31,1197.43,1198.57,1199.73,1200.91,1202.11,1203.33,1204.56,1205.8,1207.05,1208.31,1209.59,1210.87,1212.15,1213.45,1214.75,1216.05,1217.36,1218.67,1219.98,1221.3,1222.62,1223.94,1225.26,1226.58,1227.91,1229.23,1230.55,1231.88,1233.2,1234.52,1235.84,1237.16,1238.49,1239.8,1241.12,1242.44
3300.61,3787.54,4444.13,4921.12,4405.07,3474.46,2809.32,2389.05,2113.78,1923.44,1785.46,1681.59,1601.01,1536.99,1485.13,1442.46,1406.89,1376.92,1351.44,1329.62,1310.8,1294.49,1280.3,1267.9,1257.03,1247.49,1239.09,1231.69,1225.17,1219.43,1214.36,1209.9,1205.99,1202.55,1199.55,1196.94,1194.67,1192.73,1191.07,1189.67,1188.51,1187.57,1186.81,1186.24,1185.83,1185.57,1185.45,1185.45,1185.56,1185.79,1186.1,1186.51,1186.99,1187.56,1188.18,1188.88,1189.63,1190.43,1191.28,1192.18,1193.12,1194.09,1195.1,1196.14,1197.21,1198.31,1199.43,1200.57,1201.73,1202.91,1204.11,1205.32,1206.54,1207.78,1209.02,1210.28,1211.55,1212.82,1214.1,1215.38,1216.68,1217.97,1219.27,1220.57,1221.88,1223.19,1224.49,1225.81,1227.12,1228.43,1229.74,1231.06,1232.37,1233.68,1235,1236.31,1237.62,1238.94,1240.25,1241.56,1242.87
3256.81,3712.45,4318.34,4792.87,4408.59,3536.21,2865.56,2432.24,2146.8,1949.3,1806.28,1698.76,1615.46,1549.37,1495.89,1451.92,1415.3,1384.46,1358.26,1335.82,1316.48,1299.72,1285.13,1272.38,1261.21,1251.4,1242.76,1235.14,1228.43,1222.5,1217.28,1212.67,1208.62,1205.06,1201.94,1199.22,1196.86,1194.83,1193.08,1191.61,1190.37,1189.35,1188.54,1187.9,1187.44,1187.12,1186.95,1186.9,1186.97,1187.14,1187.42,1187.78,1188.23,1188.76,1189.35,1190.01,1190.73,1191.5,1192.33,1193.2,1194.11,1195.06,1196.04,1197.06,1198.11,1199.18,1200.28,1201.4,1202.54,1203.7,1204.88,1206.07,1207.28,1208.5,1209.73,1210.97,1212.23,1213.48,1214.75,1216.02,1217.3,1218.58,1219.87,1221.16,1222.45,1223.75,1225.05,1226.35,1227.65,1228.95,1230.26,1231.56,1232.86,1234.17,1235.47,1236.78,1238.08,1239.39,1240.69,1241.99,1243.29
3215.45,3642.99,4204.01,4668.79,4396.2,3590,2919.61,2474.94,2179.77,1975.23,1827.18,1716,1629.98,1561.79,1506.68,1461.41,1423.73,1392.02,1365.09,1342.03,1322.16,1304.95,1289.96,1276.87,1265.39,1255.31,1246.43,1238.59,1231.68,1225.58,1220.19,1215.44,1211.25,1207.56,1204.33,1201.51,1199.05,1196.92,1195.09,1193.54,1192.23,1191.14,1190.26,1189.56,1189.04,1188.67,1188.44,1188.34,1188.37,1188.5,1188.73,1189.06,1189.47,1189.96,1190.52,1191.15,1191.83,1192.58,1193.37,1194.21,1195.1,1196.02,1196.98,1197.97,1199,1200.05,1201.13,1202.23,1203.35,1204.5,1205.66,1206.83,1208.02,1209.23,1210.44,1211.67,1212.9,1214.15,1215.4,1216.66,1217.92,1219.19,1220.47,1221.75,1223.03,1224.31,1225.6,1226.89,1228.18,1229.47,1230.77,1232.06,1233.36,1234.65,1235.95,1237.24,1238.54,1239.83,1241.13,1242.42,1243.72
3176.33,3578.5,4099.64,4550.21,4370.43,3635.31,2971.02,2516.93,2212.59,2001.18,1848.14,1733.3,1644.54,1574.26,1517.5,1470.92,1432.18,1399.59,1371.93,1348.25,1327.85,1310.18,1294.8,1281.36,1269.58,1259.22,1250.09,1242.04,1234.93,1228.65,1223.1,1218.2,1213.88,1210.07,1206.72,1203.79,1201.23,1199.02,1197.1,1195.47,1194.08,1192.92,1191.98,1191.22,1190.64,1190.21,1189.93,1189.79,1189.76,1189.85,1190.04,1190.33,1190.7,1191.16,1191.68,1192.28,1192.93,1193.65,1194.41,1195.22,1196.08,1196.98,1197.92,1198.89,1199.89,1200.92,1201.98,1203.06,1204.16,1205.29,1206.43,1207.59,1208.76,1209.95,1211.15,1212.36,1213.58,1214.81,1216.05,1217.29,1218.54,1219.8,1221.06,1222.33,1223.6,1224.87,1226.15,1227.43,1228.71,1229.99,1231.28,1232.56,1233.85,1235.13,1236.42,1237.71,1238.99,1240.28,1241.57,1242.86,1244.14
3139.25,3518.43,4003.98,4437.77,4333.86,3671.88,3019.37,2557.99,2245.17,2027.08,1869.12,1750.65,1659.15,1586.76,1528.36,1480.46,1440.65,1407.18,1378.78,1354.48,1333.55,1315.42,1299.64,1285.85,1273.76,1263.13,1253.76,1245.49,1238.18,1231.72,1226.01,1220.96,1216.5,1212.57,1209.11,1206.07,1203.41,1201.1,1199.11,1197.39,1195.93,1194.71,1193.69,1192.87,1192.23,1191.75,1191.42,1191.23,1191.16,1191.2,1191.35,1191.6,1191.94,1192.35,1192.84,1193.41,1194.03,1194.71,1195.45,1196.24,1197.07,1197.94,1198.85,1199.8,1200.78,1201.79,1202.82,1203.89,1204.97,1206.07,1207.2,1208.34,1209.5,1210.67,1211.85,1213.05,1214.25,1215.47,1216.69,1217.92,1219.16,1220.41,1221.66,1222.91,1224.17,1225.43,1226.7,1227.97,1229.24,1230.51,1231.78,1233.06,1234.34,1235.61,1236.89,1238.17,1239.45,1240.73,1242.01,1243.29,1244.57
3104.04,3462.33,3915.98,4331.71,4288.93,3699.73,3064.25,2597.92,2277.39,2052.9,1890.1,1768.01,1673.78,1599.29,1539.24,1490.02,1449.14,1414.78,1385.64,1360.72,1339.25,1320.67,1304.49,1290.35,1277.94,1267.04,1257.43,1248.94,1241.43,1234.79,1228.92,1223.72,1219.12,1215.06,1211.49,1208.35,1205.59,1203.19,1201.11,1199.31,1197.78,1196.48,1195.4,1194.52,1193.82,1193.29,1192.91,1192.67,1192.55,1192.55,1192.66,1192.87,1193.16,1193.54,1194,1194.53,1195.12,1195.78,1196.49,1197.24,1198.05,1198.9,1199.79,1200.71,1201.67,1202.65,1203.67,1204.71,1205.78,1206.86,1207.97,1209.09,1210.23,1211.39,1212.55,1213.73,1214.93,1216.13,1217.34,1218.56,1219.78,1221.01,1222.25,1223.49,1224.74,1225.99,1227.25,1228.5,1229.76,1231.03,1232.29,1233.56,1234.82,1236.09,1237.36,1238.63,1239.9,1241.17,1242.44,1243.72,1244.99
3070.55,3409.77,3834.73,4231.97,4237.83,3719.09,3105.34,2636.5,2309.15,2078.56,1911.04,1785.38,1688.43,1611.84,1550.13,1499.59,1457.63,1422.39,1392.51,1366.96,1344.96,1325.91,1309.33,1294.84,1282.13,1270.95,1261.09,1252.38,1244.68,1237.86,1231.82,1226.47,1221.74,1217.56,1213.87,1210.62,1207.77,1205.27,1203.1,1201.23,1199.62,1198.26,1197.11,1196.17,1195.41,1194.83,1194.39,1194.1,1193.94,1193.9,1193.96,1194.13,1194.39,1194.73,1195.16,1195.65,1196.22,1196.84,1197.52,1198.25,1199.03,1199.85,1200.72,1201.62,1202.55,1203.52,1204.51,1205.53,1206.58,1207.65,1208.73,1209.84,1210.96,1212.1,1213.25,1214.42,1215.6,1216.78,1217.98,1219.19,1220.4,1221.62,1222.84,1224.07,1225.31,1226.55,1227.79,1229.04,1230.29,1231.54,1232.8,1234.05,1235.31,1236.57,1237.83,1239.09,1240.35,1241.62,1242.88,1244.15,1245.41
3038.66,3360.41,3759.47,4138.35,4182.42,3730.4,3142.38,2673.53,2340.33,2104.01,1931.91,1802.73,1703.09,1624.4,1561.04,1509.18,1466.14,1430.01,1399.38,1373.2,1350.67,1331.15,1314.17,1299.33,1286.31,1274.85,1264.75,1255.82,1247.92,1240.92,1234.72,1229.23,1224.36,1220.05,1216.24,1212.89,1209.94,1207.35,1205.1,1203.14,1201.46,1200.03,1198.82,1197.82,1197,1196.36,1195.87,1195.53,1195.32,1195.24,1195.26,1195.39,1195.61,1195.92,1196.31,1196.77,1197.31,1197.9,1198.55,1199.25,1200.01,1200.8,1201.64,1202.52,1203.43,1204.38,1205.35,1206.35,1207.38,1208.43,1209.5,1210.59,1211.69,1212.82,1213.95,1215.1,1216.27,1217.44,1218.62,1219.81,1221.01,1222.22,1223.43,1224.65,1225.88,1227.11,1228.34,1229.57,1230.81,1232.06,1233.3,1234.55,1235.8,1237.05,1238.3,1239.55,1240.81,1242.06,1243.32,1244.57,1245.83
3008.23,3313.96,3689.54,4050.53,4124.28,3734.27,3175.17,2708.81,2370.83,2129.19,1952.67,1820.04,1717.73,1636.96,1571.95,1518.77,1474.65,1437.63,1406.25,1379.45,1356.37,1336.4,1319.01,1303.82,1290.49,1278.76,1268.41,1259.26,1251.16,1243.98,1237.62,1231.97,1226.97,1222.54,1218.61,1215.15,1212.1,1209.43,1207.09,1205.05,1203.3,1201.79,1200.52,1199.46,1198.58,1197.89,1197.35,1196.96,1196.71,1196.58,1196.56,1196.65,1196.83,1197.11,1197.46,1197.89,1198.39,1198.96,1199.58,1200.26,1200.98,1201.76,1202.57,1203.42,1204.31,1205.24,1206.19,1207.17,1208.18,1209.21,1210.26,1211.33,1212.42,1213.53,1214.65,1215.79,1216.93,1218.09,1219.26,1220.44,1221.63,1222.82,1224.02,1225.23,1226.44,1227.66,1228.88,1230.11,1231.34,1232.57,1233.81,1235.04,1236.28,1237.52,1238.77,1240.01,1241.26,1242.5,1243.75,1245,1246.25
2979.17,3270.13,3624.37,3968.15,4064.63,3731.4,3203.59,2742.17,2400.53,2154.04,1973.28,1837.29,1732.34,1649.51,1582.86,1528.35,1483.16,1445.25,1413.13,1385.69,1362.08,1341.64,1323.86,1308.31,1294.66,1282.66,1272.06,1262.69,1254.4,1247.04,1240.51,1234.72,1229.58,1225.02,1220.98,1217.41,1214.27,1211.5,1209.07,1206.96,1205.13,1203.56,1202.22,1201.09,1200.16,1199.41,1198.82,1198.39,1198.09,1197.91,1197.85,1197.9,1198.05,1198.29,1198.61,1199.01,1199.48,1200.01,1200.61,1201.25,1201.96,1202.7,1203.49,1204.33,1205.19,1206.09,1207.03,1207.99,1208.98,1209.99,1211.02,1212.08,1213.15,1214.24,1215.35,1216.47,1217.6,1218.74,1219.9,1221.07,1222.24,1223.42,1224.61,1225.81,1227.01,1228.21,1229.43,1230.64,1231.86,1233.08,1234.31,1235.54,1236.77,1238,1239.23,1240.47,1241.71,1242.94,1244.18,1245.43,1246.67
2951.37,3228.71,3563.49,3890.85,4004.46,3722.55,3227.62,2773.44,2429.34,2178.49,1993.72,1854.46,1746.92,1662.04,1593.76,1537.94,1491.67,1452.87,1420,1391.93,1367.79,1346.88,1328.69,1312.79,1298.84,1286.56,1275.71,1266.12,1257.63,1250.09,1243.4,1237.46,1232.18,1227.5,1223.35,1219.67,1216.42,1213.57,1211.06,1208.86,1206.96,1205.32,1203.91,1202.73,1201.74,1200.93,1200.29,1199.81,1199.46,1199.24,1199.15,1199.16,1199.27,1199.47,1199.76,1200.12,1200.56,1201.06,1201.63,1202.25,1202.93,1203.65,1204.42,1205.22,1206.07,1206.95,1207.86,1208.8,1209.77,1210.77,1211.78,1212.82,1213.88,1214.95,1216.04,1217.15,1218.26,1219.4,1220.54,1221.69,1222.85,1224.02,1225.2,1226.38,1227.57,1228.77,1229.97,1231.17,1232.38,1233.59,1234.81,1236.03,1237.25,1238.47,1239.7,1240.93,1242.15,1243.39,1244.62,1245.85,1247.09
2924.76,3189.48,3506.46,3818.26,3944.52,3708.51,3247.28,2802.51,2457.14,2202.49,2013.95,1871.52,1761.45,1674.55,1604.65,1547.51,1500.17,1460.48,1426.87,1398.17,1373.49,1352.12,1333.53,1317.27,1303.01,1290.45,1279.36,1269.55,1260.86,1253.14,1246.28,1240.19,1234.78,1229.97,1225.71,1221.92,1218.58,1215.63,1213.04,1210.76,1208.79,1207.07,1205.6,1204.36,1203.31,1202.45,1201.76,1201.23,1200.84,1200.57,1200.43,1200.4,1200.48,1200.64,1200.9,1201.23,1201.64,1202.11,1202.65,1203.25,1203.89,1204.59,1205.34,1206.12,1206.94,1207.8,1208.69,1209.62,1210.57,1211.54,1212.54,1213.56,1214.6,1215.66,1216.73,1217.82,1218.93,1220.04,1221.17,1222.31,1223.46,1224.62,1225.78,1226.95,1228.13,1229.32,1230.51,1231.7,1232.9,1234.1,1235.31,1236.52,1237.73,1238.95,1240.16,1241.38,1242.6,1243.83,1245.05,1246.28,1247.5
2899.24,3152.27,3452.92,3750.02,3885.37,3690.06,3262.69,2829.26,2483.85,2225.97,2033.92,1888.45,1775.9,1687.01,1615.51,1557.07,1508.66,1468.09,1433.74,1404.41,1379.19,1357.35,1338.36,1321.75,1307.17,1294.34,1283,1272.97,1264.08,1256.18,1249.16,1242.92,1237.38,1232.44,1228.06,1224.17,1220.73,1217.69,1215.01,1212.66,1210.61,1208.83,1207.29,1205.98,1204.88,1203.97,1203.23,1202.64,1202.21,1201.9,1201.72,1201.65,1201.69,1201.82,1202.04,1202.34,1202.72,1203.16,1203.67,1204.24,1204.86,1205.53,1206.25,1207.01,1207.82,1208.65,1209.53,1210.43,1211.36,1212.32,1213.3,1214.3,1215.32,1216.37,1217.42,1218.5,1219.59,1220.69,1221.81,1222.93,1224.07,1225.21,1226.37,1227.53,1228.69,1229.87,1231.05,1232.23,1233.42,1234.61,1235.81,1237.01,1238.21,1239.42,1240.63,1241.84,1243.05,1244.26,1245.48,1246.7,1247.92
2874.75,3116.9,3402.54,3685.81,3827.41,3667.93,3274,2853.61,2509.37,2248.87,2053.6,1905.23,1790.27,1699.43,1626.34,1566.62,1517.14,1475.68,1440.59,1410.64,1384.88,1362.58,1343.18,1326.22,1311.33,1298.22,1286.64,1276.39,1267.3,1259.22,1252.04,1245.65,1239.97,1234.91,1230.41,1226.42,1222.88,1219.74,1216.98,1214.55,1212.43,1210.58,1208.98,1207.61,1206.45,1205.48,1204.69,1204.06,1203.57,1203.22,1203,1202.89,1202.89,1202.99,1203.17,1203.44,1203.79,1204.21,1204.69,1205.23,1205.82,1206.47,1207.17,1207.91,1208.69,1209.5,1210.35,1211.24,1212.15,1213.09,1214.05,1215.04,1216.04,1217.07,1218.11,1219.17,1220.25,1221.34,1222.44,1223.55,1224.67,1225.81,1226.95,1228.1,1229.25,1230.42,1231.58,1232.76,1233.94,1235.12,1236.31,1237.5,1238.69,1239.89,1241.09,1242.29,1243.49,1244.7,1245.91,1247.12,1248.33
2851.22,3083.24,3355.03,3625.3,3770.92,3642.78,3281.43,2875.51,2533.63,2271.14,2072.96,1921.84,1804.54,1711.78,1637.14,1576.13,1525.6,1483.27,1447.44,1416.86,1390.56,1367.8,1348,1330.68,1315.48,1302.1,1290.27,1279.8,1270.51,1262.25,1254.91,1248.37,1242.55,1237.37,1232.76,1228.66,1225.02,1221.8,1218.95,1216.44,1214.24,1212.32,1210.66,1209.23,1208.01,1206.99,1206.14,1205.46,1204.94,1204.55,1204.28,1204.14,1204.1,1204.16,1204.31,1204.55,1204.86,1205.25,1205.7,1206.21,1206.79,1207.41,1208.08,1208.8,1209.55,1210.35,1211.18,1212.04,1212.94,1213.86,1214.8,1215.77,1216.76,1217.77,1218.8,1219.85,1220.91,1221.98,1223.07,1224.17,1225.28,1226.4,1227.53,1228.67,1229.81,1230.96,1232.12,1233.28,1234.45,1235.63,1236.8,1237.98,1239.17,1240.36,1241.55,1242.74,1243.94,1245.14,1246.34,1247.54,1248.75
2828.59,3051.16,3310.16,3568.21,3716.11,3615.24,3285.23,2894.95,2556.56,2292.73,2091.95,1938.24,1818.7,1724.07,1647.89,1585.62,1534.04,1490.83,1454.27,1423.06,1396.23,1373.01,1352.81,1335.14,1319.63,1305.97,1293.9,1283.21,1273.72,1265.28,1257.78,1251.09,1245.13,1239.83,1235.1,1230.9,1227.16,1223.84,1220.91,1218.32,1216.05,1214.06,1212.33,1210.84,1209.57,1208.49,1207.6,1206.87,1206.3,1205.86,1205.56,1205.37,1205.3,1205.32,1205.44,1205.65,1205.93,1206.29,1206.71,1207.2,1207.74,1208.34,1208.99,1209.68,1210.42,1211.19,1212.01,1212.85,1213.72,1214.62,1215.55,1216.51,1217.48,1218.47,1219.49,1220.52,1221.56,1222.63,1223.7,1224.79,1225.88,1226.99,1228.11,1229.23,1230.37,1231.51,1232.66,1233.81,1234.97,1236.13,1237.3,1238.47,1239.65,1240.83,1242.01,1243.19,1244.38,1245.57,1246.77,1247.96,1249.16
2806.8,3020.54,3267.69,3514.28,3663.07,3585.85,3285.68,2911.92,2578.1,2313.57,2110.55,1954.43,1832.73,1736.28,1658.58,1595.07,1542.46,1498.38,1461.09,1429.26,1401.89,1378.21,1357.61,1339.59,1323.77,1309.83,1297.52,1286.61,1276.92,1268.3,1260.64,1253.8,1247.71,1242.28,1237.44,1233.13,1229.29,1225.89,1222.87,1220.2,1217.86,1215.8,1214.01,1212.45,1211.12,1209.99,1209.05,1208.27,1207.65,1207.18,1206.83,1206.61,1206.49,1206.48,1206.57,1206.74,1207,1207.32,1207.72,1208.18,1208.7,1209.28,1209.9,1210.57,1211.28,1212.04,1212.83,1213.65,1214.51,1215.39,1216.3,1217.24,1218.2,1219.17,1220.17,1221.19,1222.22,1223.27,1224.33,1225.4,1226.49,1227.58,1228.69,1229.8,1230.92,1232.05,1233.19,1234.33,1235.48,1236.63,1237.79,1238.96,1240.12,1241.29,1242.47,1243.65,1244.83,1246.01,1247.19,1248.38,1249.57
2785.82,2991.27,3227.42,3463.26,3611.89,3555.07,3283.06,2926.46,2598.21,2333.64,2128.72,1970.37,1846.61,1748.39,1669.22,1604.48,1550.84,1505.91,1467.89,1435.44,1407.54,1383.4,1362.4,1344.03,1327.9,1313.69,1301.13,1290,1280.11,1271.32,1263.49,1256.51,1250.28,1244.72,1239.77,1235.35,1231.42,1227.92,1224.82,1222.08,1219.66,1217.53,1215.67,1214.06,1212.67,1211.49,1210.5,1209.67,1209.01,1208.49,1208.1,1207.84,1207.69,1207.64,1207.7,1207.84,1208.06,1208.36,1208.73,1209.16,1209.66,1210.21,1210.81,1211.45,1212.15,1212.88,1213.65,1214.45,1215.29,1216.16,1217.05,1217.97,1218.91,1219.87,1220.85,1221.86,1222.87,1223.91,1224.95,1226.01,1227.09,1228.17,1229.26,1230.37,1231.48,1232.6,1233.72,1234.85,1235.99,1237.14,1238.29,1239.44,1240.6,1241.76,1242.93,1244.1,1245.27,1246.44,1247.62,1248.8,1249.98
2765.58,2963.27,3189.19,3414.93,3562.57,3523.32,3277.67,2938.61,2616.84,2352.88,2146.42,1986.04,1860.33,1760.41,1679.8,1613.84,1559.2,1513.41,1474.67,1441.61,1413.18,1388.58,1367.18,1348.46,1332.02,1317.54,1304.73,1293.38,1283.3,1274.33,1266.34,1259.21,1252.84,1247.17,1242.1,1237.57,1233.54,1229.96,1226.77,1223.95,1221.45,1219.26,1217.34,1215.67,1214.22,1212.99,1211.94,1211.07,1210.36,1209.8,1209.37,1209.07,1208.88,1208.8,1208.82,1208.93,1209.12,1209.39,1209.73,1210.14,1210.61,1211.13,1211.71,1212.34,1213.01,1213.72,1214.47,1215.25,1216.07,1216.92,1217.79,1218.7,1219.62,1220.57,1221.54,1222.52,1223.53,1224.54,1225.58,1226.63,1227.69,1228.76,1229.84,1230.93,1232.03,1233.14,1234.25,1235.38,1236.5,1237.64,1238.78,1239.92,1241.07,1242.23,1243.38,1244.54,1245.71,1246.88,1248.05,1249.22,1250.39
2746.05,2936.44,3152.83,3369.1,3515.11,3490.92,3269.81,2948.47,2633.98,2371.25,2163.64,2001.43,1873.88,1772.31,1690.29,1623.15,1567.51,1520.88,1481.42,1447.75,1418.8,1393.75,1371.95,1352.88,1336.14,1321.38,1308.33,1296.76,1286.48,1277.33,1269.18,1261.9,1255.4,1249.6,1244.42,1239.79,1235.66,1231.99,1228.72,1225.81,1223.25,1220.99,1219,1217.27,1215.77,1214.48,1213.38,1212.46,1211.71,1211.1,1210.63,1210.29,1210.07,1209.95,1209.94,1210.02,1210.18,1210.42,1210.73,1211.11,1211.56,1212.06,1212.61,1213.21,1213.86,1214.55,1215.28,1216.05,1216.85,1217.68,1218.54,1219.42,1220.33,1221.26,1222.21,1223.19,1224.18,1225.18,1226.2,1227.24,1228.28,1229.34,1230.41,1231.49,1232.58,1233.68,1234.78,1235.9,1237.02,1238.14,1239.27,1240.41,1241.55,1242.69,1243.84,1244.99,1246.15,1247.31,1248.47,1249.64,1250.8
2727.18,2910.71,3118.2,3325.56,3469.48,3458.19,3259.78,2956.1,2649.61,2388.73,2180.33,2016.5,1887.24,1784.1,1700.71,1632.41,1575.78,1528.32,1488.16,1453.88,1424.41,1398.9,1376.7,1357.29,1340.24,1325.21,1311.92,1300.13,1289.66,1280.33,1272.01,1264.59,1257.96,1252.03,1246.73,1242,1237.78,1234.01,1230.66,1227.68,1225.04,1222.71,1220.66,1218.86,1217.31,1215.96,1214.82,1213.85,1213.05,1212.4,1211.89,1211.51,1211.26,1211.11,1211.06,1211.1,1211.23,1211.45,1211.73,1212.09,1212.5,1212.98,1213.51,1214.09,1214.72,1215.39,1216.1,1216.84,1217.62,1218.44,1219.28,1220.15,1221.04,1221.96,1222.89,1223.85,1224.82,1225.82,1226.82,1227.85,1228.88,1229.93,1230.99,1232.05,1233.13,1234.22,1235.31,1236.42,1237.52,1238.64,1239.76,1240.89,1242.02,1243.15,1244.29,1245.44,1246.59,1247.74,1248.89,1250.05,1251.21
2708.95,2886.01,3085.17,3284.17,3425.64,3425.34,3247.84,2961.63,2663.74,2405.28,2196.48,2031.25,1900.39,1795.75,1711.04,1641.6,1584.01,1535.73,1494.86,1459.98,1429.99,1404.04,1381.45,1361.69,1344.33,1329.03,1315.5,1303.49,1292.82,1283.32,1274.84,1267.27,1260.5,1254.45,1249.04,1244.21,1239.89,1236.03,1232.59,1229.53,1226.82,1224.42,1222.31,1220.46,1218.84,1217.45,1216.25,1215.23,1214.39,1213.7,1213.15,1212.73,1212.44,1212.25,1212.17,1212.19,1212.29,1212.47,1212.73,1213.06,1213.45,1213.9,1214.41,1214.97,1215.57,1216.22,1216.91,1217.64,1218.4,1219.19,1220.02,1220.87,1221.75,1222.65,1223.57,1224.51,1225.47,1226.45,1227.44,1228.45,1229.48,1230.51,1231.56,1232.61,1233.68,1234.76,1235.84,1236.93,1238.03,1239.14,1240.25,1241.37,1242.49,1243.62,1244.75,1245.88,1247.02,1248.17,1249.32,1250.47,1251.62
2691.31,2862.26,3053.64,3244.75,3383.53,3392.59,3234.25,2965.17,2676.38,2420.89,2212.05,2045.65,1913.32,1807.26,1721.27,1650.73,1592.19,1543.1,1501.54,1466.07,1435.56,1409.16,1386.18,1366.08,1348.42,1332.84,1319.07,1306.85,1295.98,1286.3,1277.66,1269.94,1263.04,1256.87,1251.35,1246.41,1241.99,1238.04,1234.52,1231.39,1228.6,1226.13,1223.96,1222.05,1220.37,1218.92,1217.68,1216.62,1215.73,1214.99,1214.4,1213.95,1213.62,1213.4,1213.28,1213.27,1213.34,1213.49,1213.72,1214.02,1214.39,1214.82,1215.3,1215.84,1216.42,1217.05,1217.72,1218.43,1219.17,1219.95,1220.75,1221.59,1222.45,1223.34,1224.24,1225.17,1226.12,1227.08,1228.06,1229.06,1230.07,1231.09,1232.13,1233.17,1234.23,1235.29,1236.37,1237.45,1238.54,1239.63,1240.74,1241.84,1242.96,1244.08,1245.2,1246.33,1247.46,1248.6,1249.74,1250.88,1252.03
2674.24,2839.42,3023.48,3207.19,3343.08,3360.08,3219.26,2966.83,2687.54,2435.54,2227.03,2059.69,1926.03,1818.61,1731.4,1659.78,1600.32,1550.43,1508.19,1472.12,1441.11,1414.26,1390.89,1370.45,1352.49,1336.64,1322.63,1310.19,1299.13,1289.27,1280.48,1272.61,1265.58,1259.28,1253.65,1248.6,1244.09,1240.05,1236.45,1233.23,1230.38,1227.84,1225.6,1223.63,1221.9,1220.4,1219.1,1217.99,1217.06,1216.28,1215.66,1215.16,1214.79,1214.54,1214.39,1214.34,1214.39,1214.51,1214.71,1214.99,1215.33,1215.73,1216.19,1216.71,1217.27,1217.88,1218.53,1219.22,1219.94,1220.7,1221.49,1222.31,1223.15,1224.02,1224.92,1225.83,1226.76,1227.71,1228.68,1229.66,1230.66,1231.67,1232.7,1233.73,1234.78,1235.83,1236.89,1237.96,1239.04,1240.13,1241.22,1242.32,1243.43,1244.54,1245.65,1246.77,1247.9,1249.03,1250.16,1251.29,1252.43
2657.71,2817.43,2994.62,3171.34,3304.22,3327.94,3203.09,2966.77,2697.27,2449.22,2241.4,2073.34,1938.48,1829.81,1741.42,1668.76,1608.39,1557.72,1514.8,1478.15,1446.63,1419.34,1395.59,1374.81,1356.54,1340.43,1326.18,1313.53,1302.27,1292.24,1283.28,1275.27,1268.11,1261.69,1255.94,1250.79,1246.18,1242.05,1238.37,1235.08,1232.15,1229.55,1227.24,1225.21,1223.43,1221.87,1220.52,1219.37,1218.39,1217.57,1216.9,1216.37,1215.97,1215.68,1215.5,1215.42,1215.43,1215.53,1215.7,1215.95,1216.27,1216.65,1217.08,1217.58,1218.12,1218.7,1219.33,1220,1220.71,1221.45,1222.22,1223.03,1223.85,1224.71,1225.59,1226.49,1227.4,1228.34,1229.3,1230.27,1231.25,1232.25,1233.26,1234.29,1235.32,1236.36,1237.42,1238.48,1239.55,1240.63,1241.71,1242.8,1243.9,1245,1246.1,1247.22,1248.33,1249.45,1250.58,1251.71,1252.84
2641.68,2796.24,2966.96,3137.09,3266.9,3296.28,3185.94,2965.09,2705.59,2461.92,2255.14,2086.59,1950.68,1840.83,1751.32,1677.65,1616.39,1564.96,1521.38,1484.15,1452.13,1424.41,1400.27,1379.15,1360.59,1344.21,1329.72,1316.85,1305.4,1295.2,1286.08,1277.93,1270.63,1264.09,1258.23,1252.97,1248.27,1244.05,1240.28,1236.92,1233.91,1231.24,1228.88,1226.79,1224.95,1223.34,1221.94,1220.74,1219.72,1218.86,1218.15,1217.58,1217.14,1216.82,1216.6,1216.49,1216.47,1216.54,1216.69,1216.91,1217.2,1217.56,1217.97,1218.44,1218.96,1219.53,1220.14,1220.79,1221.48,1222.2,1222.96,1223.74,1224.55,1225.39,1226.26,1227.14,1228.05,1228.97,1229.91,1230.87,1231.84,1232.83,1233.83,1234.84,1235.86,1236.9,1237.94,1238.99,1240.05,1241.12,1242.19,1243.27,1244.36,1245.45,1246.55,1247.66,1248.77,1249.88,1251,1252.12,1253.24
2626.14,2775.79,2940.43,3104.34,3231.05,3265.17,3168,2961.94,2712.55,2473.64,2268.24,2099.43,1962.62,1851.68,1761.1,1686.46,1624.34,1572.15,1527.91,1490.12,1457.61,1429.45,1404.93,1383.48,1364.62,1347.98,1333.25,1320.17,1308.53,1298.14,1288.87,1280.57,1273.14,1266.48,1260.51,1255.15,1250.35,1246.04,1242.19,1238.75,1235.68,1232.94,1230.51,1228.36,1226.46,1224.8,1223.36,1222.11,1221.04,1220.14,1219.39,1218.78,1218.31,1217.95,1217.7,1217.56,1217.51,1217.55,1217.67,1217.87,1218.14,1218.47,1218.86,1219.31,1219.8,1220.35,1220.94,1221.57,1222.24,1222.95,1223.69,1224.45,1225.25,1226.08,1226.92,1227.79,1228.68,1229.6,1230.52,1231.47,1232.43,1233.41,1234.39,1235.39,1236.41,1237.43,1238.46,1239.5,1240.55,1241.61,1242.68,1243.75,1244.83,1245.91,1247,1248.1,1249.2,1250.3,1251.41,1252.53,1253.65
2611.06,2756.06,2914.95,3072.98,3196.58,3234.66,3149.42,2957.45,2718.21,2484.39,2280.69,2111.84,1974.27,1862.34,1770.75,1695.17,1632.21,1579.29,1534.41,1496.06,1463.06,1434.47,1409.58,1387.79,1368.63,1351.73,1336.76,1323.47,1311.64,1301.08,1291.65,1283.21,1275.65,1268.86,1262.78,1257.32,1252.42,1248.03,1244.1,1240.58,1237.43,1234.63,1232.13,1229.93,1227.98,1226.26,1224.77,1223.47,1222.36,1221.42,1220.63,1219.98,1219.47,1219.08,1218.8,1218.63,1218.55,1218.56,1218.65,1218.82,1219.07,1219.37,1219.74,1220.17,1220.64,1221.17,1221.74,1222.35,1223.01,1223.69,1224.41,1225.17,1225.95,1226.76,1227.59,1228.45,1229.32,1230.22,1231.14,1232.07,1233.02,1233.98,1234.96,1235.95,1236.95,1237.96,1238.98,1240.01,1241.05,1242.1,1243.16,1244.22,1245.29,1246.37,1247.45,1248.54,1249.63,1250.73,1251.83,1252.94,1254.05
2596.43,2737,2890.46,3042.94,3163.44,3204.81,3130.35,2951.74,2722.61,2494.18,2292.48,2123.82,1985.63,1872.8,1780.26,1703.78,1640.01,1586.37,1540.86,1501.96,1468.48,1439.47,1414.2,1392.08,1372.63,1355.47,1340.27,1326.76,1314.74,1304.01,1294.42,1285.84,1278.14,1271.24,1265.05,1259.48,1254.49,1250.01,1246,1242.4,1239.18,1236.31,1233.76,1231.49,1229.48,1227.72,1226.17,1224.83,1223.67,1222.69,1221.86,1221.18,1220.63,1220.21,1219.89,1219.69,1219.58,1219.57,1219.63,1219.78,1219.99,1220.28,1220.62,1221.03,1221.48,1221.99,1222.54,1223.13,1223.77,1224.44,1225.14,1225.88,1226.64,1227.44,1228.25,1229.1,1229.96,1230.84,1231.75,1232.67,1233.6,1234.55,1235.52,1236.5,1237.49,1238.49,1239.5,1240.52,1241.55,1242.59,1243.64,1244.69,1245.76,1246.82,1247.9,1248.98,1250.06,1251.15,1252.25,1253.35,1254.45
2582.21,2718.58,2866.89,3014.11,3131.56,3175.63,3110.92,2944.94,2725.83,2503.03,2303.6,2135.35,1996.7,1883.06,1789.63,1712.29,1647.74,1593.4,1547.27,1507.83,1473.87,1444.44,1418.8,1396.36,1376.62,1359.19,1343.76,1330.05,1317.83,1306.94,1297.19,1288.46,1280.63,1273.61,1267.31,1261.64,1256.56,1251.99,1247.89,1244.22,1240.93,1237.99,1235.37,1233.05,1230.99,1229.17,1227.58,1226.19,1224.99,1223.96,1223.09,1222.37,1221.79,1221.33,1220.99,1220.75,1220.61,1220.57,1220.61,1220.73,1220.92,1221.18,1221.5,1221.88,1222.32,1222.8,1223.33,1223.91,1224.52,1225.18,1225.87,1226.59,1227.34,1228.11,1228.92,1229.74,1230.59,1231.46,1232.35,1233.26,1234.19,1235.13,1236.08,1237.05,1238.03,1239.02,1240.02,1241.03,1242.05,1243.08,1244.12,1245.17,1246.22,1247.28,1248.34,1249.41,1250.49,1251.57,1252.66,1253.75,1254.85
2568.38,2700.75,2844.21,2986.44,3100.88,3147.16,3091.24,2937.15,2727.92,2510.95,2314.06,2146.43,2007.45,1893.11,1798.85,1720.7,1655.39,1600.36,1553.64,1513.66,1479.23,1449.39,1423.39,1400.61,1380.59,1362.9,1347.24,1333.32,1320.92,1309.85,1299.94,1291.07,1283.12,1275.98,1269.56,1263.79,1258.61,1253.96,1249.78,1246.03,1242.67,1239.67,1236.99,1234.6,1232.49,1230.62,1228.97,1227.54,1226.3,1225.23,1224.32,1223.56,1222.94,1222.45,1222.07,1221.81,1221.64,1221.57,1221.58,1221.67,1221.84,1222.08,1222.38,1222.74,1223.15,1223.62,1224.13,1224.68,1225.28,1225.92,1226.59,1227.29,1228.03,1228.79,1229.58,1230.39,1231.23,1232.08,1232.96,1233.86,1234.77,1235.7,1236.64,1237.59,1238.56,1239.54,1240.54,1241.54,1242.55,1243.57,1244.6,1245.64,1246.68,1247.73,1248.79,1249.85,1250.92,1251.99,1253.07,1254.16,1255.25
2554.95,2683.5,2822.34,2959.85,3071.34,3119.4,3071.4,2928.5,2728.95,2517.96,2323.85,2157.05,2017.89,1902.93,1807.92,1728.99,1662.95,1607.27,1559.95,1519.45,1484.56,1454.31,1427.94,1404.85,1384.54,1366.6,1350.7,1336.57,1323.99,1312.75,1302.69,1293.68,1285.59,1278.33,1271.81,1265.94,1260.66,1255.92,1251.66,1247.84,1244.41,1241.34,1238.6,1236.15,1233.98,1232.06,1230.37,1228.89,1227.6,1226.49,1225.54,1224.75,1224.09,1223.57,1223.16,1222.86,1222.67,1222.57,1222.55,1222.62,1222.76,1222.97,1223.25,1223.59,1223.98,1224.43,1224.92,1225.46,1226.04,1226.65,1227.31,1228,1228.71,1229.46,1230.24,1231.04,1231.86,1232.7,1233.57,1234.45,1235.35,1236.26,1237.2,1238.14,1239.1,1240.07,1241.05,1242.04,1243.05,1244.06,1245.08,1246.1,1247.14,1248.18,1249.23,1250.29,1251.35,1252.42,1253.49,1254.57,1255.65
2541.87,2666.78,2801.25,2934.28,3042.89,3092.35,3051.5,2919.08,2728.98,2524.09,2332.99,2167.2,2028.01,1912.54,1816.83,1737.17,1670.43,1614.1,1566.21,1525.2,1489.85,1459.2,1432.48,1409.07,1388.47,1370.28,1354.15,1339.82,1327.05,1315.64,1305.43,1296.27,1288.06,1280.68,1274.04,1268.08,1262.71,1257.88,1253.54,1249.64,1246.14,1243,1240.2,1237.7,1235.47,1233.5,1231.76,1230.23,1228.9,1227.75,1226.77,1225.93,1225.24,1224.68,1224.24,1223.91,1223.69,1223.56,1223.52,1223.56,1223.68,1223.87,1224.12,1224.44,1224.81,1225.24,1225.71,1226.23,1226.79,1227.39,1228.03,1228.7,1229.4,1230.13,1230.89,1231.68,1232.49,1233.32,1234.17,1235.04,1235.93,1236.83,1237.75,1238.69,1239.63,1240.59,1241.57,1242.55,1243.54,1244.54,1245.55,1246.57,1247.6,1248.63,1249.67,1250.72,1251.78,1252.83,1253.9,1254.97,1256.05
2529.15,2650.58,2780.89,2909.66,3015.46,3066.01,3031.59,2909,2728.08,2529.36,2341.46,2176.88,2037.8,1921.91,1825.57,1745.23,1677.82,1620.87,1572.42,1530.91,1495.11,1464.06,1436.99,1413.26,1392.39,1373.94,1357.59,1343.05,1330.1,1318.52,1308.15,1298.86,1290.52,1283.02,1276.28,1270.21,1264.75,1259.83,1255.41,1251.43,1247.86,1244.66,1241.8,1239.24,1236.96,1234.93,1233.15,1231.57,1230.2,1229.01,1227.98,1227.11,1226.39,1225.79,1225.32,1224.96,1224.71,1224.55,1224.49,1224.5,1224.6,1224.76,1224.99,1225.29,1225.64,1226.04,1226.5,1227,1227.54,1228.12,1228.75,1229.4,1230.09,1230.81,1231.55,1232.32,1233.12,1233.93,1234.77,1235.63,1236.51,1237.4,1238.31,1239.23,1240.17,1241.12,1242.08,1243.05,1244.03,1245.03,1246.03,1247.04,1248.06,1249.08,1250.12,1251.16,1252.2,1253.25,1254.31,1255.38,1256.44
2516.75,2634.87,2761.23,2885.94,2989.02,3040.38,3011.75,2898.33,2726.31,2533.81,2349.29,2186.08,2047.26,1931.05,1834.14,1753.16,1685.11,1627.57,1578.57,1536.57,1500.34,1468.9,1441.47,1417.44,1396.28,1377.59,1361.01,1346.27,1333.13,1321.39,1310.87,1301.44,1292.97,1285.35,1278.5,1272.33,1266.78,1261.78,1257.27,1253.22,1249.59,1246.32,1243.39,1240.77,1238.44,1236.37,1234.53,1232.91,1231.49,1230.26,1229.2,1228.29,1227.53,1226.9,1226.4,1226.01,1225.73,1225.54,1225.45,1225.44,1225.51,1225.65,1225.86,1226.13,1226.46,1226.85,1227.28,1227.76,1228.29,1228.86,1229.46,1230.1,1230.77,1231.47,1232.2,1232.96,1233.74,1234.55,1235.37,1236.22,1237.08,1237.96,1238.86,1239.77,1240.7,1241.64,1242.59,1243.55,1244.53,1245.51,1246.5,1247.5,1248.51,1249.53,1250.56,1251.59,1252.63,1253.67,1254.72,1255.78,1256.84
2504.68,2619.62,2742.22,2863.08,2963.5,3015.44,2992.02,2887.17,2723.74,2537.48,2356.48,2194.82,2056.37,1939.94,1842.54,1760.96,1692.31,1634.19,1584.67,1542.18,1505.52,1473.7,1445.93,1421.59,1400.16,1381.22,1364.42,1349.48,1336.16,1324.24,1313.58,1304.01,1295.41,1287.68,1280.72,1274.45,1268.8,1263.72,1259.13,1255.01,1251.3,1247.97,1244.98,1242.31,1239.92,1237.79,1235.91,1234.24,1232.78,1231.51,1230.41,1229.46,1228.67,1228.01,1227.47,1227.05,1226.74,1226.53,1226.41,1226.37,1226.42,1226.54,1226.72,1226.97,1227.28,1227.65,1228.07,1228.53,1229.04,1229.59,1230.17,1230.8,1231.45,1232.14,1232.86,1233.6,1234.37,1235.16,1235.97,1236.81,1237.66,1238.53,1239.41,1240.32,1241.23,1242.16,1243.1,1244.05,1245.02,1245.99,1246.98,1247.97,1248.97,1249.98,1251,1252.02,1253.05,1254.09,1255.13,1256.18,1257.24
2492.92,2604.82,2723.83,2841.03,2938.86,2991.18,2972.46,2875.58,2720.43,2540.38,2363.04,2203.09,2065.15,1948.59,1850.77,1768.64,1699.42,1640.74,1590.7,1547.75,1510.67,1478.47,1450.37,1425.72,1404.02,1384.83,1367.81,1352.67,1339.17,1327.09,1316.27,1306.57,1297.84,1289.99,1282.93,1276.56,1270.82,1265.65,1260.99,1256.79,1253.01,1249.61,1246.56,1243.83,1241.39,1239.21,1237.28,1235.57,1234.07,1232.75,1231.61,1230.63,1229.8,1229.11,1228.54,1228.09,1227.75,1227.51,1227.37,1227.31,1227.33,1227.42,1227.59,1227.82,1228.1,1228.45,1228.85,1229.29,1229.78,1230.31,1230.89,1231.49,1232.13,1232.81,1233.51,1234.24,1234.99,1235.77,1236.57,1237.39,1238.23,1239.09,1239.96,1240.86,1241.76,1242.68,1243.61,1244.55,1245.51,1246.47,1247.45,1248.43,1249.43,1250.43,1251.43,1252.45,1253.47,1254.5,1255.54,1256.58,1257.63
2481.45,2590.44,2706.04,2819.73,2915.07,2967.6,2953.08,2863.64,2716.44,2542.56,2368.98,2210.88,2073.58,1956.99,1858.81,1776.18,1706.42,1647.22,1596.68,1553.27,1515.78,1483.21,1454.77,1429.83,1407.85,1388.43,1371.19,1355.85,1342.17,1329.93,1318.96,1309.12,1300.27,1292.3,1285.13,1278.66,1272.83,1267.58,1262.83,1258.56,1254.71,1251.25,1248.14,1245.35,1242.86,1240.63,1238.65,1236.9,1235.35,1234,1232.82,1231.8,1230.94,1230.21,1229.61,1229.13,1228.76,1228.49,1228.32,1228.23,1228.23,1228.3,1228.45,1228.65,1228.92,1229.25,1229.63,1230.05,1230.53,1231.04,1231.6,1232.19,1232.81,1233.47,1234.16,1234.87,1235.61,1236.38,1237.17,1237.98,1238.8,1239.65,1240.51,1241.39,1242.29,1243.2,1244.12,1245.05,1246,1246.95,1247.92,1248.89,1249.88,1250.87,1251.87,1252.88,1253.9,1254.92,1255.95,1256.98,1258.02
2470.26,2576.46,2688.8,2799.16,2892.07,2944.67,2933.94,2851.41,2711.83,2544.05,2374.33,2218.21,2081.67,1965.14,1866.66,1783.58,1713.31,1653.61,1602.59,1558.74,1520.85,1487.91,1459.15,1433.91,1411.67,1392,1374.55,1359.01,1345.15,1332.75,1321.63,1311.65,1302.68,1294.6,1287.32,1280.76,1274.84,1269.49,1264.68,1260.33,1256.41,1252.89,1249.72,1246.87,1244.32,1242.05,1240.02,1238.22,1236.63,1235.23,1234.02,1232.96,1232.06,1231.3,1230.67,1230.16,1229.77,1229.47,1229.27,1229.16,1229.13,1229.18,1229.3,1229.49,1229.74,1230.04,1230.4,1230.81,1231.27,1231.76,1232.3,1232.88,1233.49,1234.13,1234.81,1235.51,1236.23,1236.99,1237.76,1238.56,1239.38,1240.21,1241.06,1241.93,1242.82,1243.71,1244.63,1245.55,1246.49,1247.43,1248.39,1249.36,1250.33,1251.32,1252.31,1253.31,1254.32,1255.33,1256.35,1257.38,1258.42
2459.34,2562.87,2672.09,2779.27,2869.84,2922.37,2915.04,2838.94,2706.65,2544.88,2379.09,2225.08,2089.41,1973.03,1874.33,1790.84,1720.1,1659.92,1608.44,1564.16,1525.87,1492.58,1463.49,1437.96,1415.46,1395.56,1377.89,1362.16,1348.12,1335.56,1324.3,1314.18,1305.09,1296.89,1289.51,1282.85,1276.83,1271.41,1266.51,1262.09,1258.11,1254.52,1251.29,1248.38,1245.78,1243.46,1241.38,1239.54,1237.9,1236.47,1235.21,1234.12,1233.19,1232.4,1231.74,1231.2,1230.77,1230.45,1230.22,1230.09,1230.03,1230.06,1230.16,1230.32,1230.55,1230.84,1231.18,1231.57,1232.01,1232.49,1233.01,1233.57,1234.16,1234.79,1235.45,1236.14,1236.85,1237.59,1238.36,1239.14,1239.94,1240.77,1241.61,1242.47,1243.34,1244.23,1245.13,1246.05,1246.97,1247.91,1248.86,1249.82,1250.78,1251.76,1252.74,1253.74,1254.74,1255.75,1256.76,1257.78,1258.81
2448.68,2549.65,2655.89,2760.03,2848.33,2900.69,2896.42,2826.29,2700.97,2545.1,2383.29,2231.49,2096.8,1980.67,1881.8,1797.96,1726.78,1666.14,1614.22,1569.53,1530.85,1497.21,1467.81,1441.99,1419.23,1399.1,1381.22,1365.3,1351.08,1338.36,1326.95,1316.7,1307.48,1299.17,1291.68,1284.93,1278.82,1273.31,1268.34,1263.85,1259.79,1256.14,1252.85,1249.89,1247.24,1244.86,1242.74,1240.85,1239.17,1237.7,1236.41,1235.28,1234.31,1233.49,1232.79,1232.22,1231.77,1231.42,1231.17,1231.01,1230.93,1230.94,1231.01,1231.16,1231.36,1231.63,1231.95,1232.32,1232.74,1233.21,1233.71,1234.26,1234.84,1235.45,1236.1,1236.77,1237.47,1238.2,1238.95,1239.72,1240.51,1241.33,1242.16,1243,1243.87,1244.74,1245.64,1246.54,1247.46,1248.39,1249.33,1250.28,1251.23,1252.2,1253.18,1254.16,1255.16,1256.16,1257.16,1258.18,1259.2
2438.28,2536.78,2640.17,2741.4,2827.51,2879.62,2878.08,2813.5,2694.81,2544.74,2386.94,2237.45,2103.85,1988.04,1889.08,1804.93,1733.35,1672.28,1619.93,1574.84,1535.79,1501.81,1472.09,1446,1422.98,1402.62,1384.53,1368.42,1354.03,1341.15,1329.59,1319.21,1309.87,1301.45,1293.85,1287,1280.81,1275.21,1270.16,1265.6,1261.48,1257.76,1254.41,1251.4,1248.69,1246.26,1244.09,1242.16,1240.44,1238.93,1237.59,1236.43,1235.43,1234.57,1233.85,1233.25,1232.77,1232.39,1232.11,1231.93,1231.83,1231.81,1231.86,1231.99,1232.17,1232.42,1232.72,1233.08,1233.48,1233.93,1234.42,1234.94,1235.51,1236.11,1236.74,1237.4,1238.09,1238.8,1239.54,1240.3,1241.08,1241.88,1242.7,1243.54,1244.39,1245.26,1246.14,1247.03,1247.94,1248.86,1249.79,1250.73,1251.68,1252.64,1253.61,1254.59,1255.58,1256.57,1257.57,1258.58,1259.59
2428.11,2524.24,2624.91,2723.36,2807.35,2859.12,2860.04,2800.61,2688.25,2543.83,2390.07,2242.98,2110.56,1995.16,1896.17,1811.76,1739.81,1678.33,1625.57,1580.09,1540.68,1506.37,1476.35,1449.97,1426.71,1406.11,1387.82,1371.52,1356.96,1343.92,1332.22,1321.71,1312.24,1303.71,1296.01,1289.06,1282.78,1277.11,1271.98,1267.34,1263.15,1259.37,1255.96,1252.89,1250.13,1247.66,1245.44,1243.46,1241.7,1240.15,1238.78,1237.58,1236.55,1235.66,1234.9,1234.27,1233.76,1233.36,1233.05,1232.84,1232.72,1232.68,1232.71,1232.81,1232.98,1233.21,1233.49,1233.83,1234.21,1234.64,1235.12,1235.63,1236.18,1236.76,1237.38,1238.03,1238.7,1239.4,1240.13,1240.87,1241.64,1242.43,1243.24,1244.07,1244.91,1245.77,1246.64,1247.53,1248.43,1249.34,1250.26,1251.19,1252.13,1253.09,1254.05,1255.02,1255.99,1256.98,1257.97,1258.97,1259.98
2418.18,2512.03,2610.09,2705.88,2787.82,2839.19,2842.31,2787.66,2681.31,2542.41,2392.68,2248.07,2116.92,2002.01,1903.06,1818.43,1746.15,1684.29,1631.15,1585.29,1545.53,1510.88,1480.57,1453.92,1430.41,1409.59,1391.09,1374.6,1359.87,1346.68,1334.84,1324.2,1314.61,1305.97,1298.17,1291.12,1284.75,1278.99,1273.79,1269.08,1264.82,1260.98,1257.51,1254.39,1251.57,1249.05,1246.78,1244.76,1242.96,1241.37,1239.96,1238.73,1237.66,1236.74,1235.95,1235.29,1234.75,1234.32,1233.99,1233.76,1233.61,1233.55,1233.56,1233.64,1233.78,1233.99,1234.26,1234.58,1234.94,1235.36,1235.81,1236.31,1236.85,1237.42,1238.02,1238.65,1239.31,1240,1240.71,1241.45,1242.21,1242.99,1243.78,1244.6,1245.43,1246.28,1247.14,1248.02,1248.91,1249.81,1250.72,1251.65,1252.58,1253.52,1254.48,1255.44,1256.41,1257.39,1258.37,1259.37,1260.37
2408.47,2500.13,2595.69,2688.93,2768.88,2819.8,2824.9,2774.68,2674.04,2540.51,2394.81,2252.73,2122.94,2008.61,1909.75,1824.96,1752.38,1690.16,1636.65,1590.43,1550.32,1515.36,1484.76,1457.84,1434.09,1413.05,1394.34,1377.67,1362.77,1349.43,1337.45,1326.67,1316.97,1308.21,1300.31,1293.17,1286.71,1280.87,1275.59,1270.81,1266.49,1262.58,1259.06,1255.87,1253.01,1250.43,1248.12,1246.06,1244.22,1242.58,1241.14,1239.87,1238.77,1237.81,1237,1236.31,1235.74,1235.28,1234.93,1234.67,1234.5,1234.41,1234.4,1234.46,1234.59,1234.78,1235.02,1235.32,1235.67,1236.07,1236.51,1236.99,1237.51,1238.07,1238.66,1239.28,1239.92,1240.6,1241.3,1242.02,1242.77,1243.54,1244.32,1245.13,1245.95,1246.79,1247.64,1248.51,1249.39,1250.28,1251.19,1252.1,1253.03,1253.96,1254.91,1255.86,1256.83,1257.8,1258.78,1259.76,1260.76
2398.97,2488.53,2581.68,2672.48,2750.52,2800.93,2807.8,2761.7,2666.48,2538.16,2396.47,2256.99,2128.64,2014.94,1916.24,1831.33,1758.48,1695.94,1642.07,1595.51,1555.07,1519.8,1488.91,1461.74,1437.74,1416.48,1397.58,1380.73,1365.66,1352.16,1340.04,1329.14,1319.31,1310.45,1302.45,1295.21,1288.67,1282.74,1277.39,1272.54,1268.15,1264.18,1260.59,1257.36,1254.44,1251.82,1249.46,1247.35,1245.47,1243.8,1242.31,1241.01,1239.87,1238.88,1238.04,1237.32,1236.73,1236.24,1235.86,1235.58,1235.38,1235.27,1235.24,1235.28,1235.39,1235.56,1235.78,1236.07,1236.4,1236.78,1237.21,1237.67,1238.18,1238.72,1239.29,1239.9,1240.53,1241.2,1241.88,1242.6,1243.33,1244.09,1244.86,1245.66,1246.47,1247.3,1248.14,1249,1249.87,1250.75,1251.65,1252.56,1253.47,1254.4,1255.34,1256.29,1257.24,1258.2,1259.18,1260.16,1261.14
2389.69,2477.21,2568.06,2656.51,2732.7,2782.58,2791.03,2748.74,2658.66,2535.4,2397.68,2260.84,2134,2021.02,1922.53,1837.54,1764.47,1701.62,1647.42,1600.53,1559.77,1524.2,1493.03,1465.6,1441.37,1419.89,1400.79,1383.76,1368.53,1354.88,1342.62,1331.59,1321.65,1312.68,1304.57,1297.24,1290.61,1284.61,1279.17,1274.25,1269.8,1265.77,1262.13,1258.84,1255.87,1253.19,1250.79,1248.64,1246.72,1245,1243.49,1242.15,1240.97,1239.95,1239.08,1238.33,1237.71,1237.2,1236.79,1236.48,1236.27,1236.13,1236.08,1236.1,1236.18,1236.34,1236.54,1236.81,1237.13,1237.49,1237.9,1238.35,1238.84,1239.37,1239.93,1240.52,1241.14,1241.79,1242.47,1243.17,1243.89,1244.64,1245.4,1246.18,1246.99,1247.8,1248.64,1249.49,1250.35,1251.22,1252.11,1253.01,1253.92,1254.84,1255.77,1256.71,1257.65,1258.61,1259.58,1260.55,1261.53
2380.6,2466.17,2554.8,2641.01,2715.41,2764.72,2774.58,2735.83,2650.62,2532.25,2398.47,2264.3,2139.03,2026.83,1928.61,1843.6,1770.33,1707.2,1652.7,1605.48,1564.42,1528.56,1497.12,1469.43,1444.97,1423.28,1403.99,1386.78,1371.39,1357.59,1345.19,1334.03,1323.97,1314.89,1306.69,1299.27,1292.55,1286.47,1280.96,1275.97,1271.45,1267.36,1263.65,1260.31,1257.29,1254.57,1252.12,1249.92,1247.96,1246.21,1244.65,1243.28,1242.07,1241.02,1240.11,1239.34,1238.69,1238.15,1237.72,1237.39,1237.15,1236.99,1236.92,1236.91,1236.98,1237.11,1237.3,1237.55,1237.85,1238.2,1238.59,1239.03,1239.5,1240.01,1240.56,1241.14,1241.75,1242.39,1243.05,1243.74,1244.45,1245.18,1245.94,1246.71,1247.5,1248.31,1249.13,1249.97,1250.83,1251.69,1252.57,1253.46,1254.36,1255.27,1256.2,1257.13,1258.07,1259.02,1259.97,1260.94,1261.91
2371.71,2455.39,2541.89,2625.94,2698.61,2747.33,2758.45,2722.99,2642.39,2528.74,2398.85,2267.39,2143.75,2032.39,1934.5,1849.5,1776.07,1712.69,1657.9,1610.38,1569.02,1532.88,1501.17,1473.24,1448.55,1426.65,1407.17,1389.78,1374.23,1360.28,1347.75,1336.46,1326.29,1317.1,1308.8,1301.28,1294.48,1288.32,1282.73,1277.67,1273.09,1268.93,1265.18,1261.78,1258.71,1255.94,1253.44,1251.2,1249.2,1247.41,1245.82,1244.41,1243.17,1242.09,1241.15,1240.34,1239.66,1239.1,1238.64,1238.29,1238.02,1237.85,1237.75,1237.73,1237.77,1237.89,1238.06,1238.29,1238.57,1238.9,1239.28,1239.7,1240.16,1240.66,1241.19,1241.76,1242.35,1242.98,1243.63,1244.31,1245.01,1245.73,1246.47,1247.24,1248.02,1248.81,1249.63,1250.46,1251.3,1252.16,1253.03,1253.91,1254.8,1255.71,1256.62,1257.55,1258.48,1259.42,1260.37,1261.33,1262.3
2363.01,2444.87,2529.32,2611.29,2682.29,2730.4,2742.64,2710.23,2634,2524.91,2398.85,2270.1,2148.15,2037.7,1940.18,1855.24,1781.69,1718.09,1663.02,1615.21,1573.56,1537.15,1505.18,1477.01,1452.1,1430,1410.32,1392.76,1377.05,1362.96,1350.29,1338.88,1328.59,1319.3,1310.9,1303.29,1296.4,1290.16,1284.5,1279.37,1274.72,1270.51,1266.69,1263.24,1260.12,1257.3,1254.76,1252.48,1250.43,1248.6,1246.98,1245.53,1244.26,1243.15,1242.18,1241.34,1240.64,1240.05,1239.57,1239.19,1238.9,1238.7,1238.58,1238.54,1238.57,1238.66,1238.81,1239.03,1239.29,1239.61,1239.97,1240.37,1240.82,1241.3,1241.82,1242.37,1242.96,1243.57,1244.21,1244.87,1245.56,1246.27,1247.01,1247.76,1248.53,1249.32,1250.12,1250.94,1251.78,1252.63,1253.49,1254.36,1255.25,1256.14,1257.05,1257.96,1258.89,1259.83,1260.77,1261.72,1262.68
2354.48,2434.59,2517.07,2597.05,2666.43,2713.91,2727.15,2697.57,2625.46,2520.78,2398.48,2272.47,2152.24,2042.75,1945.67,1860.83,1787.18,1723.38,1668.06,1619.98,1578.06,1541.37,1509.15,1480.75,1455.62,1433.32,1413.46,1395.73,1379.86,1365.62,1352.82,1341.29,1330.88,1321.49,1312.99,1305.29,1298.32,1292,1286.26,1281.07,1276.35,1272.08,1268.2,1264.7,1261.52,1258.66,1256.08,1253.75,1251.66,1249.8,1248.13,1246.65,1245.35,1244.2,1243.2,1242.34,1241.61,1240.99,1240.49,1240.08,1239.77,1239.55,1239.41,1239.35,1239.35,1239.43,1239.57,1239.76,1240.01,1240.31,1240.65,1241.04,1241.47,1241.94,1242.45,1242.99,1243.56,1244.16,1244.78,1245.44,1246.12,1246.82,1247.54,1248.28,1249.04,1249.82,1250.61,1251.43,1252.25,1253.09,1253.94,1254.81,1255.69,1256.57,1257.47,1258.38,1259.3,1260.23,1261.16,1262.11,1263.06
2346.13,2424.54,2505.13,2583.19,2651.01,2697.85,2711.97,2685.02,2616.82,2516.37,2397.76,2274.48,2156.03,2047.55,1950.95,1866.26,1792.55,1728.57,1673.02,1624.68,1582.5,1545.56,1513.09,1484.46,1459.12,1436.62,1416.57,1398.68,1382.65,1368.27,1355.33,1343.68,1333.17,1323.66,1315.07,1307.28,1300.22,1293.82,1288.02,1282.75,1277.97,1273.64,1269.71,1266.15,1262.93,1260.01,1257.39,1255.02,1252.89,1250.99,1249.28,1247.77,1246.43,1245.26,1244.23,1243.34,1242.58,1241.93,1241.4,1240.97,1240.64,1240.4,1240.24,1240.15,1240.14,1240.2,1240.32,1240.49,1240.72,1241.01,1241.34,1241.71,1242.13,1242.58,1243.07,1243.6,1244.16,1244.74,1245.36,1246,1246.67,1247.36,1248.07,1248.8,1249.55,1250.32,1251.11,1251.91,1252.72,1253.56,1254.4,1255.26,1256.13,1257.01,1257.9,1258.8,1259.71,1260.63,1261.56,1262.5,1263.45
2337.95,2414.72,2493.48,2569.7,2636,2682.2,2697.11,2672.6,2608.09,2511.71,2396.72,2276.17,2159.53,2052.11,1956.04,1871.53,1797.79,1733.66,1677.9,1629.32,1586.88,1549.7,1516.99,1488.14,1462.58,1439.89,1419.67,1401.6,1385.43,1370.9,1357.84,1346.06,1335.44,1325.83,1317.14,1309.26,1302.12,1295.65,1289.77,1284.43,1279.59,1275.19,1271.21,1267.6,1264.32,1261.36,1258.69,1256.28,1254.11,1252.17,1250.43,1248.89,1247.51,1246.31,1245.25,1244.33,1243.54,1242.87,1242.32,1241.86,1241.51,1241.24,1241.06,1240.96,1240.93,1240.96,1241.06,1241.22,1241.44,1241.7,1242.02,1242.38,1242.78,1243.22,1243.7,1244.21,1244.76,1245.33,1245.93,1246.56,1247.22,1247.9,1248.6,1249.32,1250.06,1250.82,1251.6,1252.39,1253.2,1254.02,1254.85,1255.7,1256.56,1257.44,1258.32,1259.21,1260.12,1261.03,1261.95,1262.89,1263.83
2329.93,2405.12,2482.12,2556.56,2621.4,2666.95,2682.55,2660.3,2599.28,2506.82,2395.37,2277.55,2162.74,2056.42,1960.93,1876.64,1802.91,1738.66,1682.69,1633.89,1591.21,1553.79,1520.86,1491.78,1466.02,1443.14,1422.74,1404.51,1388.18,1373.52,1360.33,1348.43,1337.7,1327.99,1319.2,1311.24,1304.01,1297.46,1291.51,1286.11,1281.2,1276.75,1272.7,1269.04,1265.72,1262.71,1259.99,1257.54,1255.33,1253.35,1251.58,1250,1248.59,1247.35,1246.27,1245.32,1244.5,1243.81,1243.23,1242.75,1242.37,1242.09,1241.88,1241.76,1241.71,1241.73,1241.81,1241.95,1242.15,1242.4,1242.7,1243.04,1243.43,1243.86,1244.32,1244.82,1245.35,1245.92,1246.51,1247.13,1247.77,1248.44,1249.13,1249.84,1250.57,1251.32,1252.09,1252.87,1253.67,1254.48,1255.31,1256.15,1257,1257.87,1258.74,1259.63,1260.52,1261.43,1262.35,1263.27,1264.21
2322.07,2395.73,2471.03,2543.76,2607.18,2652.08,2668.28,2648.14,2590.42,2501.72,2393.73,2278.61,2165.67,2060.5,1965.62,1881.59,1807.9,1743.54,1687.41,1638.39,1595.49,1557.83,1524.68,1495.39,1469.43,1446.36,1425.79,1407.4,1390.92,1376.12,1362.8,1350.79,1339.94,1330.13,1321.25,1313.2,1305.89,1299.26,1293.24,1287.77,1282.8,1278.29,1274.19,1270.47,1267.1,1264.05,1261.29,1258.79,1256.55,1254.53,1252.72,1251.1,1249.67,1248.4,1247.28,1246.3,1245.46,1244.74,1244.14,1243.64,1243.24,1242.93,1242.7,1242.56,1242.49,1242.49,1242.55,1242.68,1242.86,1243.09,1243.38,1243.71,1244.08,1244.49,1244.94,1245.43,1245.95,1246.5,1247.08,1247.69,1248.32,1248.98,1249.65,1250.36,1251.08,1251.82,1252.57,1253.35,1254.14,1254.94,1255.76,1256.59,1257.44,1258.29,1259.16,1260.04,1260.93,1261.83,1262.74,1263.66,1264.59
2314.37,2386.54,2460.2,2531.28,2593.33,2637.58,2654.32,2636.12,2581.52,2496.44,2391.83,2279.39,2168.33,2064.34,1970.12,1886.39,1812.76,1748.33,1692.04,1642.83,1599.71,1561.83,1528.46,1498.97,1472.82,1449.56,1428.82,1410.27,1393.65,1378.71,1365.27,1353.14,1342.18,1332.27,1323.29,1315.15,1307.77,1301.06,1294.97,1289.43,1284.4,1279.83,1275.68,1271.9,1268.48,1265.38,1262.58,1260.04,1257.76,1255.7,1253.86,1252.21,1250.74,1249.44,1248.29,1247.29,1246.42,1245.67,1245.04,1244.52,1244.1,1243.76,1243.52,1243.36,1243.27,1243.25,1243.29,1243.4,1243.57,1243.78,1244.05,1244.37,1244.73,1245.12,1245.56,1246.04,1246.54,1247.08,1247.65,1248.24,1248.87,1249.51,1250.18,1250.87,1251.58,1252.31,1253.06,1253.82,1254.61,1255.4,1256.21,1257.04,1257.87,1258.72,1259.58,1260.45,1261.34,1262.23,1263.13,1264.04,1264.96
2306.81,2377.55,2449.63,2519.12,2579.84,2623.44,2640.64,2624.26,2572.61,2490.99,2389.66,2279.89,2170.73,2067.95,1974.43,1891.03,1817.49,1753.02,1696.59,1647.19,1603.87,1565.79,1532.21,1502.51,1476.17,1452.73,1431.83,1413.12,1396.36,1381.28,1367.71,1355.47,1344.41,1334.4,1325.33,1317.1,1309.63,1302.85,1296.69,1291.09,1285.99,1281.36,1277.15,1273.33,1269.86,1266.71,1263.87,1261.29,1258.96,1256.87,1254.99,1253.31,1251.81,1250.47,1249.3,1248.27,1247.37,1246.6,1245.95,1245.4,1244.95,1244.6,1244.33,1244.15,1244.04,1244,1244.03,1244.12,1244.27,1244.47,1244.73,1245.03,1245.37,1245.76,1246.18,1246.64,1247.13,1247.66,1248.22,1248.8,1249.41,1250.05,1250.7,1251.38,1252.09,1252.81,1253.54,1254.3,1255.07,1255.86,1256.66,1257.48,1258.31,1259.15,1260,1260.87,1261.74,1262.63,1263.52,1264.43,1265.34
2299.4,2368.75,2439.3,2507.25,2566.69,2609.64,2627.24,2612.54,2563.68,2485.38,2387.26,2280.12,2172.87,2071.34,1978.54,1895.51,1822.1,1757.6,1701.06,1651.49,1607.98,1569.69,1535.91,1506.02,1479.49,1455.88,1434.81,1415.96,1399.04,1383.84,1370.15,1357.79,1346.62,1336.51,1327.35,1319.04,1311.49,1304.63,1298.4,1292.73,1287.58,1282.89,1278.62,1274.75,1271.23,1268.04,1265.15,1262.53,1260.17,1258.03,1256.12,1254.4,1252.87,1251.51,1250.3,1249.24,1248.32,1247.52,1246.85,1246.28,1245.81,1245.43,1245.15,1244.94,1244.82,1244.76,1244.77,1244.84,1244.98,1245.16,1245.4,1245.68,1246.01,1246.39,1246.8,1247.24,1247.73,1248.24,1248.78,1249.36,1249.96,1250.58,1251.23,1251.9,1252.59,1253.3,1254.03,1254.78,1255.54,1256.32,1257.11,1257.92,1258.74,1259.57,1260.42,1261.28,1262.14,1263.02,1263.91,1264.81,1265.72
2292.12,2360.13,2429.2,2495.67,2553.87,2596.17,2614.13,2600.99,2554.76,2479.65,2384.64,2280.09,2174.76,2074.5,1982.47,1899.84,1826.58,1762.08,1705.44,1655.72,1612.02,1573.55,1539.57,1509.49,1482.79,1459.01,1437.77,1418.77,1401.72,1386.38,1372.57,1360.1,1348.82,1338.61,1329.36,1320.97,1313.34,1306.41,1300.1,1294.37,1289.15,1284.41,1280.09,1276.17,1272.6,1269.36,1266.43,1263.77,1261.36,1259.2,1257.24,1255.49,1253.93,1252.54,1251.3,1250.22,1249.27,1248.45,1247.74,1247.15,1246.66,1246.26,1245.96,1245.73,1245.59,1245.51,1245.51,1245.56,1245.68,1245.85,1246.07,1246.34,1246.66,1247.01,1247.41,1247.85,1248.31,1248.82,1249.35,1249.91,1250.5,1251.11,1251.75,1252.41,1253.09,1253.79,1254.51,1255.25,1256,1256.77,1257.56,1258.36,1259.17,1260,1260.84,1261.69,1262.55,1263.42,1264.3,1265.19,1266.09
2284.98,2351.69,2419.33,2484.38,2541.37,2583.03,2601.28,2589.6,2545.85,2473.79,2381.81,2279.82,2176.41,2077.45,1986.22,1904.01,1830.94,1766.45,1709.73,1659.88,1616.01,1577.35,1543.2,1512.93,1486.05,1462.1,1440.71,1421.56,1404.37,1388.91,1374.97,1362.39,1351.01,1340.71,1331.36,1322.88,1315.18,1308.17,1301.8,1296,1290.73,1285.92,1281.55,1277.57,1273.96,1270.68,1267.7,1265,1262.56,1260.35,1258.37,1256.58,1254.99,1253.56,1252.3,1251.19,1250.21,1249.37,1248.64,1248.02,1247.51,1247.09,1246.76,1246.52,1246.36,1246.26,1246.24,1246.28,1246.38,1246.53,1246.74,1246.99,1247.3,1247.64,1248.02,1248.45,1248.9,1249.39,1249.91,1250.46,1251.04,1251.64,1252.27,1252.92,1253.59,1254.28,1254.99,1255.72,1256.47,1257.23,1258.01,1258.8,1259.6,1260.42,1261.25,1262.1,1262.95,1263.81,1264.69,1265.57,1266.47
2277.97,2343.41,2409.68,2473.34,2529.17,2570.19,2588.69,2578.36,2536.97,2467.83,2378.79,2279.32,2177.83,2080.19,1989.78,1908.03,1835.17,1770.72,1713.94,1663.96,1619.95,1581.11,1546.78,1516.34,1489.28,1465.17,1443.63,1424.33,1407,1391.41,1377.36,1364.67,1353.19,1342.79,1333.36,1324.79,1317.01,1309.93,1303.49,1297.63,1292.29,1287.43,1283.01,1278.98,1275.32,1271.99,1268.97,1266.23,1263.75,1261.51,1259.48,1257.67,1256.04,1254.59,1253.3,1252.16,1251.15,1250.28,1249.53,1248.89,1248.36,1247.92,1247.57,1247.31,1247.12,1247.01,1246.97,1246.99,1247.08,1247.21,1247.41,1247.65,1247.93,1248.26,1248.64,1249.04,1249.49,1249.97,1250.47,1251.01,1251.58,1252.17,1252.79,1253.43,1254.09,1254.77,1255.47,1256.19,1256.93,1257.68,1258.45,1259.24,1260.03,1260.84,1261.67,1262.5,1263.35,1264.21,1265.08,1265.95,1266.84
2271.09,2335.31,2400.24,2462.57,2517.26,2557.66,2576.37,2567.3,2528.13,2461.79,2375.59,2278.61,2179.02,2082.72,1993.16,1911.9,1839.27,1774.89,1718.07,1667.98,1623.82,1584.82,1550.31,1519.71,1492.48,1468.21,1446.52,1427.08,1409.62,1393.91,1379.74,1366.94,1355.36,1344.86,1335.34,1326.69,1318.83,1311.68,1305.17,1299.25,1293.85,1288.93,1284.45,1280.38,1276.67,1273.29,1270.23,1267.45,1264.93,1262.65,1260.6,1258.75,1257.09,1255.61,1254.29,1253.12,1252.09,1251.19,1250.42,1249.76,1249.2,1248.74,1248.37,1248.09,1247.89,1247.76,1247.7,1247.71,1247.77,1247.9,1248.07,1248.3,1248.57,1248.89,1249.24,1249.64,1250.07,1250.54,1251.04,1251.56,1252.12,1252.7,1253.31,1253.94,1254.59,1255.26,1255.95,1256.66,1257.39,1258.14,1258.9,1259.67,1260.46,1261.27,1262.08,1262.91,1263.75,1264.6,1265.46,1266.33,1267.22
2264.33,2327.36,2391,2452.04,2505.63,2545.41,2564.3,2556.39,2519.32,2455.66,2372.23,2277.68,2180,2085.05,1996.37,1915.62,1843.25,1778.96,1722.11,1671.93,1627.63,1588.48,1553.81,1523.04,1495.66,1471.23,1449.39,1429.81,1412.22,1396.38,1382.1,1369.19,1357.51,1346.92,1337.31,1328.58,1320.65,1313.42,1306.85,1300.86,1295.4,1290.43,1285.9,1281.77,1278.01,1274.6,1271.49,1268.67,1266.11,1263.8,1261.71,1259.83,1258.14,1256.62,1255.28,1254.08,1253.03,1252.11,1251.31,1250.62,1250.04,1249.56,1249.17,1248.87,1248.65,1248.5,1248.43,1248.42,1248.47,1248.57,1248.73,1248.95,1249.21,1249.51,1249.85,1250.24,1250.66,1251.11,1251.6,1252.11,1252.66,1253.23,1253.82,1254.44,1255.09,1255.75,1256.43,1257.13,1257.85,1258.59,1259.34,1260.11,1260.89,1261.69,1262.5,1263.32,1264.15,1264.99,1265.85,1266.71,1267.59
2257.69,2319.57,2381.96,2441.75,2494.28,2533.44,2552.47,2545.65,2510.57,2449.47,2368.71,2276.56,2180.77,2087.19,1999.4,1919.2,1847.11,1782.92,1726.06,1675.81,1631.39,1592.09,1557.27,1526.33,1498.8,1474.22,1452.23,1432.52,1414.8,1398.84,1384.44,1371.43,1359.65,1348.97,1339.27,1330.46,1322.45,1315.16,1308.52,1302.46,1296.95,1291.92,1287.33,1283.16,1279.35,1275.89,1272.74,1269.88,1267.29,1264.94,1262.82,1260.9,1259.18,1257.64,1256.26,1255.04,1253.96,1253.01,1252.19,1251.48,1250.88,1250.38,1249.97,1249.65,1249.41,1249.24,1249.15,1249.12,1249.16,1249.25,1249.4,1249.59,1249.84,1250.13,1250.46,1250.83,1251.24,1251.68,1252.15,1252.66,1253.19,1253.75,1254.34,1254.95,1255.58,1256.24,1256.91,1257.6,1258.31,1259.04,1259.79,1260.55,1261.32,1262.11,1262.91,1263.72,1264.55,1265.38,1266.23,1267.09,1267.96
2251.17,2311.93,2373.11,2431.69,2483.19,2521.75,2540.88,2535.07,2501.87,2443.22,2365.05,2275.25,2181.35,2089.13,2002.27,1922.63,1850.84,1786.78,1729.94,1679.61,1635.08,1595.65,1560.68,1529.59,1501.9,1477.18,1455.05,1435.2,1417.36,1401.28,1386.77,1373.66,1361.78,1351.01,1341.23,1332.34,1324.25,1316.88,1310.18,1304.06,1298.48,1293.4,1288.77,1284.54,1280.69,1277.18,1273.99,1271.09,1268.46,1266.08,1263.92,1261.97,1260.22,1258.65,1257.24,1255.99,1254.89,1253.92,1253.07,1252.34,1251.72,1251.19,1250.77,1250.43,1250.17,1249.98,1249.87,1249.83,1249.85,1249.92,1250.06,1250.24,1250.47,1250.75,1251.06,1251.42,1251.82,1252.25,1252.71,1253.2,1253.73,1254.28,1254.85,1255.45,1256.08,1256.72,1257.39,1258.07,1258.77,1259.49,1260.23,1260.98,1261.75,1262.53,1263.32,1264.13,1264.94,1265.77,1266.62,1267.47,1268.33
2244.76,2304.44,2364.44,2421.85,2472.34,2510.31,2529.53,2524.66,2493.23,2436.93,2361.27,2273.76,2181.73,2090.89,2004.97,1925.91,1854.45,1790.54,1733.72,1683.35,1638.72,1599.16,1564.05,1532.82,1504.98,1480.11,1457.85,1437.87,1419.9,1403.71,1389.09,1375.87,1363.89,1353.03,1343.17,1334.2,1326.04,1318.6,1311.83,1305.65,1300.02,1294.88,1290.19,1285.92,1282.02,1278.47,1275.24,1272.3,1269.63,1267.21,1265.02,1263.04,1261.26,1259.65,1258.22,1256.95,1255.81,1254.82,1253.95,1253.19,1252.55,1252.01,1251.56,1251.2,1250.92,1250.72,1250.59,1250.53,1250.54,1250.6,1250.71,1250.88,1251.1,1251.36,1251.67,1252.01,1252.4,1252.81,1253.27,1253.75,1254.26,1254.8,1255.37,1255.96,1256.57,1257.2,1257.86,1258.54,1259.23,1259.94,1260.67,1261.41,1262.17,1262.94,1263.73,1264.53,1265.34,1266.16,1267,1267.84,1268.7
2238.46,2297.08,2355.95,2412.22,2461.75,2499.13,2518.4,2514.4,2484.66,2430.61,2357.37,2272.11,2181.92,2092.47,2007.5,1929.05,1857.94,1794.2,1737.42,1687.01,1642.3,1602.62,1567.37,1536,1508.03,1483.02,1460.62,1440.51,1422.42,1406.12,1391.39,1378.07,1366,1355.05,1345.1,1336.05,1327.81,1320.31,1313.47,1307.23,1301.54,1296.35,1291.61,1287.29,1283.34,1279.75,1276.48,1273.5,1270.79,1268.34,1266.11,1264.1,1262.29,1260.66,1259.2,1257.89,1256.74,1255.72,1254.82,1254.05,1253.38,1252.82,1252.35,1251.97,1251.68,1251.46,1251.31,1251.24,1251.22,1251.27,1251.37,1251.52,1251.73,1251.98,1252.27,1252.6,1252.97,1253.38,1253.82,1254.29,1254.79,1255.32,1255.88,1256.46,1257.06,1257.69,1258.33,1259,1259.69,1260.39,1261.11,1261.84,1262.6,1263.36,1264.14,1264.93,1265.74,1266.55,1267.38,1268.22,1269.07
2232.27,2289.87,2347.63,2402.8,2451.39,2488.2,2507.49,2504.31,2476.16,2424.25,2353.36,2270.3,2181.94,2093.88,2009.88,1932.06,1861.32,1797.76,1741.04,1690.6,1645.81,1606.03,1570.66,1539.15,1511.04,1485.9,1463.37,1443.14,1424.93,1408.51,1393.68,1380.25,1368.09,1357.05,1347.02,1337.89,1329.58,1322.01,1315.11,1308.81,1303.06,1297.81,1293.02,1288.65,1284.66,1281.03,1277.71,1274.7,1271.95,1269.46,1267.2,1265.16,1263.32,1261.66,1260.17,1258.84,1257.66,1256.61,1255.7,1254.9,1254.21,1253.63,1253.14,1252.74,1252.43,1252.19,1252.03,1251.94,1251.91,1251.94,1252.02,1252.16,1252.35,1252.59,1252.87,1253.19,1253.55,1253.94,1254.37,1254.83,1255.32,1255.84,1256.39,1256.96,1257.55,1258.17,1258.81,1259.46,1260.14,1260.84,1261.55,1262.28,1263.02,1263.78,1264.55,1265.33,1266.13,1266.94,1267.76,1268.6,1269.44
2226.19,2282.78,2339.48,2393.59,2441.25,2477.5,2496.81,2494.38,2467.73,2417.88,2349.26,2268.34,2181.79,2095.12,2012.1,1934.92,1864.57,1801.21,1744.57,1694.13,1649.27,1609.39,1573.9,1542.26,1514.02,1488.75,1466.09,1445.74,1427.41,1410.88,1395.95,1382.42,1370.17,1359.04,1348.93,1339.73,1331.34,1323.7,1316.74,1310.38,1304.57,1299.27,1294.43,1290.01,1285.98,1282.3,1278.94,1275.89,1273.11,1270.58,1268.29,1266.22,1264.34,1262.65,1261.14,1259.78,1258.57,1257.51,1256.57,1255.75,1255.04,1254.43,1253.92,1253.51,1253.18,1252.92,1252.74,1252.63,1252.59,1252.6,1252.68,1252.8,1252.98,1253.2,1253.47,1253.77,1254.12,1254.5,1254.92,1255.37,1255.85,1256.36,1256.9,1257.46,1258.04,1258.65,1259.28,1259.93,1260.59,1261.28,1261.99,1262.71,1263.44,1264.19,1264.96,1265.73,1266.52,1267.33,1268.14,1268.97,1269.81
2220.2,2275.83,2331.48,2384.56,2431.34,2467.03,2486.33,2484.6,2459.38,2411.49,2345.06,2266.24,2181.48,2096.19,2014.17,1937.65,1867.71,1804.57,1748.02,1697.58,1652.67,1612.69,1577.09,1545.34,1516.97,1491.57,1468.79,1448.32,1429.88,1413.24,1398.2,1384.58,1372.23,1361.02,1350.83,1341.55,1333.1,1325.39,1318.36,1311.94,1306.08,1300.72,1295.83,1291.37,1287.29,1283.57,1280.17,1277.08,1274.26,1271.7,1269.37,1267.27,1265.36,1263.65,1262.1,1260.72,1259.49,1258.4,1257.43,1256.59,1255.86,1255.24,1254.71,1254.27,1253.92,1253.65,1253.46,1253.33,1253.27,1253.27,1253.33,1253.44,1253.6,1253.81,1254.06,1254.36,1254.69,1255.06,1255.47,1255.91,1256.38,1256.88,1257.4,1257.95,1258.53,1259.13,1259.75,1260.39,1261.05,1261.73,1262.42,1263.13,1263.86,1264.6,1265.36,1266.13,1266.92,1267.71,1268.52,1269.34,1270.17
2214.31,2269,2323.64,2375.72,2421.63,2456.78,2476.06,2474.99,2451.11,2405.1,2340.79,2264.02,2181.02,2097.11,2016.09,1940.25,1870.73,1807.83,1751.38,1700.96,1656,1615.95,1580.24,1548.38,1519.89,1494.37,1471.47,1450.87,1432.32,1415.58,1400.44,1386.72,1374.29,1362.99,1352.72,1343.36,1334.84,1327.06,1319.97,1313.49,1307.57,1302.17,1297.23,1292.71,1288.59,1284.83,1281.39,1278.26,1275.41,1272.81,1270.45,1268.31,1266.38,1264.64,1263.06,1261.66,1260.4,1259.28,1258.3,1257.43,1256.68,1256.04,1255.49,1255.03,1254.67,1254.38,1254.17,1254.02,1253.95,1253.93,1253.98,1254.07,1254.22,1254.42,1254.66,1254.94,1255.26,1255.62,1256.02,1256.45,1256.91,1257.39,1257.91,1258.45,1259.02,1259.61,1260.22,1260.85,1261.5,1262.17,1262.86,1263.56,1264.28,1265.02,1265.77,1266.53,1267.31,1268.1,1268.9,1269.71,1270.54
2208.52,2262.29,2315.96,2367.06,2412.14,2446.74,2465.98,2465.52,2442.93,2398.72,2336.45,2261.67,2180.41,2097.87,2017.86,1942.72,1873.64,1810.99,1754.66,1704.27,1659.28,1619.16,1583.35,1551.38,1522.77,1497.13,1474.12,1453.41,1434.75,1417.9,1402.66,1388.85,1376.33,1364.95,1354.59,1345.16,1336.57,1328.73,1321.57,1315.04,1309.07,1303.61,1298.62,1294.06,1289.89,1286.08,1282.61,1279.44,1276.55,1273.92,1271.53,1269.36,1267.4,1265.62,1264.02,1262.59,1261.31,1260.17,1259.16,1258.27,1257.5,1256.83,1256.27,1255.79,1255.41,1255.1,1254.87,1254.72,1254.62,1254.59,1254.62,1254.71,1254.84,1255.02,1255.25,1255.52,1255.83,1256.18,1256.57,1256.98,1257.43,1257.91,1258.41,1258.95,1259.5,1260.08,1260.68,1261.31,1261.95,1262.61,1263.29,1263.99,1264.7,1265.43,1266.17,1266.93,1267.7,1268.48,1269.28,1270.09,1270.9
2202.82,2255.7,2308.41,2358.58,2402.84,2436.92,2456.1,2456.21,2434.82,2392.33,2332.04,2259.21,2179.66,2098.49,2019.5,1945.06,1876.43,1814.06,1757.86,1707.5,1662.5,1622.31,1586.42,1554.34,1525.62,1499.87,1476.74,1455.92,1437.16,1420.2,1404.87,1390.97,1378.35,1366.89,1356.46,1346.96,1338.3,1330.39,1323.17,1316.58,1310.55,1305.04,1300,1295.39,1291.18,1287.33,1283.82,1280.61,1277.69,1275.02,1272.6,1270.4,1268.41,1266.6,1264.98,1263.52,1262.21,1261.05,1260.02,1259.11,1258.32,1257.63,1257.04,1256.55,1256.15,1255.83,1255.58,1255.41,1255.3,1255.25,1255.27,1255.34,1255.46,1255.63,1255.84,1256.1,1256.4,1256.74,1257.11,1257.52,1257.95,1258.42,1258.92,1259.44,1259.99,1260.56,1261.15,1261.77,1262.4,1263.05,1263.73,1264.41,1265.12,1265.84,1266.58,1267.33,1268.09,1268.87,1269.66,1270.46,1271.27
2197.21,2249.22,2301.01,2350.27,2393.73,2427.29,2446.41,2447.05,2426.81,2385.96,2327.57,2256.64,2178.77,2098.97,2020.99,1947.28,1879.12,1817.03,1760.98,1710.67,1665.65,1625.41,1589.44,1557.26,1528.44,1502.58,1479.34,1458.41,1439.54,1422.49,1407.06,1393.07,1380.37,1368.82,1358.31,1348.74,1340.01,1332.04,1324.76,1318.11,1312.03,1306.46,1301.38,1296.72,1292.47,1288.58,1285.03,1281.78,1278.82,1276.12,1273.67,1271.44,1269.41,1267.58,1265.93,1264.45,1263.11,1261.93,1260.87,1259.94,1259.13,1258.42,1257.82,1257.31,1256.89,1256.55,1256.28,1256.09,1255.97,1255.91,1255.91,1255.97,1256.07,1256.23,1256.43,1256.68,1256.97,1257.29,1257.65,1258.05,1258.48,1258.93,1259.42,1259.93,1260.47,1261.03,1261.62,1262.22,1262.85,1263.49,1264.16,1264.84,1265.54,1266.25,1266.98,1267.72,1268.48,1269.25,1270.03,1270.83,1271.63
2191.7,2242.86,2293.75,2342.12,2384.81,2417.86,2436.91,2438.03,2418.88,2379.61,2323.06,2253.97,2177.76,2099.31,2022.36,1949.37,1881.7,1819.9,1764.02,1713.77,1668.75,1628.46,1592.42,1560.15,1531.22,1505.26,1481.91,1460.88,1441.91,1424.76,1409.23,1395.15,1382.37,1370.74,1360.16,1350.51,1341.72,1333.68,1326.34,1319.63,1313.5,1307.88,1302.75,1298.05,1293.75,1289.82,1286.23,1282.94,1279.95,1277.22,1274.73,1272.47,1270.42,1268.56,1266.88,1265.37,1264.01,1262.8,1261.73,1260.77,1259.94,1259.21,1258.59,1258.06,1257.62,1257.26,1256.99,1256.78,1256.64,1256.57,1256.55,1256.59,1256.69,1256.83,1257.02,1257.26,1257.53,1257.85,1258.2,1258.58,1259,1259.44,1259.92,1260.42,1260.95,1261.51,1262.08,1262.68,1263.3,1263.93,1264.59,1265.26,1265.95,1266.66,1267.38,1268.12,1268.87,1269.63,1270.41,1271.19,1272
