N2 Specific Heat [J kg^-1 K^-1] PelePhys
518356,4647.11,3157.45,2571.48,2248.17,2040.18,1893.91,1784.87,1700.15,1632.27,1576.56,1529.96,1490.38,1456.32,1426.68,1400.65,1377.61,1357.07,1338.64,1322.01,1306.93,1293.21,1280.65,1269.14,1258.53,1248.74,1239.67,1231.25,1223.41,1216.1,1209.26,1202.86,1196.86,1191.21,1185.9,1180.9,1176.17,1171.7,1167.47,1163.47,1159.67,1156.06,1152.63,1149.37,1146.26,1143.3,1140.47,1137.78,1135.2,1132.74,1130.39,1128.13,1125.97,1123.9,1121.92,1120.02,1118.19,1116.44,1114.75,1113.13,1111.58,1110.08,1108.64,1107.25,1105.91,1104.63,1103.39,1102.2,1101.04,1099.94,1098.87,1097.83,1096.84,1095.88,1094.95,1094.06,1093.2,1092.36,1091.56,1090.78,1090.04,1089.31,1088.62,1087.94,1087.29,1086.67,1086.06,1085.48,1084.92,1084.38,1083.85,1083.35,1082.86,1082.4,1081.95,1081.51,1081.1,1080.69,1080.31,1079.94,1079.58
18449.3,5446.31,3401.42,2697.65,2328.12,2096.64,1936.57,1818.62,1727.75,1655.41,1596.35,1547.16,1505.51,1469.78,1438.77,1411.59,1387.58,1366.2,1347.05,1329.79,1314.17,1299.95,1286.97,1275.07,1264.11,1254,1244.65,1235.97,1227.89,1220.36,1213.33,1206.74,1200.56,1194.76,1189.3,1184.16,1179.3,1174.72,1170.37,1166.26,1162.36,1158.66,1155.14,1151.8,1148.61,1145.57,1142.68,1139.91,1137.27,1134.75,1132.34,1130.03,1127.82,1125.7,1123.66,1121.71,1119.84,1118.05,1116.32,1114.66,1113.07,1111.53,1110.06,1108.63,1107.27,1105.95,1104.68,1103.46,1102.28,1101.14,1100.05,1098.99,1097.97,1096.98,1096.04,1095.12,1094.23,1093.38,1092.56,1091.76,1090.99,1090.25,1089.54,1088.85,1088.18,1087.54,1086.92,1086.32,1085.74,1085.18,1084.65,1084.13,1083.63,1083.15,1082.68,1082.24,1081.81,1081.4,1081,1080.62,1080.25
12545.3,6635.02,3692.5,2838.74,2414.79,2156.74,1981.43,1853.79,1756.32,1679.25,1616.66,1564.74,1520.95,1483.48,1451.05,1422.69,1397.67,1375.44,1355.55,1337.65,1321.47,1306.76,1293.33,1281.03,1269.73,1259.3,1249.65,1240.71,1232.39,1224.64,1217.4,1210.63,1204.28,1198.32,1192.71,1187.43,1182.44,1177.73,1173.28,1169.06,1165.06,1161.26,1157.66,1154.23,1150.96,1147.85,1144.88,1142.05,1139.34,1136.76,1134.29,1131.92,1129.66,1127.49,1125.4,1123.41,1121.49,1119.65,1117.89,1116.19,1114.55,1112.98,1111.47,1110.02,1108.62,1107.27,1105.97,1104.72,1103.51,1102.35,1101.22,1100.14,1099.1,1098.09,1097.12,1096.18,1095.27,1094.4,1093.55,1092.74,1091.95,1091.19,1090.46,1089.75,1089.07,1088.41,1087.77,1087.16,1086.56,1085.99,1085.44,1084.91,1084.39,1083.9,1083.42,1082.96,1082.52,1082.1,1081.69,1081.3,1080.92
10104.2,8556.31,4044.34,2997.22,2508.91,2220.75,2028.6,1890.46,1785.92,1703.82,1637.5,1582.74,1536.7,1497.43,1463.53,1433.94,1407.89,1384.78,1364.14,1345.59,1328.83,1313.61,1299.74,1287.04,1275.37,1264.62,1254.68,1245.47,1236.91,1228.94,1221.5,1214.53,1208.01,1201.89,1196.13,1190.7,1185.59,1180.76,1176.19,1171.86,1167.76,1163.87,1160.17,1156.66,1153.31,1150.12,1147.08,1144.18,1141.42,1138.77,1136.24,1133.82,1131.5,1129.27,1127.14,1125.1,1123.14,1121.26,1119.45,1117.71,1116.04,1114.43,1112.89,1111.4,1109.97,1108.59,1107.26,1105.97,1104.74,1103.55,1102.4,1101.29,1100.22,1099.19,1098.19,1097.23,1096.31,1095.41,1094.55,1093.71,1092.91,1092.13,1091.38,1090.65,1089.95,1089.27,1088.62,1087.99,1087.38,1086.8,1086.23,1085.68,1085.16,1084.65,1084.16,1083.69,1083.23,1082.8,1082.38,1081.97,1081.58
8708.41,11960,4475.45,3175.98,2611.3,2288.97,2078.23,1928.69,1816.57,1729.14,1658.89,1601.14,1552.77,1511.64,1476.2,1445.35,1418.25,1394.24,1372.82,1353.6,1336.25,1320.52,1306.19,1293.08,1281.05,1269.97,1259.74,1250.25,1241.45,1233.25,1225.6,1218.45,1211.75,1205.46,1199.55,1193.99,1188.74,1183.78,1179.1,1174.67,1170.46,1166.48,1162.69,1159.09,1155.66,1152.4,1149.29,1146.32,1143.48,1140.78,1138.19,1135.71,1133.34,1131.06,1128.88,1126.79,1124.79,1122.86,1121.01,1119.23,1117.53,1115.88,1114.3,1112.78,1111.31,1109.9,1108.54,1107.23,1105.97,1104.75,1103.57,1102.44,1101.35,1100.29,1099.27,1098.29,1097.34,1096.42,1095.54,1094.68,1093.86,1093.06,1092.29,1091.55,1090.83,1090.14,1089.47,1088.82,1088.2,1087.6,1087.02,1086.46,1085.92,1085.4,1084.9,1084.41,1083.94,1083.5,1083.06,1082.65,1082.25
7783.94,17610.4,5010.63,3378.42,2722.85,2361.74,2130.46,1968.54,1848.31,1755.22,1680.84,1619.97,1569.16,1526.09,1489.08,1456.93,1428.73,1403.8,1381.59,1361.68,1343.74,1327.48,1312.68,1299.16,1286.76,1275.35,1264.81,1255.06,1246,1237.57,1229.72,1222.37,1215.49,1209.04,1202.98,1197.27,1191.89,1186.82,1182.02,1177.47,1173.17,1169.09,1165.21,1161.52,1158.02,1154.68,1151.49,1148.45,1145.55,1142.78,1140.13,1137.6,1135.17,1132.85,1130.62,1128.48,1126.43,1124.46,1122.57,1120.76,1119.01,1117.33,1115.71,1114.16,1112.66,1111.21,1109.82,1108.48,1107.19,1105.95,1104.75,1103.59,1102.47,1101.39,1100.35,1099.34,1098.37,1097.43,1096.53,1095.65,1094.81,1094,1093.21,1092.45,1091.71,1091,1090.32,1089.66,1089.02,1088.4,1087.81,1087.23,1086.68,1086.14,1085.63,1085.13,1084.65,1084.19,1083.75,1083.32,1082.91
7117.15,19952.1,5681.5,3608.43,2844.54,2439.4,2185.43,2010.1,1881.18,1782.08,1703.36,1639.21,1585.87,1540.79,1502.15,1468.66,1439.35,1413.46,1390.45,1369.84,1351.28,1334.49,1319.22,1305.28,1292.5,1280.75,1269.91,1259.88,1250.57,1241.91,1233.84,1226.31,1219.25,1212.63,1206.41,1200.56,1195.05,1189.85,1184.93,1180.28,1175.88,1171.7,1167.73,1163.96,1160.37,1156.95,1153.69,1150.59,1147.62,1144.79,1142.08,1139.49,1137.01,1134.63,1132.36,1130.17,1128.08,1126.07,1124.13,1122.28,1120.49,1118.77,1117.12,1115.53,1114,1112.53,1111.11,1109.74,1108.42,1107.14,1105.92,1104.73,1103.59,1102.49,1101.42,1100.39,1099.4,1098.44,1097.52,1096.62,1095.76,1094.93,1094.12,1093.34,1092.59,1091.87,1091.16,1090.49,1089.83,1089.2,1088.59,1088.01,1087.44,1086.89,1086.36,1085.85,1085.36,1084.89,1084.43,1083.99,1083.57
6608.62,16051.7,6522.82,3870.34,2977.39,2522.27,2243.28,2053.41,1915.2,1809.75,1726.45,1658.88,1602.91,1555.74,1515.43,1480.56,1450.09,1423.24,1399.39,1378.07,1358.89,1341.55,1325.81,1311.44,1298.28,1286.18,1275.03,1264.72,1255.16,1246.27,1237.98,1230.25,1223.01,1216.23,1209.86,1203.86,1198.22,1192.89,1187.86,1183.09,1178.58,1174.31,1170.25,1166.39,1162.72,1159.23,1155.9,1152.72,1149.69,1146.8,1144.03,1141.38,1138.85,1136.42,1134.09,1131.86,1129.72,1127.66,1125.69,1123.79,1121.97,1120.22,1118.53,1116.91,1115.34,1113.84,1112.39,1110.99,1109.64,1108.34,1107.08,1105.87,1104.71,1103.58,1102.49,1101.44,1100.43,1099.45,1098.5,1097.59,1096.71,1095.86,1095.03,1094.24,1093.47,1092.73,1092.01,1091.32,1090.65,1090,1089.38,1088.78,1088.19,1087.63,1087.09,1086.57,1086.07,1085.58,1085.11,1084.66,1084.23
6205.16,12717,7554.63,4168.62,3122.46,2610.72,2304.15,2098.55,1950.41,1838.23,1750.13,1678.99,1620.27,1570.95,1528.9,1492.61,1460.96,1433.11,1408.42,1386.37,1366.56,1348.67,1332.43,1317.63,1304.08,1291.64,1280.18,1269.58,1259.76,1250.64,1242.14,1234.2,1226.78,1219.83,1213.3,1207.17,1201.38,1195.93,1190.78,1185.91,1181.29,1176.92,1172.77,1168.82,1165.07,1161.5,1158.1,1154.85,1151.76,1148.8,1145.97,1143.27,1140.68,1138.2,1135.82,1133.55,1131.36,1129.26,1127.25,1125.31,1123.45,1121.66,1119.94,1118.28,1116.68,1115.14,1113.66,1112.24,1110.86,1109.53,1108.25,1107.02,1105.82,1104.67,1103.56,1102.49,1101.46,1100.46,1099.49,1098.56,1097.66,1096.78,1095.94,1095.13,1094.34,1093.59,1092.85,1092.14,1091.46,1090.8,1090.16,1089.55,1088.95,1088.38,1087.82,1087.29,1086.77,1086.28,1085.8,1085.33,1084.89
5875.51,10613.3,8730.99,4507.29,3280.77,2705.08,2368.17,2145.58,1986.83,1867.54,1774.39,1699.53,1637.97,1586.41,1542.57,1504.82,1471.96,1443.09,1417.53,1394.74,1374.28,1355.83,1339.09,1323.85,1309.91,1297.12,1285.34,1274.46,1264.38,1255.02,1246.3,1238.17,1230.56,1223.44,1216.76,1210.47,1204.55,1198.97,1193.71,1188.72,1184.01,1179.53,1175.29,1171.26,1167.43,1163.78,1160.3,1156.99,1153.82,1150.8,1147.92,1145.16,1142.51,1139.98,1137.56,1135.23,1133,1130.86,1128.8,1126.82,1124.92,1123.1,1121.34,1119.65,1118.02,1116.45,1114.94,1113.48,1112.08,1110.72,1109.42,1108.16,1106.94,1105.77,1104.63,1103.54,1102.48,1101.46,1100.47,1099.52,1098.6,1097.71,1096.85,1096.02,1095.22,1094.44,1093.69,1092.97,1092.27,1091.6,1090.94,1090.31,1089.71,1089.12,1088.55,1088,1087.48,1086.97,1086.48,1086,1085.55
5599.95,9228.89,9853.34,4888.68,3453.23,2805.66,2435.47,2194.53,2024.5,1897.69,1799.25,1720.5,1655.99,1602.12,1556.44,1517.18,1483.08,1453.18,1426.73,1403.18,1382.07,1363.04,1345.8,1330.11,1315.78,1302.63,1290.53,1279.35,1269.01,1259.41,1250.47,1242.14,1234.35,1227.06,1220.22,1213.78,1207.73,1202.02,1196.63,1191.54,1186.72,1182.15,1177.81,1173.69,1169.78,1166.05,1162.5,1159.12,1155.89,1152.81,1149.86,1147.04,1144.34,1141.76,1139.29,1136.91,1134.64,1132.45,1130.35,1128.34,1126.4,1124.54,1122.74,1121.02,1119.36,1117.76,1116.21,1114.73,1113.29,1111.91,1110.58,1109.29,1108.05,1106.85,1105.7,1104.58,1103.5,1102.46,1101.45,1100.48,1099.54,1098.64,1097.76,1096.91,1096.09,1095.3,1094.53,1093.8,1093.08,1092.39,1091.72,1091.08,1090.46,1089.86,1089.28,1088.72,1088.18,1087.66,1087.15,1086.67,1086.2
5365.4,8256.18,10569,5311.26,3640.49,2912.71,2506.14,2245.48,2063.43,1928.69,1824.72,1741.92,1674.34,1618.09,1570.5,1529.71,1494.34,1463.36,1436.01,1411.69,1389.91,1370.3,1352.55,1336.41,1321.67,1308.16,1295.73,1284.27,1273.66,1263.82,1254.66,1246.12,1238.15,1230.68,1223.68,1217.1,1210.91,1205.07,1199.56,1194.36,1189.43,1184.76,1180.33,1176.13,1172.13,1168.33,1164.7,1161.25,1157.95,1154.81,1151.8,1148.92,1146.17,1143.54,1141.01,1138.59,1136.27,1134.04,1131.9,1129.85,1127.87,1125.97,1124.14,1122.38,1120.69,1119.06,1117.49,1115.97,1114.51,1113.1,1111.74,1110.43,1109.16,1107.94,1106.76,1105.62,1104.52,1103.46,1102.43,1101.44,1100.48,1099.56,1098.66,1097.8,1096.96,1096.15,1095.37,1094.62,1093.89,1093.18,1092.5,1091.84,1091.21,1090.6,1090,1089.43,1088.88,1088.35,1087.83,1087.34,1086.86
5162.76,7534.83,10640.4,5766.4,3842.72,3026.42,2580.27,2298.44,2103.63,1960.55,1850.78,1763.77,1693.02,1634.3,1584.76,1542.39,1505.71,1473.65,1445.38,1420.26,1397.81,1377.6,1359.33,1342.73,1327.58,1313.71,1300.96,1289.2,1278.32,1268.23,1258.85,1250.11,1241.95,1234.31,1227.15,1220.42,1214.09,1208.12,1202.5,1197.18,1192.15,1187.38,1182.86,1178.56,1174.48,1170.6,1166.9,1163.38,1160.02,1156.81,1153.74,1150.81,1148,1145.31,1142.74,1140.27,1137.91,1135.63,1133.45,1131.36,1129.34,1127.41,1125.54,1123.75,1122.02,1120.36,1118.76,1117.21,1115.72,1114.29,1112.9,1111.56,1110.27,1109.03,1107.83,1106.66,1105.54,1104.46,1103.41,1102.4,1101.42,1100.48,1099.57,1098.68,1097.83,1097.01,1096.21,1095.44,1094.69,1093.98,1093.28,1092.61,1091.96,1091.33,1090.73,1090.14,1089.58,1089.03,1088.51,1088,1087.51
4985.53,6977.09,10187.9,6234.46,4059.37,3146.83,2657.91,2353.43,2145.12,1993.27,1877.45,1786.06,1712.02,1650.77,1599.22,1555.22,1517.21,1484.03,1454.82,1428.91,1405.76,1384.95,1366.15,1349.09,1333.53,1319.29,1306.2,1294.14,1283,1272.66,1263.06,1254.11,1245.76,1237.94,1230.62,1223.74,1217.27,1211.18,1205.43,1200,1194.86,1189.99,1185.38,1181,1176.83,1172.87,1169.1,1165.51,1162.08,1158.8,1155.68,1152.69,1149.83,1147.09,1144.47,1141.95,1139.54,1137.22,1135,1132.86,1130.81,1128.84,1126.94,1125.11,1123.35,1121.66,1120.02,1118.45,1116.93,1115.47,1114.06,1112.7,1111.38,1110.11,1108.89,1107.7,1106.56,1105.46,1104.39,1103.36,1102.36,1101.4,1100.47,1099.57,1098.7,1097.86,1097.04,1096.26,1095.5,1094.77,1094.06,1093.37,1092.71,1092.07,1091.45,1090.85,1090.28,1089.72,1089.18,1088.66,1088.16
4828.89,6531.65,9502.3,6682.32,4288.79,3273.85,2739.06,2410.48,2187.9,2026.86,1904.72,1808.78,1731.35,1667.48,1613.86,1568.2,1528.82,1494.51,1464.35,1437.62,1413.76,1392.35,1373.01,1355.48,1339.5,1324.89,1311.47,1299.11,1287.68,1277.1,1267.27,1258.12,1249.57,1241.58,1234.1,1227.07,1220.46,1214.24,1208.37,1202.82,1197.58,1192.61,1187.9,1183.43,1179.18,1175.14,1171.3,1167.63,1164.14,1160.8,1157.61,1154.57,1151.65,1148.86,1146.19,1143.63,1141.17,1138.81,1136.54,1134.37,1132.28,1130.27,1128.33,1126.47,1124.68,1122.95,1121.29,1119.69,1118.14,1116.65,1115.21,1113.83,1112.49,1111.19,1109.95,1108.74,1107.58,1106.45,1105.36,1104.31,1103.3,1102.32,1101.37,1100.45,1099.56,1098.71,1097.88,1097.08,1096.3,1095.55,1094.83,1094.13,1093.46,1092.8,1092.17,1091.56,1090.97,1090.4,1089.86,1089.33,1088.82
4689.22,6166.65,8791.49,7066.21,4527.83,3407.14,2823.65,2469.55,2231.96,2061.29,1932.59,1831.94,1751,1684.43,1628.7,1581.33,1540.56,1505.09,1473.95,1446.39,1421.82,1399.78,1379.91,1361.9,1345.5,1330.5,1316.75,1304.08,1292.39,1281.55,1271.49,1262.13,1253.4,1245.23,1237.58,1230.4,1223.65,1217.29,1211.3,1205.64,1200.29,1195.23,1190.42,1185.86,1181.53,1177.42,1173.49,1169.76,1166.2,1162.8,1159.55,1156.44,1153.48,1150.63,1147.91,1145.3,1142.8,1140.39,1138.09,1135.87,1133.74,1131.69,1129.72,1127.83,1126,1124.25,1122.55,1120.92,1119.35,1117.83,1116.37,1114.95,1113.59,1112.27,1111,1109.78,1108.59,1107.44,1106.34,1105.27,1104.23,1103.23,1102.27,1101.33,1100.43,1099.55,1098.71,1097.89,1097.1,1096.34,1095.6,1094.89,1094.2,1093.53,1092.89,1092.27,1091.67,1091.09,1090.53,1089.99,1089.47
4563.71,5861.34,8144.49,7342.76,4771.49,3546.07,2911.58,2530.62,2277.28,2096.57,1961.04,1855.52,1770.96,1701.63,1643.72,1594.6,1552.41,1515.76,1483.63,1455.22,1429.93,1407.26,1386.84,1368.35,1351.52,1336.14,1322.05,1309.07,1297.1,1286.01,1275.72,1266.15,1257.22,1248.88,1241.06,1233.73,1226.84,1220.36,1214.24,1208.47,1203.01,1197.84,1192.94,1188.3,1183.88,1179.69,1175.69,1171.88,1168.25,1164.79,1161.48,1158.32,1155.3,1152.4,1149.63,1146.97,1144.42,1141.98,1139.63,1137.37,1135.2,1133.12,1131.12,1129.19,1127.33,1125.54,1123.82,1122.15,1120.55,1119.01,1117.52,1116.08,1114.69,1113.35,1112.06,1110.81,1109.6,1108.43,1107.31,1106.22,1105.16,1104.15,1103.16,1102.21,1101.29,1100.4,1099.54,1098.71,1097.9,1097.13,1096.37,1095.65,1094.95,1094.27,1093.61,1092.97,1092.36,1091.77,1091.2,1090.65,1090.11
4450.16,5601.58,7583.7,7484.89,5012.71,3689.65,3002.61,2593.61,2323.84,2132.68,1990.08,1879.52,1791.23,1719.06,1658.92,1608.02,1564.37,1526.52,1493.38,1464.11,1438.09,1414.79,1393.81,1374.82,1357.56,1341.8,1327.36,1314.08,1301.82,1290.48,1279.96,1270.18,1261.05,1252.53,1244.55,1237.07,1230.03,1223.42,1217.18,1211.29,1205.72,1200.46,1195.46,1190.73,1186.23,1181.95,1177.88,1174.01,1170.31,1166.78,1163.41,1160.19,1157.11,1154.17,1151.34,1148.64,1146.05,1143.56,1141.17,1138.87,1136.66,1134.54,1132.5,1130.54,1128.65,1126.83,1125.08,1123.39,1121.76,1120.18,1118.67,1117.2,1115.79,1114.43,1113.11,1111.84,1110.61,1109.42,1108.28,1107.17,1106.1,1105.06,1104.06,1103.09,1102.15,1101.25,1100.37,1099.52,1098.7,1097.91,1097.14,1096.4,1095.69,1095,1094.33,1093.68,1093.05,1092.45,1091.87,1091.3,1090.76
4346.83,5377.46,7105.22,7492.08,5242.56,3836.48,3096.45,2658.43,2371.59,2169.6,2019.67,1903.93,1811.81,1736.72,1674.3,1621.58,1576.45,1537.37,1503.2,1473.07,1446.29,1422.35,1400.81,1381.33,1363.63,1347.48,1332.69,1319.1,1306.56,1294.96,1284.21,1274.21,1264.89,1256.19,1248.04,1240.4,1233.23,1226.48,1220.12,1214.11,1208.44,1203.07,1197.98,1193.16,1188.58,1184.22,1180.08,1176.13,1172.36,1168.77,1165.34,1162.07,1158.93,1155.93,1153.06,1150.31,1147.67,1145.13,1142.7,1140.37,1138.12,1135.96,1133.89,1131.89,1129.97,1128.12,1126.33,1124.61,1122.96,1121.36,1119.81,1118.33,1116.89,1115.5,1114.16,1112.87,1111.62,1110.41,1109.24,1108.12,1107.02,1105.97,1104.95,1103.96,1103.01,1102.09,1101.2,1100.33,1099.5,1098.69,1097.91,1097.16,1096.43,1095.72,1095.04,1094.38,1093.75,1093.13,1092.54,1091.96,1091.41
4252.28,5181.75,6697.5,7387.28,5450.93,3984.68,3192.64,2724.93,2420.47,2207.29,2049.82,1928.73,1832.68,1754.6,1689.85,1635.27,1588.63,1548.31,1513.09,1482.07,1454.55,1429.95,1407.84,1387.86,1369.72,1353.18,1338.04,1324.13,1311.31,1299.45,1288.46,1278.25,1268.73,1259.85,1251.54,1243.74,1236.43,1229.54,1223.06,1216.94,1211.16,1205.69,1200.5,1195.59,1190.92,1186.49,1182.27,1178.25,1174.42,1170.76,1167.27,1163.94,1160.75,1157.69,1154.77,1151.97,1149.29,1146.71,1144.24,1141.86,1139.58,1137.38,1135.27,1133.24,1131.29,1129.4,1127.59,1125.84,1124.15,1122.53,1120.96,1119.45,1117.99,1116.57,1115.21,1113.9,1112.63,1111.4,1110.21,1109.06,1107.95,1106.88,1105.84,1104.84,1103.87,1102.93,1102.02,1101.14,1100.3,1099.47,1098.68,1097.91,1097.17,1096.45,1095.76,1095.08,1094.44,1093.81,1093.2,1092.62,1092.05
4165.38,5009.12,6348.41,7204.55,5627.88,4131.9,3290.64,2792.94,2470.41,2245.72,2080.49,1953.91,1853.83,1772.7,1705.57,1649.1,1600.92,1559.33,1523.05,1491.14,1462.84,1437.58,1414.9,1394.42,1375.83,1358.89,1343.4,1329.17,1316.06,1303.95,1292.72,1282.29,1272.58,1263.51,1255.03,1247.08,1239.62,1232.61,1226,1219.76,1213.87,1208.3,1203.02,1198.02,1193.27,1188.75,1184.46,1180.37,1176.47,1172.75,1169.2,1165.8,1162.56,1159.46,1156.48,1153.63,1150.9,1148.28,1145.77,1143.35,1141.03,1138.8,1136.65,1134.59,1132.6,1130.69,1128.84,1127.06,1125.35,1123.7,1122.1,1120.56,1119.08,1117.64,1116.26,1114.92,1113.63,1112.38,1111.17,1110.01,1108.88,1107.79,1106.73,1105.71,1104.72,1103.77,1102.85,1101.95,1101.09,1100.25,1099.44,1098.66,1097.91,1097.18,1096.47,1095.78,1095.12,1094.48,1093.87,1093.27,1092.69
4085.15,4855.49,6047.3,6976.86,5765.18,4275.36,3389.71,2862.21,2521.32,2284.84,2111.66,1979.46,1875.26,1791,1721.45,1663.04,1613.3,1570.42,1533.08,1500.26,1471.18,1445.26,1421.99,1401,1381.96,1364.62,1348.77,1334.22,1320.83,1308.45,1296.99,1286.34,1276.43,1267.18,1258.53,1250.43,1242.82,1235.67,1228.94,1222.59,1216.59,1210.91,1205.54,1200.44,1195.61,1191.01,1186.64,1182.48,1178.51,1174.73,1171.12,1167.67,1164.37,1161.21,1158.19,1155.29,1152.52,1149.85,1147.3,1144.84,1142.48,1140.22,1138.03,1135.94,1133.91,1131.97,1130.09,1128.29,1126.55,1124.87,1123.24,1121.68,1120.17,1118.71,1117.31,1115.95,1114.63,1113.36,1112.13,1110.95,1109.8,1108.69,1107.62,1106.58,1105.58,1104.61,1103.67,1102.76,1101.88,1101.03,1100.21,1099.41,1098.64,1097.9,1097.18,1096.48,1095.81,1095.16,1094.53,1093.92,1093.34
4010.81,4717.72,5785.47,6729.83,5857.87,4411.97,3489.02,2932.48,2573.07,2324.6,2143.29,2005.36,1896.95,1809.51,1737.48,1677.12,1625.79,1581.6,1543.16,1509.42,1479.57,1452.96,1429.11,1407.6,1388.11,1370.37,1354.16,1339.29,1325.6,1312.96,1301.26,1290.39,1280.28,1270.85,1262.03,1253.77,1246.02,1238.74,1231.88,1225.41,1219.3,1213.52,1208.06,1202.87,1197.95,1193.27,1188.83,1184.59,1180.56,1176.71,1173.04,1169.53,1166.18,1162.97,1159.9,1156.95,1154.13,1151.42,1148.83,1146.33,1143.93,1141.63,1139.41,1137.28,1135.23,1133.25,1131.34,1129.51,1127.74,1126.03,1124.38,1122.79,1121.26,1119.78,1118.35,1116.97,1115.63,1114.34,1113.09,1111.89,1110.72,1109.6,1108.51,1107.45,1106.43,1105.44,1104.49,1103.57,1102.67,1101.81,1100.97,1100.16,1099.38,1098.62,1097.89,1097.18,1096.5,1095.83,1095.19,1094.57,1093.98
3941.68,4593.35,5555.94,6480.59,5904.95,4538.5,3587.56,3003.4,2625.54,2364.93,2175.36,2031.59,1918.89,1828.21,1753.66,1691.3,1638.36,1592.85,1553.31,1518.64,1487.99,1460.7,1436.25,1414.22,1394.28,1376.13,1359.56,1344.36,1330.38,1317.48,1305.53,1294.45,1284.14,1274.52,1265.53,1257.12,1249.22,1241.8,1234.82,1228.23,1222.01,1216.13,1210.57,1205.29,1200.29,1195.53,1191.01,1186.71,1182.61,1178.69,1174.96,1171.39,1167.98,1164.72,1161.6,1158.61,1155.74,1152.99,1150.35,1147.82,1145.38,1143.04,1140.79,1138.62,1136.53,1134.53,1132.59,1130.73,1128.93,1127.19,1125.52,1123.91,1122.35,1120.84,1119.39,1117.99,1116.63,1115.32,1114.05,1112.83,1111.64,1110.5,1109.39,1108.32,1107.28,1106.28,1105.31,1104.37,1103.46,1102.58,1101.73,1100.91,1100.11,1099.34,1098.6,1097.88,1097.18,1096.51,1095.85,1095.22,1094.62
3877.18,4480.38,5353.18,6239.34,5909.25,4651.86,3684.22,3074.59,2678.56,2405.75,2207.82,2058.11,1941.06,1847.08,1769.98,1705.6,1651.02,1604.17,1563.51,1527.9,1496.45,1468.47,1443.42,1420.87,1400.46,1381.91,1364.97,1349.45,1335.17,1322,1309.82,1298.51,1288,1278.19,1269.04,1260.46,1252.42,1244.87,1237.75,1231.05,1224.72,1218.74,1213.08,1207.72,1202.63,1197.79,1193.19,1188.82,1184.65,1180.67,1176.88,1173.25,1169.79,1166.47,1163.3,1160.26,1157.35,1154.55,1151.87,1149.3,1146.82,1144.45,1142.16,1139.96,1137.84,1135.8,1133.83,1131.94,1130.12,1128.35,1126.66,1125.02,1123.43,1121.91,1120.43,1119,1117.63,1116.3,1115.01,1113.76,1112.56,1111.4,1110.27,1109.18,1108.13,1107.11,1106.13,1105.17,1104.25,1103.35,1102.49,1101.65,1100.84,1100.06,1099.3,1098.57,1097.86,1097.18,1096.51,1095.87,1095.25
3816.84,4377.24,5172.78,6011.44,5876.43,4749.34,3777.78,3145.61,2731.96,2446.99,2240.63,2084.91,1963.44,1866.12,1786.43,1720,1663.76,1615.56,1573.77,1537.2,1504.94,1476.27,1450.61,1427.53,1406.66,1387.7,1370.39,1354.54,1339.97,1326.53,1314.1,1302.57,1291.86,1281.87,1272.54,1263.81,1255.62,1247.93,1240.69,1233.87,1227.44,1221.35,1215.59,1210.14,1204.96,1200.05,1195.37,1190.92,1186.69,1182.65,1178.79,1175.11,1171.59,1168.22,1165,1161.91,1158.95,1156.12,1153.39,1150.78,1148.27,1145.85,1143.53,1141.29,1139.14,1137.07,1135.08,1133.15,1131.3,1129.51,1127.79,1126.12,1124.52,1122.97,1121.47,1120.02,1118.62,1117.27,1115.96,1114.7,1113.48,1112.3,1111.15,1110.05,1108.98,1107.94,1106.94,1105.97,1105.03,1104.13,1103.25,1102.4,1101.58,1100.78,1100.01,1099.26,1098.54,1097.85,1097.17,1096.52,1095.89
3760.23,4282.61,5011.2,5799.19,5813.68,4828.87,3867,3215.97,2785.53,2488.54,2273.73,2111.95,1986.01,1885.31,1803.01,1734.49,1676.59,1627,1584.08,1546.55,1513.47,1484.09,1457.83,1434.22,1412.88,1393.5,1375.82,1359.64,1344.77,1331.06,1318.39,1306.64,1295.72,1285.55,1276.04,1267.15,1258.82,1250.99,1243.63,1236.69,1230.14,1223.96,1218.1,1212.56,1207.29,1202.3,1197.55,1193.03,1188.72,1184.62,1180.7,1176.96,1173.39,1169.97,1166.7,1163.56,1160.56,1157.68,1154.91,1152.26,1149.71,1147.25,1144.9,1142.63,1140.45,1138.34,1136.32,1134.37,1132.48,1130.67,1128.92,1127.23,1125.6,1124.02,1122.5,1121.03,1119.61,1118.24,1116.91,1115.63,1114.39,1113.19,1112.03,1110.91,1109.82,1108.77,1107.75,1106.77,1105.82,1104.9,1104,1103.14,1102.3,1101.5,1100.71,1099.96,1099.22,1098.52,1097.83,1097.17,1096.53
3707,4195.42,4865.62,5603.09,5728.48,4889.25,3950.62,3285.14,2839.05,2530.3,2307.07,2139.2,2008.76,1904.65,1819.69,1749.08,1689.48,1638.51,1594.43,1555.93,1522.03,1491.94,1465.07,1440.92,1419.1,1399.31,1381.26,1364.74,1349.58,1335.6,1322.68,1310.71,1299.58,1289.22,1279.55,1270.5,1262.02,1254.06,1246.57,1239.51,1232.85,1226.56,1220.61,1214.97,1209.63,1204.55,1199.72,1195.13,1190.76,1186.59,1182.61,1178.81,1175.18,1171.71,1168.39,1165.21,1162.16,1159.23,1156.43,1153.73,1151.14,1148.65,1146.26,1143.96,1141.74,1139.61,1137.56,1135.57,1133.67,1131.82,1130.05,1128.33,1126.68,1125.08,1123.54,1122.05,1120.6,1119.21,1117.86,1116.56,1115.3,1114.09,1112.91,1111.77,1110.67,1109.6,1108.57,1107.57,1106.6,1105.66,1104.76,1103.88,1103.03,1102.21,1101.42,1100.65,1099.9,1099.18,1098.49,1097.81,1097.16
3656.82,4114.76,4733.71,5422.64,5627.7,4930.15,4027.45,3352.57,2892.26,2572.14,2340.58,2166.62,2031.66,1924.1,1836.47,1763.75,1702.44,1650.07,1604.82,1565.35,1530.61,1499.81,1472.32,1447.63,1425.35,1405.13,1386.71,1369.86,1354.39,1340.14,1326.98,1314.78,1303.45,1292.9,1283.05,1273.85,1265.22,1257.12,1249.5,1242.32,1235.56,1229.16,1223.11,1217.39,1211.95,1206.8,1201.89,1197.23,1192.79,1188.56,1184.52,1180.66,1176.98,1173.45,1170.08,1166.85,1163.75,1160.79,1157.94,1155.2,1152.58,1150.05,1147.62,1145.29,1143.04,1140.88,1138.79,1136.78,1134.84,1132.98,1131.17,1129.43,1127.75,1126.13,1124.57,1123.05,1121.59,1120.18,1118.81,1117.49,1116.21,1114.98,1113.78,1112.63,1111.51,1110.43,1109.38,1108.36,1107.38,1106.43,1105.51,1104.62,1103.76,1102.92,1102.12,1101.34,1100.58,1099.85,1099.14,1098.46,1097.79
3609.42,4039.89,4613.59,5256.87,5517.15,4952.16,4096.46,3417.69,2944.92,2613.94,2374.19,2194.18,2054.68,1943.67,1853.35,1778.49,1715.46,1661.68,1615.26,1574.8,1539.23,1507.71,1479.59,1454.36,1431.6,1410.96,1392.16,1374.98,1359.21,1344.68,1331.27,1318.85,1307.32,1296.58,1286.56,1277.19,1268.41,1260.18,1252.43,1245.14,1238.26,1231.76,1225.62,1219.8,1214.28,1209.04,1204.06,1199.33,1194.82,1190.52,1186.42,1182.51,1178.77,1175.19,1171.77,1168.49,1165.35,1162.34,1159.45,1156.67,1154.01,1151.45,1148.98,1146.62,1144.34,1142.14,1140.02,1137.99,1136.02,1134.13,1132.3,1130.53,1128.83,1127.19,1125.6,1124.06,1122.58,1121.15,1119.76,1118.42,1117.12,1115.87,1114.66,1113.48,1112.35,1111.25,1110.19,1109.16,1108.16,1107.2,1106.26,1105.36,1104.48,1103.64,1102.82,1102.02,1101.26,1100.51,1099.79,1099.1,1098.42
3564.56,3970.16,4503.7,5104.59,5401.45,4956.56,4156.79,3479.91,2996.73,2655.57,2407.84,2221.83,2077.8,1963.32,1870.3,1793.29,1728.53,1673.33,1625.73,1584.28,1547.86,1515.62,1486.88,1461.1,1437.86,1416.8,1397.62,1380.1,1364.03,1349.23,1335.57,1322.92,1311.18,1300.26,1290.06,1280.53,1271.61,1263.23,1255.36,1247.95,1240.96,1234.36,1228.12,1222.21,1216.6,1211.28,1206.23,1201.42,1196.85,1192.48,1188.32,1184.35,1180.56,1176.93,1173.45,1170.13,1166.94,1163.89,1160.96,1158.14,1155.44,1152.84,1150.34,1147.94,1145.63,1143.4,1141.25,1139.19,1137.19,1135.27,1133.42,1131.63,1129.9,1128.23,1126.62,1125.07,1123.56,1122.11,1120.7,1119.35,1118.03,1116.76,1115.53,1114.34,1113.19,1112.07,1110.99,1109.95,1108.94,1107.96,1107.01,1106.09,1105.21,1104.35,1103.51,1102.71,1101.93,1101.18,1100.44,1099.74,1099.05
3522.02,3905.03,4402.75,4964.55,5284.06,4945.21,4207.8,3538.69,3047.41,2696.87,2441.44,2249.52,2101,1983.05,1887.32,1808.15,1741.65,1685.02,1636.24,1593.79,1556.52,1523.55,1494.18,1467.86,1444.13,1422.64,1403.09,1385.23,1368.85,1353.78,1339.87,1327,1315.05,1303.93,1293.56,1283.88,1274.8,1266.29,1258.29,1250.76,1243.66,1236.95,1230.61,1224.61,1218.92,1213.52,1208.39,1203.51,1198.87,1194.44,1190.22,1186.19,1182.34,1178.66,1175.14,1171.76,1168.53,1165.43,1162.46,1159.61,1156.86,1154.23,1151.7,1149.26,1146.92,1144.66,1142.48,1140.39,1138.37,1136.42,1134.54,1132.72,1130.97,1129.28,1127.65,1126.07,1124.55,1123.07,1121.65,1120.27,1118.94,1117.65,1116.4,1115.19,1114.02,1112.89,1111.8,1110.74,1109.71,1108.72,1107.76,1106.83,1105.93,1105.06,1104.21,1103.39,1102.6,1101.84,1101.1,1100.38,1099.68
3481.62,3844.02,4309.64,4835.57,5167.49,4920.26,4249.16,3593.52,3096.68,2737.7,2474.92,2277.21,2124.23,2002.83,1904.39,1823.06,1754.8,1696.74,1646.77,1603.31,1565.2,1531.5,1501.5,1474.62,1450.41,1428.49,1408.56,1390.36,1373.67,1358.33,1344.17,1331.07,1318.91,1307.61,1297.07,1287.22,1277.99,1269.34,1261.22,1253.57,1246.35,1239.55,1233.11,1227.02,1221.24,1215.76,1210.55,1205.6,1200.89,1196.4,1192.12,1188.03,1184.12,1180.39,1176.82,1173.4,1170.12,1166.98,1163.96,1161.07,1158.29,1155.62,1153.05,1150.58,1148.2,1145.91,1143.71,1141.58,1139.54,1137.56,1135.66,1133.82,1132.04,1130.33,1128.67,1127.07,1125.53,1124.03,1122.59,1121.19,1119.84,1118.53,1117.27,1116.04,1114.86,1113.71,1112.6,1111.53,1110.49,1109.48,1108.51,1107.56,1106.65,1105.76,1104.91,1104.08,1103.27,1102.5,1101.74,1101.02,1100.31
3443.18,3786.73,4223.46,4716.53,5053.43,4884,4280.78,3643.92,3144.23,2777.89,2508.17,2304.85,2147.47,2022.64,1921.49,1838,1767.99,1708.49,1657.32,1612.86,1573.89,1539.46,1508.82,1481.39,1456.69,1434.35,1414.03,1395.49,1378.5,1362.88,1348.47,1335.14,1322.78,1311.28,1300.57,1290.55,1281.18,1272.4,1264.14,1256.37,1249.05,1242.14,1235.6,1229.42,1223.56,1217.99,1212.71,1207.69,1202.91,1198.35,1194.01,1189.86,1185.9,1182.12,1178.49,1175.03,1171.7,1168.52,1165.46,1162.53,1159.71,1157,1154.4,1151.9,1149.49,1147.17,1144.93,1142.78,1140.7,1138.7,1136.77,1134.91,1133.11,1131.37,1129.69,1128.07,1126.5,1124.99,1123.53,1122.11,1120.74,1119.42,1118.13,1116.89,1115.69,1114.53,1113.4,1112.32,1111.26,1110.24,1109.25,1108.29,1107.37,1106.47,1105.6,1104.76,1103.94,1103.16,1102.39,1101.65,1100.94
3406.55,3732.81,4143.44,4606.45,4943.03,4838.64,4302.83,3689.52,3189.79,2817.29,2541.12,2332.38,2170.69,2042.47,1938.62,1852.97,1781.21,1720.26,1667.89,1622.43,1582.59,1547.43,1516.15,1488.17,1462.98,1440.2,1419.51,1400.62,1383.33,1367.43,1352.77,1339.21,1326.64,1314.95,1304.06,1293.89,1284.37,1275.44,1267.06,1259.17,1251.74,1244.72,1238.09,1231.81,1225.87,1220.23,1214.87,1209.77,1204.92,1200.3,1195.9,1191.69,1187.68,1183.84,1180.17,1176.65,1173.28,1170.05,1166.96,1163.98,1161.13,1158.39,1155.75,1153.21,1150.77,1148.42,1146.15,1143.97,1141.87,1139.84,1137.88,1136,1134.17,1132.41,1130.71,1129.07,1127.48,1125.95,1124.46,1123.03,1121.64,1120.3,1119,1117.74,1116.52,1115.35,1114.21,1113.1,1112.03,1111,1109.99,1109.02,1108.08,1107.17,1106.29,1105.44,1104.61,1103.81,1103.04,1102.29,1101.56
3371.6,3681.94,4068.9,4504.4,4836.94,4786.26,4315.72,3730.01,3233.08,2855.73,2573.67,2359.75,2193.85,2062.28,1955.75,1867.95,1794.44,1732.05,1678.48,1632,1591.31,1555.4,1523.49,1494.95,1469.27,1446.07,1424.99,1405.76,1388.15,1371.98,1357.07,1343.28,1330.5,1318.62,1307.56,1297.22,1287.55,1278.49,1269.98,1261.97,1254.42,1247.3,1240.58,1234.21,1228.18,1222.45,1217.02,1211.85,1206.93,1202.25,1197.78,1193.52,1189.45,1185.56,1181.84,1178.28,1174.86,1171.59,1168.45,1165.44,1162.55,1159.77,1157.09,1154.52,1152.05,1149.67,1147.37,1145.16,1143.03,1140.98,1138.99,1137.08,1135.23,1133.45,1131.73,1130.06,1128.46,1126.9,1125.4,1123.94,1122.54,1121.18,1119.86,1118.59,1117.35,1116.16,1115,1113.89,1112.8,1111.75,1110.74,1109.75,1108.8,1107.88,1106.98,1106.12,1105.28,1104.47,1103.68,1102.92,1102.19
3338.2,3633.86,3999.28,4409.58,4735.55,4728.69,4320.05,3765.17,3273.87,2893.06,2605.72,2386.9,2216.92,2082.05,1972.88,1882.94,1807.68,1743.85,1689.08,1641.58,1600.03,1563.38,1530.83,1501.73,1475.57,1451.93,1430.46,1410.89,1392.98,1376.53,1361.36,1347.35,1334.36,1322.29,1311.05,1300.55,1290.74,1281.53,1272.89,1264.77,1257.11,1249.88,1243.06,1236.6,1230.48,1224.68,1219.17,1213.93,1208.94,1204.19,1199.67,1195.35,1191.22,1187.28,1183.51,1179.9,1176.44,1173.12,1169.94,1166.89,1163.96,1161.14,1158.44,1155.83,1153.33,1150.91,1148.59,1146.35,1144.19,1142.11,1140.1,1138.16,1136.29,1134.49,1132.74,1131.06,1129.43,1127.85,1126.33,1124.86,1123.43,1122.05,1120.72,1119.43,1118.18,1116.97,1115.8,1114.67,1113.57,1112.51,1111.48,1110.48,1109.51,1108.58,1107.67,1106.8,1105.95,1105.12,1104.33,1103.55,1102.81
3306.25,3588.32,3934.08,4321.27,4638.98,4667.51,4316.54,3794.91,3311.91,2929.11,2637.19,2413.77,2239.86,2101.76,1989.98,1897.92,1820.92,1755.65,1699.68,1651.17,1608.76,1571.37,1538.18,1508.52,1481.87,1457.79,1435.94,1416.03,1397.8,1381.07,1365.66,1351.42,1338.22,1325.96,1314.54,1303.88,1293.91,1284.57,1275.8,1267.56,1259.79,1252.46,1245.54,1238.99,1232.78,1226.9,1221.31,1216,1210.95,1206.13,1201.55,1197.17,1192.99,1188.99,1185.17,1181.51,1178.01,1174.65,1171.43,1168.34,1165.37,1162.52,1159.77,1157.14,1154.6,1152.16,1149.8,1147.53,1145.35,1143.24,1141.21,1139.25,1137.35,1135.52,1133.76,1132.05,1130.4,1128.8,1127.26,1125.77,1124.33,1122.93,1121.58,1120.27,1119.01,1117.78,1116.6,1115.45,1114.34,1113.26,1112.22,1111.2,1110.23,1109.28,1108.36,1107.47,1106.61,1105.78,1104.97,1104.19,1103.43
3275.65,3545.13,3872.87,4238.85,4547.22,4604.04,4306.02,3819.2,3347.03,2963.74,2667.96,2440.31,2262.63,2121.4,2007.04,1912.88,1834.15,1767.45,1710.28,1660.76,1617.49,1579.36,1545.52,1515.3,1488.16,1463.65,1441.42,1421.16,1402.63,1385.62,1369.95,1355.48,1342.07,1329.62,1318.02,1307.21,1297.09,1287.61,1278.71,1270.34,1262.47,1255.03,1248.01,1241.37,1235.08,1229.11,1223.45,1218.07,1212.95,1208.07,1203.42,1198.99,1194.75,1190.7,1186.83,1183.13,1179.58,1176.18,1172.91,1169.78,1166.78,1163.89,1161.11,1158.44,1155.87,1153.4,1151.01,1148.72,1146.5,1144.37,1142.31,1140.32,1138.41,1136.55,1134.77,1133.04,1131.37,1129.75,1128.19,1126.68,1125.22,1123.8,1122.44,1121.11,1119.83,1118.59,1117.39,1116.23,1115.1,1114.01,1112.95,1111.93,1110.94,1109.98,1109.05,1108.15,1107.27,1106.43,1105.61,1104.82,1104.05
3246.31,3504.08,3815.28,4161.76,4460.17,4539.34,4289.33,3838.12,3379.07,2996.8,2697.96,2466.45,2285.2,2140.92,2024.04,1927.8,1847.36,1779.24,1720.87,1670.35,1626.21,1587.34,1552.87,1522.09,1494.45,1469.51,1446.89,1426.29,1407.45,1390.16,1374.24,1359.54,1345.92,1333.28,1321.51,1310.53,1300.26,1290.64,1281.61,1273.13,1265.14,1257.6,1250.48,1243.75,1237.37,1231.33,1225.59,1220.14,1214.95,1210.01,1205.3,1200.8,1196.51,1192.41,1188.49,1184.74,1181.14,1177.7,1174.4,1171.23,1168.18,1165.26,1162.45,1159.74,1157.14,1154.63,1152.22,1149.9,1147.66,1145.5,1143.41,1141.4,1139.46,1137.58,1135.77,1134.02,1132.33,1130.7,1129.12,1127.59,1126.11,1124.68,1123.29,1121.95,1120.65,1119.4,1118.18,1117,1115.86,1114.76,1113.69,1112.65,1111.65,1110.67,1109.73,1108.82,1107.93,1107.08,1106.25,1105.44,1104.67
3218.14,3465.01,3760.97,4089.49,4377.66,4474.28,4267.34,3851.83,3407.9,3028.17,2727.08,2492.13,2307.51,2160.3,2040.97,1942.68,1860.55,1791.01,1731.46,1679.93,1634.93,1595.32,1560.21,1528.87,1500.74,1475.37,1452.36,1431.41,1412.26,1394.69,1378.52,1363.59,1349.77,1336.93,1324.98,1313.84,1303.42,1293.67,1284.51,1275.91,1267.81,1260.17,1252.95,1246.13,1239.66,1233.54,1227.72,1222.2,1216.94,1211.94,1207.17,1202.61,1198.27,1194.12,1190.15,1186.35,1182.71,1179.22,1175.87,1172.67,1169.58,1166.62,1163.78,1161.04,1158.41,1155.87,1153.43,1151.08,1148.81,1146.62,1144.51,1142.48,1140.51,1138.61,1136.78,1135.01,1133.3,1131.64,1130.04,1128.49,1127,1125.55,1124.15,1122.79,1121.48,1120.2,1118.97,1117.78,1116.62,1115.51,1114.42,1113.37,1112.35,1111.37,1110.41,1109.49,1108.59,1107.73,1106.89,1106.07,1105.28
3191.06,3427.77,3709.67,4021.6,4299.47,4409.52,4240.89,3860.57,3433.47,3057.73,2755.24,2517.29,2329.55,2179.53,2057.8,1957.51,1873.7,1802.76,1742.03,1689.49,1643.64,1603.3,1567.54,1535.65,1507.03,1481.22,1457.82,1436.53,1417.07,1399.23,1382.8,1367.64,1353.61,1340.58,1328.46,1317.15,1306.59,1296.69,1287.41,1278.68,1270.47,1262.73,1255.41,1248.5,1241.95,1235.74,1229.85,1224.26,1218.93,1213.86,1209.03,1204.42,1200.02,1195.82,1191.8,1187.95,1184.27,1180.74,1177.35,1174.1,1170.98,1167.99,1165.1,1162.33,1159.67,1157.1,1154.63,1152.25,1149.96,1147.74,1145.61,1143.55,1141.56,1139.64,1137.78,1135.99,1134.26,1132.58,1130.96,1129.4,1127.88,1126.42,1125,1123.62,1122.29,1121.01,1119.76,1118.55,1117.38,1116.25,1115.15,1114.09,1113.06,1112.06,1111.1,1110.16,1109.25,1108.37,1107.52,1106.7,1105.9
3165.02,3392.23,3661.11,3957.72,4225.39,4345.57,4210.74,3864.63,3455.73,3085.38,2782.35,2541.88,2351.26,2198.56,2074.51,1972.26,1886.81,1814.48,1752.58,1699.05,1652.34,1611.26,1574.87,1542.41,1513.31,1487.06,1463.28,1441.65,1421.88,1403.75,1387.08,1371.69,1357.44,1344.22,1331.93,1320.46,1309.74,1299.71,1290.3,1281.46,1273.13,1265.28,1257.87,1250.87,1244.23,1237.95,1231.98,1226.31,1220.92,1215.78,1210.89,1206.23,1201.77,1197.52,1193.45,1189.55,1185.82,1182.25,1178.82,1175.54,1172.38,1169.35,1166.43,1163.63,1160.93,1158.33,1155.83,1153.42,1151.1,1148.86,1146.7,1144.62,1142.6,1140.66,1138.78,1136.97,1135.22,1133.52,1131.88,1130.3,1128.77,1127.28,1125.85,1124.46,1123.11,1121.81,1120.55,1119.32,1118.14,1116.99,1115.88,1114.81,1113.77,1112.76,1111.78,1110.83,1109.91,1109.02,1108.16,1107.32,1106.51
3139.95,3358.26,3615.07,3897.48,4155.16,4282.8,4177.62,3864.34,3474.69,3111.03,2808.34,2565.84,2372.6,2217.38,2091.1,1986.93,1899.86,1826.17,1763.1,1708.58,1661.03,1619.21,1582.18,1549.17,1519.58,1492.9,1468.74,1446.75,1426.68,1408.27,1391.34,1375.73,1361.27,1347.86,1335.39,1323.76,1312.9,1302.73,1293.19,1284.22,1275.79,1267.83,1260.33,1253.23,1246.51,1240.14,1234.1,1228.36,1222.9,1217.7,1212.75,1208.03,1203.52,1199.21,1195.09,1191.15,1187.38,1183.76,1180.29,1176.97,1173.77,1170.7,1167.75,1164.92,1162.19,1159.56,1157.03,1154.59,1152.24,1149.98,1147.79,1145.68,1143.65,1141.68,1139.78,1137.95,1136.17,1134.46,1132.8,1131.2,1129.65,1128.15,1126.69,1125.29,1123.93,1122.61,1121.33,1120.1,1118.9,1117.74,1116.61,1115.52,1114.47,1113.45,1112.46,1111.5,1110.57,1109.66,1108.79,1107.95,1107.13
3115.79,3325.75,3571.35,3840.59,4088.56,4221.5,4142.16,3860.06,3490.39,3134.63,2833.13,2589.12,2393.55,2235.96,2107.53,2001.51,1912.85,1837.8,1773.59,1718.09,1669.69,1627.15,1589.49,1555.92,1525.84,1498.73,1474.18,1451.86,1431.47,1412.79,1395.61,1379.76,1365.1,1351.49,1338.85,1327.06,1316.04,1305.73,1296.07,1286.98,1278.44,1270.38,1262.78,1255.59,1248.78,1242.34,1236.22,1230.41,1224.88,1219.62,1214.61,1209.83,1205.26,1200.9,1196.73,1192.75,1188.93,1185.27,1181.76,1178.39,1175.16,1172.06,1169.07,1166.2,1163.44,1160.79,1158.23,1155.76,1153.38,1151.09,1148.88,1146.75,1144.69,1142.7,1140.78,1138.92,1137.13,1135.4,1133.72,1132.1,1130.53,1129.01,1127.54,1126.12,1124.74,1123.41,1122.11,1120.86,1119.65,1118.48,1117.34,1116.24,1115.17,1114.14,1113.13,1112.16,1111.22,1110.31,1109.42,1108.57,1107.74
3092.49,3294.61,3529.76,3786.76,4025.36,4161.85,4104.95,3852.17,3502.9,3156.12,2856.67,2611.65,2414.06,2254.27,2123.8,2015.97,1925.76,1849.39,1784.04,1727.57,1678.34,1635.07,1596.78,1562.66,1532.09,1504.55,1479.62,1456.95,1436.26,1417.3,1399.86,1383.79,1368.91,1355.12,1342.3,1330.35,1319.18,1308.74,1298.94,1289.74,1281.08,1272.92,1265.22,1257.94,1251.05,1244.53,1238.33,1232.45,1226.85,1221.53,1216.46,1211.62,1207,1202.59,1198.37,1194.34,1190.47,1186.77,1183.22,1179.82,1176.55,1173.41,1170.39,1167.49,1164.7,1162.01,1159.42,1156.93,1154.52,1152.2,1149.97,1147.81,1145.73,1143.72,1141.77,1139.9,1138.08,1136.33,1134.63,1132.99,1131.41,1129.87,1128.38,1126.94,1125.55,1124.2,1122.9,1121.63,1120.4,1119.22,1118.07,1116.95,1115.87,1114.82,1113.81,1112.83,1111.87,1110.95,1110.06,1109.19,1108.35
3070,3264.74,3490.14,3735.75,3965.34,4103.98,4066.45,3841.05,3512.35,3175.48,2878.89,2633.4,2434.09,2272.29,2139.88,2030.31,1938.58,1860.91,1794.45,1737.02,1686.95,1642.97,1604.05,1569.38,1538.33,1510.36,1485.04,1462.03,1441.03,1421.79,1404.11,1387.81,1372.73,1358.74,1345.74,1333.63,1322.32,1311.74,1301.81,1292.49,1283.72,1275.46,1267.66,1260.29,1253.32,1246.71,1240.44,1234.49,1228.83,1223.44,1218.3,1213.41,1208.74,1204.27,1200.01,1195.93,1192.02,1188.27,1184.68,1181.24,1177.93,1174.76,1171.7,1168.77,1165.94,1163.23,1160.61,1158.09,1155.66,1153.31,1151.05,1148.87,1146.76,1144.73,1142.77,1140.87,1139.03,1137.26,1135.55,1133.89,1132.28,1130.73,1129.23,1127.77,1126.36,1125,1123.68,1122.4,1121.16,1119.95,1118.79,1117.66,1116.57,1115.51,1114.48,1113.49,1112.52,1111.59,1110.69,1109.81,1108.96
3048.28,3236.07,3452.35,3687.34,3908.29,4047.95,4027.11,3827.08,3518.85,3192.71,2899.76,2654.32,2453.62,2289.99,2155.75,2044.52,1951.32,1872.37,1804.81,1746.43,1695.54,1650.85,1611.3,1576.09,1544.55,1516.15,1490.46,1467.11,1445.8,1426.29,1408.35,1391.82,1376.53,1362.36,1349.18,1336.91,1325.45,1314.73,1304.68,1295.24,1286.36,1277.99,1270.1,1262.64,1255.58,1248.89,1242.55,1236.52,1230.79,1225.34,1220.15,1215.19,1210.47,1205.95,1201.64,1197.51,1193.56,1189.77,1186.14,1182.66,1179.31,1176.1,1173.01,1170.05,1167.19,1164.44,1161.8,1159.25,1156.79,1154.42,1152.13,1149.93,1147.8,1145.74,1143.76,1141.84,1139.98,1138.19,1136.46,1134.78,1133.16,1131.59,1130.07,1128.59,1127.17,1125.79,1124.45,1123.16,1121.91,1120.69,1119.51,1118.37,1117.27,1116.2,1115.16,1114.15,1113.17,1112.23,1111.31,1110.43,1109.57
3027.27,3208.51,3416.25,3641.33,3854.02,3993.8,3987.27,3810.62,3522.57,3207.81,2919.22,2674.37,2472.59,2307.34,2171.4,2058.57,1963.95,1883.76,1815.11,1755.8,1704.1,1658.7,1618.53,1582.78,1550.76,1521.93,1495.86,1472.17,1450.56,1430.77,1412.58,1395.82,1380.33,1365.96,1352.62,1340.18,1328.57,1317.71,1307.54,1297.98,1288.99,1280.52,1272.53,1264.98,1257.83,1251.07,1244.65,1238.55,1232.75,1227.24,1221.99,1216.98,1212.2,1207.63,1203.27,1199.09,1195.09,1191.26,1187.59,1184.07,1180.69,1177.44,1174.32,1171.32,1168.44,1165.66,1162.98,1160.4,1157.92,1155.52,1153.21,1150.98,1148.83,1146.75,1144.75,1142.81,1140.93,1139.12,1137.36,1135.67,1134.03,1132.44,1130.9,1129.42,1127.98,1126.58,1125.23,1123.92,1122.65,1121.42,1120.23,1119.08,1117.96,1116.88,1115.83,1114.81,1113.82,1112.87,1111.94,1111.04,1110.17
3006.96,3181.99,3381.74,3597.54,3802.34,3941.54,3947.23,3792.02,3523.67,3220.8,2937.26,2693.5,2491,2324.33,2186.8,2072.46,1976.46,1895.06,1825.36,1765.12,1712.62,1666.52,1625.74,1589.44,1556.95,1527.7,1501.25,1477.22,1455.3,1435.24,1416.8,1399.82,1384.12,1369.56,1356.04,1343.45,1331.69,1320.69,1310.39,1300.71,1291.61,1283.04,1274.95,1267.31,1260.08,1253.24,1246.74,1240.57,1234.71,1229.13,1223.82,1218.75,1213.92,1209.3,1204.89,1200.67,1196.63,1192.76,1189.04,1185.48,1182.06,1178.78,1175.63,1172.59,1169.68,1166.87,1164.16,1161.56,1159.05,1156.63,1154.29,1152.04,1149.86,1147.76,1145.73,1143.77,1141.87,1140.04,1138.27,1136.56,1134.9,1133.29,1131.74,1130.24,1128.78,1127.37,1126,1124.68,1123.4,1122.16,1120.95,1119.79,1118.66,1117.56,1116.5,1115.47,1114.47,1113.5,1112.57,1111.66,1110.78
2987.29,3156.46,3348.69,3555.8,3753.09,3891.15,3907.24,3771.59,3522.34,3231.74,2953.86,2711.7,2508.8,2340.92,2201.95,2086.17,1988.86,1906.28,1835.54,1774.39,1721.11,1674.31,1632.92,1596.09,1563.12,1533.45,1506.63,1482.26,1460.04,1439.7,1421.02,1403.8,1387.9,1373.15,1359.46,1346.7,1334.8,1323.67,1313.23,1303.44,1294.23,1285.56,1277.37,1269.64,1262.33,1255.4,1248.83,1242.59,1236.67,1231.02,1225.65,1220.53,1215.64,1210.97,1206.51,1202.24,1198.16,1194.24,1190.49,1186.89,1183.44,1180.12,1176.93,1173.86,1170.91,1168.08,1165.34,1162.71,1160.17,1157.72,1155.36,1153.09,1150.89,1148.76,1146.71,1144.73,1142.82,1140.97,1139.17,1137.44,1135.77,1134.14,1132.57,1131.05,1129.58,1128.16,1126.78,1125.44,1124.14,1122.89,1121.67,1120.49,1119.35,1118.24,1117.17,1116.13,1115.12,1114.14,1113.19,1112.27,1111.38
2968.24,3131.86,3317.01,3515.97,3706.1,3842.59,3867.5,3749.64,3518.75,3240.67,2969.01,2728.92,2525.97,2357.1,2216.82,2099.69,2001.12,1917.39,1845.64,1783.61,1729.55,1682.06,1640.08,1602.71,1569.27,1539.19,1511.99,1487.28,1464.76,1444.15,1425.22,1407.78,1391.67,1376.74,1362.87,1349.95,1337.9,1326.63,1316.07,1306.16,1296.84,1288.07,1279.79,1271.97,1264.57,1257.56,1250.92,1244.61,1238.61,1232.91,1227.48,1222.3,1217.36,1212.64,1208.13,1203.81,1199.68,1195.73,1191.93,1188.3,1184.8,1181.45,1178.23,1175.13,1172.15,1169.28,1166.52,1163.86,1161.29,1158.82,1156.44,1154.13,1151.91,1149.77,1147.7,1145.69,1143.76,1141.89,1140.08,1138.33,1136.63,1134.99,1133.41,1131.87,1130.38,1128.94,1127.55,1126.2,1124.89,1123.62,1122.39,1121.19,1120.04,1118.92,1117.83,1116.78,1115.76,1114.77,1113.81,1112.88,1111.98
2949.77,3108.13,3286.62,3477.92,3661.24,3795.81,3828.17,3726.44,3513.1,3247.67,2982.71,2745.16,2542.48,2372.85,2231.4,2113.02,2013.23,1928.41,1855.67,1792.77,1737.94,1689.78,1647.2,1609.31,1575.41,1544.9,1517.33,1492.29,1469.47,1448.59,1429.41,1411.75,1395.43,1380.31,1366.27,1353.2,1341,1329.59,1318.91,1308.88,1299.45,1290.57,1282.2,1274.29,1266.8,1259.72,1253,1246.62,1240.56,1234.79,1229.3,1224.06,1219.07,1214.3,1209.74,1205.38,1201.2,1197.21,1193.37,1189.7,1186.17,1182.78,1179.52,1176.39,1173.38,1170.48,1167.69,1165,1162.41,1159.92,1157.51,1155.18,1152.94,1150.77,1148.67,1146.65,1144.7,1142.8,1140.98,1139.21,1137.5,1135.84,1134.24,1132.69,1131.18,1129.73,1128.32,1126.95,1125.63,1124.34,1123.1,1121.9,1120.73,1119.6,1118.5,1117.44,1116.4,1115.4,1114.43,1113.49,1112.58
2931.86,3085.23,3257.43,3441.52,3618.36,3750.76,3789.39,3702.22,3505.57,3252.81,2994.97,2760.39,2558.32,2388.14,2245.67,2126.12,2025.2,1939.31,1865.62,1801.87,1746.28,1697.46,1654.29,1615.88,1581.51,1550.6,1522.66,1497.29,1474.17,1453.01,1433.59,1415.7,1399.18,1383.87,1369.66,1356.43,1344.09,1332.54,1321.73,1311.59,1302.05,1293.07,1284.6,1276.6,1269.03,1261.87,1255.08,1248.63,1242.5,1236.67,1231.12,1225.83,1220.78,1215.96,1211.35,1206.94,1202.72,1198.68,1194.81,1191.1,1187.53,1184.11,1180.82,1177.65,1174.61,1171.68,1168.86,1166.15,1163.53,1161.01,1158.57,1156.22,1153.96,1151.77,1149.65,1147.61,1145.63,1143.72,1141.87,1140.09,1138.36,1136.69,1135.07,1133.5,1131.98,1130.51,1129.08,1127.7,1126.37,1125.07,1123.81,1122.6,1121.42,1120.27,1119.16,1118.09,1117.05,1116.03,1115.05,1114.1,1113.18
2914.48,3063.1,3229.36,3406.67,3577.34,3707.38,3751.25,3677.22,3496.36,3256.18,3005.8,2774.61,2573.46,2402.95,2259.61,2139,2037,1950.1,1875.48,1810.9,1754.57,1705.1,1661.35,1622.42,1587.6,1556.27,1527.96,1502.27,1478.85,1457.42,1437.76,1419.65,1402.92,1387.43,1373.04,1359.66,1347.17,1335.49,1324.55,1314.29,1304.64,1295.56,1287,1278.91,1271.26,1264.01,1257.15,1250.63,1244.43,1238.54,1232.93,1227.58,1222.48,1217.61,1212.95,1208.5,1204.24,1200.16,1196.24,1192.49,1188.89,1185.43,1182.11,1178.91,1175.84,1172.88,1170.03,1167.29,1164.64,1162.1,1159.64,1157.26,1154.97,1152.76,1150.62,1148.56,1146.56,1144.64,1142.77,1140.97,1139.22,1137.53,1135.89,1134.31,1132.77,1131.29,1129.85,1128.46,1127.1,1125.79,1124.53,1123.3,1122.1,1120.95,1119.83,1118.74,1117.69,1116.66,1115.67,1114.71,1113.78
2897.61,3041.71,3202.35,3373.27,3538.07,3665.61,3713.83,3651.61,3485.63,3257.88,3015.24,2787.8,2587.89,2417.28,2273.22,2151.65,2048.63,1960.76,1885.24,1819.85,1762.81,1712.69,1668.37,1628.93,1593.65,1561.92,1533.25,1507.23,1483.51,1461.82,1441.91,1423.58,1406.65,1390.97,1376.42,1362.87,1350.24,1338.43,1327.36,1316.99,1307.23,1298.05,1289.39,1281.21,1273.48,1266.15,1259.21,1252.62,1246.36,1240.41,1234.74,1229.33,1224.18,1219.26,1214.55,1210.05,1205.75,1201.63,1197.67,1193.88,1190.24,1186.75,1183.39,1180.17,1177.06,1174.07,1171.2,1168.43,1165.76,1163.18,1160.7,1158.3,1155.99,1153.75,1151.6,1149.51,1147.5,1145.55,1143.66,1141.84,1140.08,1138.37,1136.72,1135.12,1133.57,1132.07,1130.61,1129.2,1127.84,1126.52,1125.23,1123.99,1122.79,1121.62,1120.49,1119.39,1118.32,1117.29,1116.29,1115.32,1114.38
2881.21,3021.02,3176.34,3341.22,3500.43,3625.38,3677.19,3625.58,3473.56,3258,3023.31,2799.96,2601.59,2431.11,2286.47,2164.04,2060.08,1971.29,1894.91,1828.73,1770.98,1720.23,1675.35,1635.41,1599.68,1567.55,1538.52,1512.17,1488.16,1466.21,1446.05,1427.5,1410.37,1394.51,1379.78,1366.08,1353.3,1341.36,1330.17,1319.67,1309.81,1300.53,1291.77,1283.5,1275.69,1268.29,1261.27,1254.62,1248.29,1242.27,1236.54,1231.08,1225.87,1220.9,1216.15,1211.61,1207.26,1203.09,1199.1,1195.27,1191.6,1188.07,1184.68,1181.42,1178.28,1175.27,1172.36,1169.56,1166.86,1164.26,1161.76,1159.34,1157,1154.74,1152.57,1150.46,1148.43,1146.46,1144.55,1142.71,1140.93,1139.21,1137.54,1135.92,1134.36,1132.84,1131.38,1129.95,1128.57,1127.24,1125.94,1124.69,1123.47,1122.29,1121.15,1120.04,1118.96,1117.92,1116.91,1115.93,1114.97
2865.28,3000.99,3151.27,3310.43,3464.32,3586.62,3641.37,3599.27,3460.32,3256.65,3030.06,2811.1,2614.56,2444.41,2299.36,2176.18,2071.35,1981.67,1904.47,1837.53,1779.09,1727.72,1682.28,1641.86,1605.68,1573.15,1543.76,1517.09,1492.79,1470.57,1450.18,1431.41,1414.08,1398.03,1383.14,1369.28,1356.35,1344.28,1332.97,1322.36,1312.38,1303,1294.15,1285.79,1277.9,1270.42,1263.33,1256.6,1250.21,1244.13,1238.34,1232.83,1227.57,1222.54,1217.74,1213.15,1208.76,1204.55,1200.52,1196.65,1192.94,1189.38,1185.96,1182.67,1179.5,1176.45,1173.52,1170.69,1167.97,1165.35,1162.81,1160.37,1158.01,1155.73,1153.53,1151.41,1149.35,1147.37,1145.44,1143.59,1141.79,1140.05,1138.36,1136.73,1135.15,1133.62,1132.14,1130.7,1129.31,1127.96,1126.65,1125.38,1124.15,1122.96,1121.8,1120.68,1119.6,1118.54,1117.52,1116.53,1115.57
2849.78,2981.59,3127.08,3280.84,3429.67,3549.28,3606.39,3572.8,3446.05,3253.91,3035.53,2821.23,2626.78,2457.19,2311.88,2188.04,2082.42,1991.92,1913.92,1846.24,1787.13,1735.16,1689.18,1648.26,1611.65,1578.73,1548.99,1522,1497.41,1474.93,1454.3,1435.31,1417.78,1401.55,1386.48,1372.47,1359.4,1347.19,1335.75,1325.03,1314.95,1305.46,1296.52,1288.08,1280.1,1272.54,1265.38,1258.58,1252.12,1245.98,1240.14,1234.57,1229.25,1224.18,1219.33,1214.7,1210.26,1206.01,1201.94,1198.04,1194.29,1190.69,1187.23,1183.91,1180.71,1177.64,1174.68,1171.82,1169.07,1166.42,1163.87,1161.4,1159.02,1156.72,1154.5,1152.35,1150.28,1148.27,1146.33,1144.45,1142.64,1140.88,1139.18,1137.53,1135.94,1134.39,1132.89,1131.44,1130.04,1128.67,1127.35,1126.07,1124.83,1123.63,1122.46,1121.33,1120.23,1119.17,1118.13,1117.13,1116.16
2834.7,2962.78,3103.73,3252.37,3396.37,3513.29,3572.28,3546.29,3430.89,3249.91,3039.77,2830.36,2638.26,2469.43,2324,2199.63,2093.28,2002.01,1923.25,1854.87,1795.1,1742.54,1696.03,1654.63,1617.59,1584.28,1554.18,1526.88,1502,1479.26,1458.39,1439.19,1421.46,1405.05,1389.82,1375.65,1362.44,1350.09,1338.53,1327.69,1317.51,1307.92,1298.89,1290.36,1282.29,1274.66,1267.42,1260.56,1254.03,1247.83,1241.93,1236.3,1230.93,1225.81,1220.92,1216.24,1211.76,1207.47,1203.36,1199.41,1195.63,1192,1188.51,1185.15,1181.93,1178.82,1175.83,1172.95,1170.17,1167.5,1164.92,1162.43,1160.02,1157.7,1155.46,1153.29,1151.2,1149.17,1147.22,1145.32,1143.49,1141.71,1140,1138.33,1136.72,1135.16,1133.65,1132.19,1130.77,1129.39,1128.06,1126.76,1125.51,1124.29,1123.12,1121.97,1120.86,1119.79,1118.75,1117.73,1116.75
2820.03,2944.54,3081.17,3224.95,3364.35,3478.59,3539.03,3519.84,3414.98,3244.73,3042.82,2838.51,2648.98,2481.12,2335.74,2210.93,2103.94,2011.94,1932.47,1863.4,1803,1749.86,1702.83,1660.96,1623.49,1589.8,1559.36,1531.74,1506.58,1483.58,1462.48,1443.06,1425.13,1408.54,1393.14,1378.82,1365.46,1352.99,1341.31,1330.35,1320.06,1310.37,1301.24,1292.63,1284.48,1276.77,1269.46,1262.53,1255.94,1249.68,1243.71,1238.03,1232.61,1227.44,1222.5,1217.77,1213.25,1208.92,1204.77,1200.79,1196.97,1193.3,1189.78,1186.39,1183.13,1180,1176.98,1174.07,1171.27,1168.57,1165.97,1163.45,1161.03,1158.68,1156.42,1154.23,1152.12,1150.08,1148.1,1146.19,1144.34,1142.55,1140.81,1139.13,1137.51,1135.93,1134.41,1132.93,1131.49,1130.1,1128.76,1127.45,1126.19,1124.96,1123.77,1122.61,1121.49,1120.41,1119.36,1118.33,1117.34
2805.74,2926.84,3059.35,3198.52,3333.54,3445.12,3506.65,3493.52,3398.42,3238.48,3044.75,2845.69,2658.97,2492.26,2347.07,2221.94,2114.37,2021.72,1941.56,1871.83,1810.82,1757.12,1709.57,1667.24,1629.36,1595.29,1564.51,1536.58,1511.14,1487.88,1466.54,1446.91,1428.79,1412.01,1396.45,1381.97,1368.48,1355.87,1344.07,1333,1322.6,1312.82,1303.6,1294.89,1286.66,1278.87,1271.49,1264.49,1257.84,1251.51,1245.49,1239.76,1234.28,1229.06,1224.07,1219.3,1214.74,1210.36,1206.17,1202.16,1198.3,1194.6,1191.04,1187.63,1184.34,1181.18,1178.13,1175.2,1172.37,1169.64,1167.01,1164.48,1162.03,1159.66,1157.38,1155.17,1153.04,1150.97,1148.98,1147.05,1145.18,1143.37,1141.62,1139.93,1138.29,1136.7,1135.16,1133.67,1132.22,1130.82,1129.46,1128.14,1126.86,1125.62,1124.42,1123.26,1122.12,1121.03,1119.96,1118.93,1117.93
2791.81,2909.65,3038.25,3173.04,3303.87,3412.82,3475.14,3467.41,3381.35,3231.25,3045.6,2851.93,2668.2,2502.84,2357.98,2232.64,2124.58,2031.32,1950.52,1880.17,1818.57,1764.32,1716.27,1673.49,1635.19,1600.75,1569.63,1541.39,1515.67,1492.16,1470.59,1450.75,1432.43,1415.48,1399.75,1385.12,1371.49,1358.75,1346.82,1335.64,1325.14,1315.26,1305.94,1297.15,1288.84,1280.97,1273.52,1266.45,1259.73,1253.35,1247.27,1241.48,1235.95,1230.68,1225.64,1220.83,1216.22,1211.81,1207.58,1203.52,1199.63,1195.9,1192.31,1188.86,1185.54,1182.35,1179.27,1176.31,1173.46,1170.71,1168.06,1165.5,1163.02,1160.64,1158.33,1156.11,1153.95,1151.87,1149.86,1147.91,1146.03,1144.2,1142.44,1140.73,1139.07,1137.46,1135.91,1134.4,1132.94,1131.53,1130.16,1128.83,1127.54,1126.28,1125.07,1123.89,1122.75,1121.65,1120.57,1119.53,1118.52
2778.24,2892.96,3017.82,3148.44,3275.27,3381.64,3444.48,3441.55,3363.84,3223.13,3045.45,2857.25,2676.71,2512.86,2368.48,2243.03,2134.56,2040.74,1959.35,1888.4,1826.23,1771.45,1722.91,1679.68,1640.98,1606.17,1574.72,1546.18,1520.19,1496.42,1474.63,1454.57,1436.06,1418.93,1403.04,1388.26,1374.48,1361.61,1349.57,1338.28,1327.67,1317.69,1308.28,1299.4,1291.01,1283.07,1275.54,1268.4,1261.62,1255.18,1249.04,1243.19,1237.62,1232.3,1227.21,1222.35,1217.7,1213.25,1208.98,1204.89,1200.96,1197.19,1193.57,1190.09,1186.74,1183.52,1180.42,1177.43,1174.55,1171.77,1169.1,1166.51,1164.02,1161.61,1159.29,1157.04,1154.87,1152.77,1150.73,1148.77,1146.87,1145.03,1143.24,1141.52,1139.85,1138.23,1136.66,1135.14,1133.67,1132.24,1130.85,1129.51,1128.21,1126.94,1125.72,1124.53,1123.38,1122.26,1121.18,1120.13,1119.11
2765.01,2876.73,2998.02,3124.67,3247.7,3351.52,3414.67,3415.99,3345.99,3214.22,3044.34,2861.69,2684.48,2522.31,2378.56,2253.11,2144.3,2049.99,1968.03,1896.52,1833.8,1778.51,1729.5,1685.83,1646.74,1611.56,1579.78,1550.95,1524.68,1500.67,1478.64,1458.38,1439.68,1422.37,1406.32,1391.38,1377.47,1364.47,1352.31,1340.9,1330.19,1320.11,1310.61,1301.64,1293.17,1285.15,1277.56,1270.35,1263.51,1257,1250.81,1244.9,1239.28,1233.91,1228.77,1223.87,1219.18,1214.68,1210.38,1206.25,1202.28,1198.48,1194.83,1191.31,1187.94,1184.68,1181.56,1178.54,1175.64,1172.84,1170.13,1167.53,1165.01,1162.58,1160.24,1157.97,1155.78,1153.66,1151.61,1149.63,1147.71,1145.85,1144.05,1142.31,1140.62,1138.99,1137.41,1135.87,1134.39,1132.94,1131.55,1130.19,1128.88,1127.6,1126.37,1125.17,1124.01,1122.88,1121.78,1120.72,1119.69
2752.1,2860.96,2978.84,3101.71,3221.08,3322.42,3385.67,3390.78,3327.89,3204.59,3042.35,2865.28,2691.54,2531.21,2388.21,2262.87,2153.81,2059.05,1976.58,1904.53,1841.29,1785.5,1736.03,1691.94,1652.45,1616.92,1584.82,1555.68,1529.15,1504.89,1482.64,1462.17,1443.28,1425.79,1409.58,1394.5,1380.44,1367.32,1355.03,1343.52,1332.7,1322.52,1312.93,1303.88,1295.33,1287.24,1279.57,1272.29,1265.38,1258.82,1252.57,1246.61,1240.93,1235.51,1230.33,1225.38,1220.65,1216.11,1211.77,1207.6,1203.6,1199.77,1196.08,1192.54,1189.13,1185.85,1182.69,1179.65,1176.72,1173.89,1171.17,1168.54,1166,1163.55,1161.18,1158.9,1156.69,1154.55,1152.48,1150.48,1148.54,1146.67,1144.86,1143.1,1141.4,1139.75,1138.15,1136.61,1135.1,1133.65,1132.24,1130.87,1129.55,1128.26,1127.01,1125.8,1124.63,1123.49,1122.39,1121.32,1120.28
2739.5,2845.6,2960.23,3079.49,3195.38,3294.29,3357.48,3365.94,3309.59,3194.33,3039.51,2868.05,2697.9,2539.55,2397.43,2272.3,2163.06,2067.93,1984.98,1912.42,1848.68,1792.41,1742.49,1697.99,1658.12,1622.24,1589.82,1560.39,1533.59,1509.09,1486.62,1465.94,1446.86,1429.21,1412.83,1397.6,1383.41,1370.15,1357.75,1346.12,1335.2,1324.93,1315.25,1306.11,1297.48,1289.31,1281.57,1274.23,1267.26,1260.63,1254.32,1248.31,1242.58,1237.11,1231.89,1226.89,1222.12,1217.54,1213.16,1208.95,1204.92,1201.05,1197.33,1193.76,1190.32,1187.01,1183.82,1180.76,1177.8,1174.95,1172.2,1169.55,1166.99,1164.52,1162.13,1159.82,1157.59,1155.44,1153.35,1151.33,1149.38,1147.49,1145.66,1143.89,1142.17,1140.51,1138.9,1137.34,1135.82,1134.35,1132.93,1131.55,1130.21,1128.92,1127.66,1126.44,1125.25,1124.1,1122.99,1121.91,1120.86
2727.21,2830.66,2942.17,3057.99,3170.55,3267.09,3330.07,3341.5,3291.18,3183.5,3035.9,2870.03,2703.57,2547.33,2406.23,2281.4,2172.06,2076.6,1993.23,1920.2,1855.98,1799.25,1748.9,1703.99,1663.75,1627.53,1594.79,1565.08,1538.01,1513.27,1490.58,1469.7,1450.43,1432.6,1416.07,1400.69,1386.36,1372.98,1360.46,1348.72,1337.7,1327.33,1317.55,1308.33,1299.62,1291.38,1283.57,1276.16,1269.12,1262.44,1256.07,1250.01,1244.23,1238.71,1233.44,1228.4,1223.58,1218.96,1214.54,1210.3,1206.23,1202.33,1198.58,1194.97,1191.5,1188.17,1184.95,1181.86,1178.88,1176,1173.23,1170.56,1167.98,1165.48,1163.07,1160.75,1158.5,1156.32,1154.22,1152.18,1150.21,1148.31,1146.46,1144.67,1142.94,1141.26,1139.64,1138.06,1136.54,1135.06,1133.62,1132.23,1130.88,1129.57,1128.3,1127.07,1125.87,1124.71,1123.59,1122.5,1121.44
2715.2,2816.11,2924.63,3037.17,3146.53,3240.76,3303.43,3317.47,3272.69,3172.18,3031.57,2871.25,2708.57,2554.57,2414.59,2290.17,2180.8,2085.09,2001.32,1927.85,1863.18,1806.01,1755.23,1709.93,1669.33,1632.77,1599.73,1569.73,1542.41,1517.43,1494.51,1473.43,1453.98,1435.98,1419.29,1403.77,1389.3,1375.8,1363.16,1351.31,1340.18,1329.72,1319.85,1310.55,1301.76,1293.44,1285.56,1278.08,1270.99,1264.24,1257.82,1251.7,1245.87,1240.3,1234.98,1229.9,1225.04,1220.38,1215.92,1211.65,1207.54,1203.6,1199.82,1196.18,1192.69,1189.32,1186.08,1182.96,1179.95,1177.06,1174.26,1171.56,1168.96,1166.44,1164.01,1161.67,1159.4,1157.21,1155.08,1153.03,1151.04,1149.12,1147.26,1145.46,1143.71,1142.02,1140.38,1138.79,1137.25,1135.76,1134.31,1132.91,1131.54,1130.22,1128.94,1127.7,1126.49,1125.32,1124.19,1123.09,1122.02
2703.47,2801.94,2907.6,3016.99,3123.3,3215.28,3277.53,3293.88,3254.19,3160.44,3026.58,2871.76,2712.91,2561.26,2422.51,2298.6,2189.29,2093.37,2009.26,1935.38,1870.28,1812.69,1761.51,1715.82,1674.86,1637.98,1604.63,1574.36,1546.78,1521.56,1498.43,1477.15,1457.52,1439.35,1422.5,1406.83,1392.23,1378.6,1365.84,1353.89,1342.66,1332.1,1322.15,1312.76,1303.89,1295.49,1287.54,1280,1272.84,1266.03,1259.56,1253.38,1247.5,1241.89,1236.52,1231.4,1226.49,1221.8,1217.3,1212.99,1208.85,1204.88,1201.06,1197.39,1193.87,1190.47,1187.21,1184.06,1181.03,1178.1,1175.28,1172.56,1169.94,1167.4,1164.95,1162.59,1160.3,1158.09,1155.95,1153.88,1151.87,1149.93,1148.06,1146.24,1144.48,1142.77,1141.12,1139.52,1137.96,1136.46,1135,1133.58,1132.21,1130.87,1129.58,1128.33,1127.11,1125.93,1124.79,1123.68,1122.6
2692.01,2788.12,2891.04,2997.42,3100.8,3190.6,3252.34,3270.73,3235.71,3148.32,3020.97,2871.59,2716.63,2567.42,2430.01,2306.7,2197.52,2101.44,2017.04,1942.79,1877.29,1819.29,1767.71,1721.66,1680.35,1643.14,1609.5,1578.95,1551.12,1525.67,1502.33,1480.85,1461.04,1442.7,1425.7,1409.88,1395.15,1381.39,1368.52,1356.46,1345.13,1334.47,1324.43,1314.96,1306.01,1297.54,1289.52,1281.91,1274.69,1267.82,1261.29,1255.07,1249.13,1243.47,1238.06,1232.89,1227.95,1223.21,1218.67,1214.32,1210.15,1206.15,1202.3,1198.6,1195.04,1191.62,1188.33,1185.15,1182.1,1179.15,1176.31,1173.56,1170.92,1168.36,1165.89,1163.5,1161.2,1158.97,1156.81,1154.72,1152.7,1150.75,1148.85,1147.02,1145.24,1143.52,1141.86,1140.24,1138.67,1137.15,1135.68,1134.25,1132.87,1131.52,1130.22,1128.96,1127.73,1126.54,1125.38,1124.26,1123.17
2680.8,2774.65,2874.94,2978.44,3079.01,3166.68,3227.85,3248.02,3217.3,3135.89,3014.81,2870.77,2719.73,2573.05,2437.09,2314.45,2205.48,2109.31,2024.65,1950.06,1884.18,1825.8,1773.85,1727.43,1685.79,1648.27,1614.33,1583.52,1555.44,1529.76,1506.21,1484.53,1464.54,1446.04,1428.88,1412.92,1398.06,1384.18,1371.19,1359.02,1347.59,1336.83,1326.71,1317.15,1308.12,1299.58,1291.49,1283.82,1276.53,1269.61,1263.02,1256.74,1250.76,1245.05,1239.59,1234.38,1229.39,1224.62,1220.04,1215.66,1211.45,1207.41,1203.53,1199.8,1196.22,1192.77,1189.44,1186.25,1183.16,1180.19,1177.32,1174.56,1171.89,1169.31,1166.82,1164.42,1162.09,1159.84,1157.67,1155.56,1153.53,1151.55,1149.65,1147.8,1146.01,1144.27,1142.59,1140.96,1139.38,1137.85,1136.36,1134.92,1133.53,1132.17,1130.86,1129.58,1128.34,1127.14,1125.98,1124.85,1123.75
2669.85,2761.52,2859.28,2960.02,3057.9,3143.5,3204.04,3225.76,3198.98,3123.2,3008.13,2869.35,2722.24,2578.17,2443.74,2321.87,2213.17,2116.97,2032.1,1957.2,1890.97,1832.22,1779.91,1733.15,1691.18,1653.35,1619.13,1588.05,1559.72,1533.82,1510.06,1488.2,1468.02,1449.36,1432.04,1415.95,1400.95,1386.95,1373.85,1361.57,1350.03,1339.19,1328.97,1319.34,1310.23,1301.62,1293.46,1285.72,1278.37,1271.39,1264.74,1258.41,1252.38,1246.62,1241.12,1235.86,1230.83,1226.02,1221.41,1216.99,1212.74,1208.67,1204.76,1201,1197.39,1193.91,1190.56,1187.33,1184.23,1181.23,1178.34,1175.55,1172.86,1170.26,1167.75,1165.33,1162.98,1160.72,1158.52,1156.4,1154.35,1152.36,1150.44,1148.57,1146.77,1145.02,1143.32,1141.68,1140.09,1138.54,1137.05,1135.59,1134.19,1132.82,1131.49,1130.21,1128.96,1127.75,1126.57,1125.43,1124.33
2659.13,2748.7,2844.03,2942.13,3037.42,3121.02,3180.87,3203.95,3180.79,3110.29,3000.98,2867.35,2724.18,2582.78,2449.97,2328.96,2220.59,2124.42,2039.38,1964.21,1897.66,1838.56,1785.9,1738.81,1696.51,1658.39,1623.89,1592.55,1563.98,1537.86,1513.89,1491.84,1471.49,1452.66,1435.2,1418.96,1403.83,1389.71,1376.49,1364.1,1352.47,1341.54,1331.23,1321.51,1312.33,1303.64,1295.41,1287.61,1280.2,1273.16,1266.46,1260.08,1253.99,1248.19,1242.64,1237.34,1232.27,1227.42,1222.77,1218.31,1214.04,1209.93,1205.99,1202.2,1198.55,1195.05,1191.67,1188.42,1185.29,1182.27,1179.35,1176.54,1173.83,1171.21,1168.68,1166.24,1163.87,1161.59,1159.38,1157.24,1155.17,1153.17,1151.23,1149.35,1147.53,1145.76,1144.06,1142.4,1140.79,1139.24,1137.73,1136.26,1134.84,1133.46,1132.13,1130.83,1129.57,1128.35,1127.16,1126.01,1124.9
2648.64,2736.18,2829.18,2924.74,3017.55,3099.21,3158.34,3182.6,3162.75,3097.21,2993.42,2864.81,2725.58,2586.9,2455.78,2335.7,2227.75,2131.66,2046.49,1971.08,1904.23,1844.81,1791.82,1744.4,1701.8,1663.38,1628.61,1597.01,1568.21,1541.87,1517.7,1495.46,1474.94,1455.95,1438.33,1421.96,1406.7,1392.45,1379.13,1366.63,1354.91,1343.87,1333.48,1323.68,1314.42,1305.66,1297.37,1289.5,1282.03,1274.93,1268.17,1261.74,1255.6,1249.75,1244.16,1238.82,1233.71,1228.81,1224.13,1219.63,1215.32,1211.18,1207.21,1203.39,1199.72,1196.18,1192.78,1189.5,1186.35,1183.3,1180.37,1177.53,1174.8,1172.16,1169.61,1167.14,1164.76,1162.46,1160.23,1158.07,1155.99,1153.97,1152.01,1150.12,1148.29,1146.51,1144.78,1143.12,1141.5,1139.93,1138.4,1136.93,1135.5,1134.11,1132.76,1131.45,1130.18,1128.95,1127.76,1126.6,1125.47
2638.38,2723.96,2814.72,2907.84,2998.27,3078.03,3136.41,3161.69,3144.89,3083.99,2985.48,2861.77,2726.45,2590.54,2461.19,2342.11,2234.64,2138.68,2053.43,1977.82,1910.69,1850.96,1797.66,1749.93,1707.03,1668.33,1633.29,1601.45,1572.41,1545.86,1521.49,1499.06,1478.36,1459.22,1441.45,1424.94,1409.55,1395.19,1381.75,1369.15,1357.33,1346.2,1335.73,1325.84,1316.51,1307.68,1299.31,1291.38,1283.85,1276.69,1269.88,1263.39,1257.21,1251.31,1245.67,1240.29,1235.14,1230.2,1225.48,1220.95,1216.61,1212.44,1208.43,1204.58,1200.88,1197.31,1193.89,1190.58,1187.4,1184.33,1181.37,1178.52,1175.76,1173.1,1170.53,1168.05,1165.65,1163.33,1161.08,1158.91,1156.81,1154.77,1152.8,1150.89,1149.04,1147.25,1145.51,1143.83,1142.2,1140.62,1139.08,1137.59,1136.15,1134.75,1133.39,1132.07,1130.79,1129.55,1128.35,1127.18,1126.04
2628.33,2712.03,2800.62,2891.41,2979.54,3057.47,3115.08,3141.22,3127.21,3070.66,2977.2,2858.26,2726.83,2593.72,2466.2,2348.19,2241.25,2145.48,2060.19,1984.41,1917.03,1857.02,1803.43,1755.4,1712.21,1673.23,1637.93,1605.84,1576.58,1549.81,1525.25,1502.64,1481.77,1462.47,1444.56,1427.91,1412.4,1397.91,1384.36,1371.66,1359.74,1348.52,1337.96,1328,1318.58,1309.68,1301.25,1293.25,1285.66,1278.44,1271.58,1265.04,1258.81,1252.86,1247.18,1241.75,1236.56,1231.59,1226.83,1222.26,1217.89,1213.68,1209.65,1205.77,1202.03,1198.44,1194.99,1191.66,1188.45,1185.36,1182.38,1179.5,1176.73,1174.04,1171.45,1168.95,1166.53,1164.19,1161.93,1159.74,1157.62,1155.57,1153.58,1151.66,1149.79,1147.99,1146.24,1144.54,1142.9,1141.3,1139.76,1138.26,1136.8,1135.39,1134.02,1132.69,1131.4,1130.15,1128.93,1127.75,1126.61
2618.49,2700.37,2786.88,2875.41,2961.34,3037.5,3094.3,3121.19,3109.74,3057.27,2968.61,2854.32,2726.72,2596.44,2470.81,2353.94,2247.6,2152.06,2066.78,1990.86,1923.26,1862.99,1809.11,1760.8,1717.33,1678.09,1642.53,1610.21,1580.72,1553.75,1528.99,1506.2,1485.16,1465.7,1447.65,1430.86,1415.22,1400.62,1386.96,1374.16,1362.14,1350.83,1340.19,1330.14,1320.65,1311.68,1303.18,1295.12,1287.47,1280.19,1273.27,1266.68,1260.4,1254.41,1248.69,1243.21,1237.98,1232.97,1228.17,1223.57,1219.16,1214.93,1210.86,1206.95,1203.19,1199.57,1196.09,1192.73,1189.5,1186.39,1183.38,1180.48,1177.68,1174.98,1172.37,1169.85,1167.41,1165.05,1162.77,1160.57,1158.43,1156.36,1154.36,1152.42,1150.55,1148.73,1146.96,1145.25,1143.6,1141.99,1140.43,1138.92,1137.45,1136.03,1134.65,1133.31,1132.01,1130.74,1129.52,1128.33,1127.18
2608.86,2688.97,2773.48,2859.84,2943.65,3018.08,3074.08,3101.6,3092.48,3043.84,2959.76,2849.96,2726.16,2598.73,2475.03,2359.36,2253.68,2158.43,2073.19,1997.16,1929.38,1868.86,1814.72,1766.13,1722.4,1682.89,1647.09,1614.53,1584.83,1557.65,1532.7,1509.73,1488.53,1468.92,1450.72,1433.8,1418.04,1403.32,1389.55,1376.64,1364.53,1353.13,1342.4,1332.28,1322.71,1313.67,1305.1,1296.98,1289.27,1281.94,1274.96,1268.32,1261.99,1255.95,1250.18,1244.67,1239.4,1234.35,1229.52,1224.88,1220.43,1216.17,1212.07,1208.13,1204.34,1200.69,1197.18,1193.8,1190.55,1187.41,1184.38,1181.46,1178.64,1175.92,1173.29,1170.75,1168.29,1165.91,1163.62,1161.39,1159.24,1157.16,1155.14,1153.19,1151.3,1149.46,1147.69,1145.96,1144.29,1142.67,1141.1,1139.58,1138.1,1136.66,1135.27,1133.92,1132.61,1131.34,1130.11,1128.91,1127.74
2599.41,2677.82,2760.4,2844.68,2926.44,2999.21,3054.38,3082.43,3075.46,3030.38,2950.67,2845.23,2725.17,2600.6,2478.88,2364.47,2259.5,2164.58,2079.43,2003.33,1935.37,1874.63,1820.24,1771.4,1727.4,1687.65,1651.61,1618.82,1588.91,1561.52,1536.39,1513.25,1491.88,1472.12,1453.78,1436.73,1420.84,1406.01,1392.13,1379.12,1366.91,1355.42,1344.61,1334.41,1324.77,1315.65,1307.02,1298.83,1291.06,1283.67,1276.65,1269.95,1263.58,1257.49,1251.68,1246.12,1240.81,1235.72,1230.85,1226.18,1221.7,1217.4,1213.27,1209.3,1205.48,1201.81,1198.28,1194.87,1191.59,1188.43,1185.38,1182.44,1179.59,1176.85,1174.2,1171.64,1169.17,1166.77,1164.46,1162.22,1160.05,1157.95,1155.92,1153.95,1152.04,1150.2,1148.41,1146.67,1144.99,1143.35,1141.77,1140.24,1138.75,1137.3,1135.9,1134.54,1133.22,1131.93,1130.69,1129.48,1128.31
2590.16,2666.92,2747.63,2829.91,2909.7,2980.85,3035.2,3063.67,3058.66,3016.94,2941.38,2840.15,2723.78,2602.06,2482.36,2369.25,2265.04,2170.51,2085.48,2009.34,1941.25,1880.31,1825.68,1776.59,1732.35,1692.35,1656.08,1623.07,1592.95,1565.37,1540.05,1516.74,1495.21,1475.3,1456.82,1439.64,1423.63,1408.68,1394.69,1381.58,1369.28,1357.71,1346.81,1336.53,1326.81,1317.63,1308.93,1300.68,1292.85,1285.4,1278.32,1271.58,1265.15,1259.02,1253.17,1247.57,1242.22,1237.09,1232.18,1227.48,1222.97,1218.63,1214.47,1210.47,1206.63,1202.93,1199.37,1195.94,1192.63,1189.45,1186.37,1183.41,1180.55,1177.78,1175.11,1172.53,1170.04,1167.63,1165.3,1163.04,1160.86,1158.74,1156.69,1154.71,1152.79,1150.93,1149.12,1147.38,1145.68,1144.03,1142.44,1140.89,1139.39,1137.93,1136.52,1135.15,1133.82,1132.53,1131.27,1130.05,1128.87
2581.08,2656.25,2735.16,2815.52,2893.41,2962.98,3016.5,3045.33,3042.11,3003.52,2931.91,2834.76,2721.99,2603.12,2485.47,2373.72,2270.33,2176.22,2091.36,2015.21,1947,1885.88,1831.04,1781.72,1737.24,1697.01,1660.51,1627.29,1596.96,1569.19,1543.69,1520.2,1498.52,1478.46,1459.84,1442.53,1426.4,1411.34,1397.24,1384.04,1371.64,1359.98,1349,1338.64,1328.85,1319.59,1310.83,1302.52,1294.63,1287.13,1280,1273.2,1266.73,1260.55,1254.65,1249.01,1243.62,1238.46,1233.51,1228.77,1224.23,1219.86,1215.67,1211.64,1207.77,1204.04,1200.45,1197,1193.67,1190.46,1187.36,1184.38,1181.49,1178.71,1176.02,1173.42,1170.91,1168.48,1166.13,1163.86,1161.66,1159.53,1157.47,1155.47,1153.53,1151.66,1149.84,1148.08,1146.37,1144.71,1143.11,1141.55,1140.03,1138.57,1137.14,1135.76,1134.42,1133.12,1131.85,1130.63,1129.44
2572.19,2645.81,2722.99,2801.48,2877.54,2945.59,2998.28,3027.38,3025.81,2990.15,2922.3,2829.07,2719.84,2603.82,2488.24,2377.88,2275.35,2181.71,2097.06,2020.94,1952.63,1891.36,1836.32,1786.78,1742.07,1701.62,1664.9,1631.46,1600.94,1572.98,1547.3,1523.65,1501.81,1481.6,1462.85,1445.41,1429.16,1413.98,1399.79,1386.48,1373.99,1362.24,1351.17,1340.74,1330.88,1321.55,1312.72,1304.35,1296.4,1288.85,1281.66,1274.82,1268.3,1262.07,1256.13,1250.45,1245.02,1239.82,1234.84,1230.06,1225.48,1221.09,1216.86,1212.81,1208.9,1205.15,1201.54,1198.06,1194.7,1191.47,1188.35,1185.34,1182.44,1179.64,1176.93,1174.31,1171.78,1169.33,1166.97,1164.68,1162.46,1160.32,1158.24,1156.23,1154.28,1152.39,1150.56,1148.78,1147.06,1145.39,1143.77,1142.2,1140.68,1139.2,1137.76,1136.37,1135.02,1133.71,1132.43,1131.2,1130
2563.46,2635.59,2711.09,2787.79,2862.09,2928.66,2980.52,3009.83,3009.76,2976.83,2912.55,2823.11,2717.35,2604.14,2490.66,2381.74,2280.11,2186.99,2102.58,2026.51,1958.14,1896.73,1841.5,1791.76,1746.84,1706.17,1669.24,1635.6,1604.88,1576.73,1550.88,1527.07,1505.08,1484.72,1465.83,1448.27,1431.9,1416.61,1402.31,1388.91,1376.33,1364.49,1353.35,1342.83,1332.9,1323.51,1314.61,1306.18,1298.17,1290.56,1283.32,1276.43,1269.86,1263.59,1257.6,1251.88,1246.41,1241.17,1236.16,1231.35,1226.73,1222.31,1218.05,1213.97,1210.04,1206.26,1202.62,1199.11,1195.73,1192.48,1189.34,1186.31,1183.38,1180.56,1177.83,1175.2,1172.65,1170.18,1167.8,1165.49,1163.26,1161.1,1159.01,1156.98,1155.02,1153.11,1151.27,1149.48,1147.75,1146.07,1144.43,1142.85,1141.32,1139.83,1138.38,1136.98,1135.62,1134.3,1133.01,1131.77,1130.56
2554.9,2625.59,2699.46,2774.43,2847.02,2912.16,2963.19,2992.65,2993.96,2963.6,2902.7,2816.91,2714.53,2604.13,2492.75,2385.3,2284.62,2192.06,2107.92,2031.93,1963.53,1902,1846.61,1796.67,1751.55,1710.67,1673.53,1639.7,1608.78,1580.46,1554.44,1530.46,1508.32,1487.82,1468.8,1451.11,1434.63,1419.23,1404.83,1391.33,1378.65,1366.73,1355.51,1344.92,1334.91,1325.45,1316.49,1308,1299.93,1292.27,1284.98,1278.03,1271.42,1265.1,1259.07,1253.31,1247.8,1242.53,1237.47,1232.63,1227.98,1223.52,1219.24,1215.12,1211.17,1207.36,1203.69,1200.16,1196.76,1193.48,1190.32,1187.27,1184.32,1181.48,1178.73,1176.08,1173.51,1171.03,1168.63,1166.31,1164.06,1161.88,1159.78,1157.73,1155.76,1153.84,1151.98,1150.18,1148.43,1146.74,1145.1,1143.5,1141.96,1140.46,1139,1137.59,1136.21,1134.88,1133.59,1132.33,1131.11
2546.5,2615.79,2688.1,2761.39,2832.34,2896.09,2946.3,2975.85,2978.41,2950.45,2892.77,2810.49,2711.41,2603.78,2494.52,2388.57,2288.88,2196.91,2113.08,2037.21,1968.79,1907.16,1851.62,1801.51,1756.19,1715.12,1677.78,1643.75,1612.66,1584.16,1557.97,1533.83,1511.55,1490.91,1471.76,1453.94,1437.34,1421.84,1407.33,1393.73,1380.97,1368.96,1357.66,1346.99,1336.92,1327.39,1318.36,1309.81,1301.68,1293.97,1286.62,1279.63,1272.97,1266.61,1260.54,1254.73,1249.18,1243.87,1238.78,1233.91,1229.23,1224.74,1220.42,1216.28,1212.29,1208.46,1204.77,1201.21,1197.79,1194.49,1191.3,1188.23,1185.26,1182.4,1179.63,1176.96,1174.37,1171.88,1169.46,1167.12,1164.85,1162.66,1160.54,1158.48,1156.49,1154.56,1152.69,1150.88,1149.12,1147.41,1145.76,1144.15,1142.59,1141.08,1139.61,1138.19,1136.81,1135.47,1134.16,1132.9,1131.67
2538.26,2606.18,2676.98,2748.65,2818.02,2880.42,2929.82,2959.42,2963.12,2937.4,2882.77,2803.87,2708.01,2603.12,2495.99,2391.56,2292.89,2201.54,2118.06,2042.34,1973.93,1912.22,1856.55,1806.27,1760.77,1719.51,1681.98,1647.77,1616.49,1587.82,1561.47,1537.18,1514.75,1493.97,1474.69,1456.75,1440.04,1424.43,1409.82,1396.13,1383.27,1371.19,1359.8,1349.06,1338.91,1329.32,1320.23,1311.61,1303.43,1295.66,1288.26,1281.22,1274.51,1268.11,1262,1256.15,1250.56,1245.21,1240.09,1235.18,1230.47,1225.95,1221.6,1217.43,1213.42,1209.56,1205.84,1202.26,1198.81,1195.49,1192.28,1189.18,1186.2,1183.31,1180.53,1177.84,1175.23,1172.72,1170.28,1167.93,1165.65,1163.44,1161.3,1159.23,1157.23,1155.28,1153.4,1151.57,1149.8,1148.08,1146.41,1144.8,1143.23,1141.71,1140.23,1138.79,1137.4,1136.05,1134.74,1133.46,1132.23
2530.16,2596.77,2666.1,2736.21,2804.04,2865.14,2913.73,2943.34,2948.09,2924.46,2872.73,2797.07,2704.35,2602.15,2497.15,2394.27,2296.65,2205.97,2122.87,2047.32,1978.94,1917.18,1861.39,1810.96,1765.29,1723.85,1686.14,1651.75,1620.29,1591.45,1564.94,1540.5,1517.92,1497.01,1477.6,1459.55,1442.72,1427,1412.3,1398.51,1385.57,1373.4,1361.93,1351.11,1340.9,1331.24,1322.09,1313.41,1305.17,1297.35,1289.9,1282.81,1276.05,1269.61,1263.45,1257.57,1251.94,1246.55,1241.39,1236.45,1231.7,1227.15,1222.78,1218.58,1214.54,1210.65,1206.91,1203.3,1199.83,1196.48,1193.25,1190.14,1187.13,1184.23,1181.42,1178.71,1176.09,1173.56,1171.11,1168.73,1166.44,1164.22,1162.06,1159.98,1157.96,1156,1154.1,1152.26,1150.48,1148.75,1147.07,1145.44,1143.86,1142.33,1140.84,1139.4,1137.99,1136.63,1135.31,1134.03,1132.78
2522.22,2587.55,2655.45,2724.06,2790.41,2850.23,2898.03,2927.6,2933.31,2911.64,2862.65,2790.11,2700.44,2600.91,2498.02,2396.71,2300.17,2210.19,2127.5,2052.15,1983.83,1922.03,1866.14,1815.58,1769.75,1728.13,1690.25,1655.68,1624.06,1595.05,1568.38,1543.8,1521.08,1500.04,1480.5,1462.33,1445.39,1429.57,1414.76,1400.88,1387.85,1375.6,1364.05,1353.16,1342.88,1333.15,1323.93,1315.2,1306.91,1299.03,1291.53,1284.39,1277.59,1271.1,1264.9,1258.97,1253.31,1247.89,1242.69,1237.71,1232.94,1228.35,1223.95,1219.72,1215.65,1211.74,1207.97,1204.34,1200.85,1197.47,1194.22,1191.09,1188.06,1185.14,1182.31,1179.58,1176.95,1174.4,1171.93,1169.54,1167.23,1164.99,1162.82,1160.72,1158.69,1156.72,1154.81,1152.96,1151.16,1149.42,1147.73,1146.09,1144.5,1142.95,1141.45,1140,1138.59,1137.21,1135.88,1134.59,1133.34
2514.41,2578.5,2645.03,2712.18,2777.09,2835.68,2882.69,2912.21,2918.78,2898.95,2852.55,2783,2696.3,2599.38,2498.61,2398.88,2303.46,2214.21,2131.95,2056.83,1988.6,1926.77,1870.81,1820.11,1774.13,1732.35,1694.31,1659.57,1627.79,1598.62,1571.8,1547.07,1524.21,1503.04,1483.38,1465.09,1448.04,1432.11,1417.21,1403.24,1390.12,1377.78,1366.16,1355.2,1344.85,1335.05,1325.78,1316.98,1308.63,1300.7,1293.15,1285.97,1279.12,1272.58,1266.34,1260.38,1254.67,1249.21,1243.99,1238.97,1234.17,1229.55,1225.12,1220.86,1216.76,1212.82,1209.03,1205.38,1201.86,1198.47,1195.19,1192.04,1188.99,1186.04,1183.2,1180.45,1177.8,1175.23,1172.75,1170.34,1168.01,1165.76,1163.58,1161.47,1159.42,1157.43,1155.51,1153.64,1151.84,1150.08,1148.38,1146.73,1145.13,1143.57,1142.06,1140.6,1139.18,1137.79,1136.45,1135.15,1133.89
2506.75,2569.63,2634.83,2700.57,2764.09,2821.48,2867.72,2897.14,2904.49,2886.38,2842.45,2775.77,2691.95,2597.61,2498.94,2400.8,2306.52,2218.02,2136.23,2061.36,1993.23,1931.41,1875.38,1824.57,1778.46,1736.53,1698.32,1663.42,1631.48,1602.16,1575.19,1550.31,1527.32,1506.02,1486.24,1467.83,1450.68,1434.65,1419.65,1405.59,1392.38,1379.96,1368.27,1357.23,1346.81,1336.95,1327.61,1318.76,1310.35,1302.37,1294.77,1287.53,1280.64,1274.06,1267.78,1261.78,1256.03,1250.54,1245.28,1240.23,1235.39,1230.74,1226.28,1222,1217.87,1213.91,1210.09,1206.41,1202.87,1199.45,1196.16,1192.98,1189.91,1186.95,1184.09,1181.32,1178.65,1176.06,1173.56,1171.14,1168.8,1166.53,1164.34,1162.21,1160.15,1158.15,1156.21,1154.33,1152.51,1150.75,1149.03,1147.37,1145.76,1144.19,1142.67,1141.2,1139.76,1138.37,1137.02,1135.71,1134.44
2499.22,2560.93,2624.84,2689.21,2751.39,2807.62,2853.09,2882.39,2890.46,2873.95,2832.36,2768.43,2687.4,2595.58,2499,2402.48,2309.35,2221.63,2140.34,2065.75,1997.75,1935.95,1879.86,1828.96,1782.72,1740.64,1702.28,1667.23,1635.13,1605.66,1578.54,1553.53,1530.4,1508.98,1489.08,1470.56,1453.29,1437.17,1422.07,1407.92,1394.63,1382.13,1370.36,1359.25,1348.76,1338.84,1329.44,1320.53,1312.07,1304.03,1296.38,1289.1,1282.16,1275.53,1269.21,1263.17,1257.39,1251.86,1246.56,1241.48,1236.61,1231.93,1227.44,1223.13,1218.98,1214.99,1211.14,1207.44,1203.88,1200.44,1197.12,1193.92,1190.83,1187.85,1184.97,1182.19,1179.5,1176.89,1174.38,1171.94,1169.58,1167.3,1165.09,1162.95,1160.87,1158.86,1156.91,1155.02,1153.19,1151.41,1149.68,1148.01,1146.38,1144.81,1143.28,1141.79,1140.35,1138.95,1137.59,1136.27,1134.99
2491.82,2552.39,2615.05,2678.1,2738.98,2794.08,2838.8,2867.95,2876.67,2861.66,2822.29,2761,2682.67,2593.33,2498.82,2403.91,2311.95,2225.05,2144.27,2069.99,2002.14,1940.38,1884.25,1833.27,1786.91,1744.7,1706.19,1670.99,1638.74,1609.13,1581.87,1556.72,1533.47,1511.91,1491.9,1473.27,1455.9,1439.67,1424.48,1410.24,1396.87,1384.29,1372.44,1361.26,1350.7,1340.71,1331.25,1322.29,1313.77,1305.68,1297.98,1290.65,1283.67,1277,1270.64,1264.56,1258.74,1253.17,1247.84,1242.73,1237.83,1233.12,1228.6,1224.26,1220.08,1216.06,1212.19,1208.47,1204.88,1201.42,1198.08,1194.86,1191.75,1188.75,1185.85,1183.05,1180.34,1177.72,1175.19,1172.74,1170.36,1168.06,1165.84,1163.68,1161.59,1159.57,1157.61,1155.7,1153.86,1152.07,1150.33,1148.65,1147.01,1145.42,1143.88,1142.39,1140.93,1139.53,1138.16,1136.83,1135.54
2484.54,2544.02,2605.45,2667.22,2726.84,2780.85,2824.82,2853.81,2863.12,2849.52,2812.25,2753.48,2677.77,2590.86,2498.41,2405.1,2314.34,2228.27,2148.04,2074.09,2006.4,1944.7,1888.56,1837.5,1791.03,1748.7,1710.05,1674.71,1642.32,1612.56,1585.17,1559.89,1536.5,1514.83,1494.7,1475.96,1458.48,1442.16,1426.88,1412.55,1399.09,1386.43,1374.51,1363.26,1352.64,1342.58,1333.06,1324.04,1315.47,1307.33,1299.58,1292.2,1285.17,1278.47,1272.06,1265.94,1260.09,1254.48,1249.12,1243.97,1239.04,1234.3,1229.75,1225.38,1221.18,1217.13,1213.24,1209.49,1205.88,1202.4,1199.04,1195.8,1192.67,1189.65,1186.73,1183.91,1181.18,1178.55,1176,1173.53,1171.14,1168.83,1166.59,1164.42,1162.31,1160.28,1158.3,1156.39,1154.53,1152.73,1150.98,1149.28,1147.63,1146.04,1144.49,1142.98,1141.52,1140.1,1138.72,1137.38,1136.08
2477.39,2535.79,2596.05,2656.58,2714.98,2767.92,2811.17,2839.97,2849.81,2837.52,2802.24,2745.9,2672.72,2588.19,2497.76,2406.07,2316.52,2231.3,2151.64,2078.04,2010.54,1948.91,1892.77,1841.65,1795.09,1752.64,1713.86,1678.39,1645.86,1615.97,1588.43,1563.02,1539.52,1517.72,1497.48,1478.63,1461.06,1444.63,1429.26,1414.84,1401.3,1388.57,1376.57,1365.25,1354.56,1344.45,1334.87,1325.78,1317.16,1308.97,1301.17,1293.75,1286.67,1279.92,1273.48,1267.32,1261.43,1255.79,1250.39,1245.21,1240.25,1235.48,1230.9,1226.5,1222.27,1218.2,1214.29,1210.51,1206.88,1203.37,1199.99,1196.73,1193.58,1190.54,1187.61,1184.77,1182.03,1179.37,1176.81,1174.32,1171.92,1169.59,1167.33,1165.15,1163.03,1160.98,1158.99,1157.07,1155.2,1153.38,1151.62,1149.91,1148.26,1146.65,1145.09,1143.57,1142.1,1140.67,1139.28,1137.94,1136.63
2470.36,2527.72,2586.83,2646.15,2703.37,2755.27,2797.81,2826.41,2836.74,2825.67,2792.28,2738.25,2667.54,2585.32,2496.9,2406.83,2318.49,2234.15,2155.07,2081.84,2014.56,1953.02,1896.89,1845.72,1799.08,1756.52,1717.63,1682.02,1649.36,1619.33,1591.67,1566.13,1542.5,1520.59,1500.24,1481.29,1463.61,1447.09,1431.63,1417.12,1403.5,1390.69,1378.62,1367.23,1356.48,1346.3,1336.66,1327.52,1318.85,1310.6,1302.76,1295.29,1288.17,1281.38,1274.89,1268.69,1262.77,1257.09,1251.66,1246.45,1241.45,1236.65,1232.05,1227.62,1223.36,1219.27,1215.33,1211.53,1207.87,1204.35,1200.94,1197.66,1194.49,1191.44,1188.48,1185.62,1182.86,1180.19,1177.61,1175.11,1172.69,1170.35,1168.08,1165.88,1163.75,1161.69,1159.69,1157.74,1155.86,1154.04,1152.27,1150.55,1148.88,1147.26,1145.69,1144.16,1142.68,1141.24,1139.85,1138.49,1137.17
2463.45,2519.79,2577.79,2635.95,2692.02,2742.91,2784.74,2813.13,2823.89,2813.97,2782.37,2730.56,2662.22,2582.27,2495.84,2407.37,2320.26,2236.81,2158.34,2085.51,2018.45,1957.03,1900.92,1849.72,1803,1760.34,1721.34,1685.61,1652.82,1622.66,1594.88,1569.22,1545.47,1523.44,1502.98,1483.92,1466.15,1449.53,1433.98,1419.39,1405.69,1392.8,1380.66,1369.21,1358.38,1348.14,1338.45,1329.25,1320.52,1312.23,1304.34,1296.82,1289.66,1282.82,1276.3,1270.06,1264.1,1258.39,1252.92,1247.68,1242.65,1237.82,1233.19,1228.74,1224.45,1220.33,1216.37,1212.55,1208.86,1205.32,1201.89,1198.59,1195.4,1192.32,1189.35,1186.48,1183.7,1181.01,1178.41,1175.9,1173.46,1171.11,1168.82,1166.61,1164.47,1162.39,1160.37,1158.42,1156.53,1154.69,1152.91,1151.18,1149.5,1147.87,1146.29,1144.75,1143.26,1141.81,1140.41,1139.04,1137.71
2456.65,2512,2568.92,2625.95,2680.91,2730.82,2771.96,2800.12,2811.27,2802.43,2772.52,2722.84,2656.79,2579.06,2494.57,2407.7,2321.83,2239.29,2161.46,2089.03,2022.22,1960.93,1904.86,1853.64,1806.86,1764.11,1725,1689.15,1656.24,1625.96,1598.05,1572.27,1548.41,1526.27,1505.7,1486.54,1468.67,1451.96,1436.32,1421.65,1407.87,1394.91,1382.69,1371.17,1360.28,1349.98,1340.22,1330.97,1322.19,1313.85,1305.91,1298.35,1291.14,1284.26,1277.7,1271.42,1265.42,1259.68,1254.18,1248.9,1243.85,1238.99,1234.33,1229.85,1225.54,1221.39,1217.4,1213.56,1209.85,1206.28,1202.84,1199.52,1196.31,1193.21,1190.22,1187.33,1184.53,1181.83,1179.21,1176.68,1174.23,1171.86,1169.56,1167.34,1165.18,1163.09,1161.06,1159.1,1157.19,1155.34,1153.55,1151.81,1150.12,1148.48,1146.89,1145.34,1143.84,1142.38,1140.97,1139.59,1138.26
2449.96,2504.35,2560.22,2616.15,2670.03,2718.99,2759.45,2787.38,2798.88,2791.03,2762.73,2715.09,2651.26,2575.68,2493.12,2407.84,2323.22,2241.59,2164.41,2092.42,2025.87,1964.72,1908.7,1857.48,1810.65,1767.82,1728.6,1692.65,1659.62,1629.22,1601.2,1575.3,1551.32,1529.08,1508.4,1489.14,1471.17,1454.37,1438.64,1423.89,1410.03,1397,1384.71,1373.12,1362.17,1351.81,1341.99,1332.69,1323.86,1315.46,1307.47,1299.87,1292.62,1285.7,1279.09,1272.78,1266.75,1260.97,1255.43,1250.13,1245.04,1240.15,1235.46,1230.95,1226.62,1222.45,1218.43,1214.56,1210.84,1207.25,1203.78,1200.44,1197.21,1194.1,1191.09,1188.18,1185.36,1182.64,1180.01,1177.46,1175,1172.61,1170.3,1168.06,1165.89,1163.79,1161.75,1159.77,1157.85,1155.99,1154.19,1152.43,1150.73,1149.08,1147.48,1145.93,1144.42,1142.95,1141.52,1140.14,1138.8
2443.38,2496.83,2551.68,2606.54,2659.38,2707.41,2747.21,2774.89,2786.7,2779.8,2753.02,2707.32,2645.63,2572.16,2491.48,2407.79,2324.41,2243.72,2167.2,2095.66,2029.4,1968.41,1912.46,1861.24,1814.37,1771.47,1732.16,1696.1,1662.96,1632.45,1604.31,1578.3,1554.21,1531.86,1511.08,1491.72,1473.66,1456.77,1440.95,1426.12,1412.19,1399.07,1386.72,1375.06,1364.05,1353.63,1343.76,1334.4,1325.51,1317.06,1309.03,1301.38,1294.09,1287.13,1280.48,1274.14,1268.06,1262.25,1256.68,1251.34,1246.22,1241.31,1236.59,1232.06,1227.69,1223.5,1219.46,1215.57,1211.82,1208.21,1204.72,1201.36,1198.11,1194.98,1191.95,1189.02,1186.19,1183.45,1180.81,1178.25,1175.77,1173.36,1171.04,1168.78,1166.6,1164.48,1162.43,1160.44,1158.51,1156.64,1154.82,1153.06,1151.35,1149.69,1148.08,1146.51,1144.99,1143.51,1142.08,1140.69,1139.33
2436.9,2489.44,2543.31,2597.13,2648.94,2696.08,2735.23,2762.65,2774.74,2768.71,2743.37,2699.54,2639.92,2568.5,2489.68,2407.56,2325.43,2245.68,2169.85,2098.77,2032.82,1972,1916.13,1864.92,1818.02,1775.06,1735.66,1699.51,1666.26,1635.64,1607.39,1581.27,1557.07,1534.62,1513.73,1494.28,1476.12,1459.15,1443.25,1428.34,1414.33,1401.14,1388.72,1376.99,1365.92,1355.44,1345.51,1336.1,1327.16,1318.66,1310.58,1302.89,1295.55,1288.55,1281.87,1275.48,1269.37,1263.53,1257.93,1252.56,1247.41,1242.46,1237.72,1233.15,1228.77,1224.55,1220.48,1216.57,1212.8,1209.16,1205.66,1202.28,1199.01,1195.86,1192.81,1189.86,1187.02,1184.26,1181.6,1179.02,1176.53,1174.11,1171.77,1169.5,1167.31,1165.18,1163.11,1161.11,1159.17,1157.29,1155.46,1153.68,1151.96,1150.29,1148.67,1147.09,1145.56,1144.08,1142.63,1141.23,1139.87
