N2 Viscosity [uPa_s] PelePhys
17.9376,12.8429,12.3011,12.0501,11.9229,11.8642,11.8485,11.8621,11.8969,11.9473,12.0098,12.0818,12.1613,12.247,12.3377,12.4326,12.531,12.6323,12.736,12.8418,12.9494,13.0585,13.1688,13.2802,13.3925,13.5056,13.6194,13.7337,13.8484,13.9635,14.0789,14.1945,14.3103,14.4262,14.5422,14.6583,14.7743,14.8903,15.0063,15.1222,15.238,15.3536,15.4691,15.5845,15.6997,15.8147,15.9295,16.0441,16.1585,16.2726,16.3865,16.5002,16.6137,16.7269,16.8398,16.9525,17.0649,17.177,17.2889,17.4005,17.5118,17.6228,17.7336,17.8441,17.9543,18.0643,18.1739,18.2833,18.3924,18.5012,18.6097,18.7179,18.8259,18.9335,19.0409,19.1481,19.2549,19.3615,19.4677,19.5737,19.6795,19.7849,19.8901,19.995,20.0997,20.204,20.3081,20.412,20.5156,20.6189,20.7219,20.8247,20.9272,21.0295,21.1315,21.2332,21.3348,21.436,21.537,21.6377,21.7382
21.3898,13.2248,12.5226,12.2117,12.0521,11.9725,11.9423,11.945,11.9713,12.0149,12.0718,12.1391,12.2147,12.2969,12.3846,12.4769,12.5729,12.672,12.7739,12.878,12.984,13.0916,13.2006,13.3108,13.422,13.5341,13.6469,13.7603,13.8741,13.9885,14.1031,14.218,14.3332,14.4485,14.5639,14.6793,14.7949,14.9104,15.0259,15.1413,15.2566,15.3719,15.487,15.602,15.7168,15.8314,15.9459,16.0602,16.1743,16.2881,16.4018,16.5152,16.6283,16.7413,16.854,16.9664,17.0786,17.1905,17.3022,17.4135,17.5247,17.6355,17.7461,17.8564,17.9664,18.0762,18.1857,18.2949,18.4038,18.5125,18.6208,18.7289,18.8367,18.9443,19.0515,19.1585,19.2652,19.3717,19.4778,19.5837,19.6893,19.7947,19.8998,20.0046,20.1091,20.2134,20.3174,20.4211,20.5246,20.6278,20.7308,20.8335,20.9359,21.0381,21.14,21.2417,21.3431,21.4443,21.5452,21.6459,21.7463
22.5697,13.6938,12.768,12.3854,12.1888,12.0862,12.04,12.0311,12.0483,12.0847,12.1357,12.1981,12.2695,12.3481,12.4327,12.5221,12.6157,12.7127,12.8126,12.9149,13.0193,13.1254,13.2331,13.342,13.4521,13.5631,13.6748,13.7873,13.9003,14.0138,14.1277,14.2419,14.3564,14.471,14.5858,14.7008,14.8157,14.9307,15.0457,15.1607,15.2756,15.3904,15.5051,15.6197,15.7342,15.8485,15.9626,16.0765,16.1903,16.3038,16.4172,16.5303,16.6432,16.7559,16.8683,16.9805,17.0925,17.2042,17.3156,17.4268,17.5377,17.6484,17.7587,17.8689,17.9787,18.0883,18.1976,18.3066,18.4154,18.5239,18.6321,18.7401,18.8477,18.9551,19.0623,19.1691,19.2757,19.382,19.4881,19.5938,19.6993,19.8046,19.9095,20.0142,20.1186,20.2228,20.3267,20.4304,20.5337,20.6369,20.7397,20.8423,20.9447,21.0468,21.1486,21.2502,21.3515,21.4526,21.5535,21.6541,21.7544
23.4293,14.2967,13.0421,12.5726,12.3336,12.2055,12.142,12.1204,12.128,12.1567,12.2015,12.2587,12.3257,12.4006,12.4819,12.5685,12.6595,12.7542,12.852,12.9525,13.0552,13.1599,13.2661,13.3738,13.4827,13.5926,13.7033,13.8148,13.927,14.0396,14.1527,14.2662,14.38,14.494,14.6082,14.7225,14.8369,14.9514,15.0659,15.1804,15.2948,15.4092,15.5235,15.6377,15.7518,15.8657,15.9795,16.0931,16.2065,16.3198,16.4328,16.5457,16.6583,16.7707,16.8829,16.9948,17.1065,17.218,17.3292,17.4402,17.5509,17.6613,17.7715,17.8815,17.9911,18.1005,18.2097,18.3185,18.4272,18.5355,18.6436,18.7513,18.8589,18.9661,19.0731,19.1798,19.2863,19.3925,19.4984,19.604,19.7094,19.8145,19.9194,20.024,20.1283,20.2323,20.3362,20.4397,20.543,20.646,20.7488,20.8513,20.9535,21.0555,21.1573,21.2588,21.3601,21.4611,21.5618,21.6624,21.7626
24.1327,15.1249,13.3507,12.7748,12.4873,12.3307,12.2483,12.2132,12.2104,12.231,12.2693,12.321,12.3834,12.4543,12.5322,12.6159,12.7042,12.7966,12.8923,12.9909,13.0919,13.195,13.2998,13.4061,13.5138,13.6226,13.7323,13.8428,13.954,14.0658,14.1781,14.2909,14.4039,14.5173,14.6308,14.7445,14.8584,14.9723,15.0863,15.2003,15.3143,15.4282,15.5421,15.6559,15.7696,15.8832,15.9966,16.1099,16.223,16.3359,16.4487,16.5612,16.6736,16.7857,16.8976,17.0093,17.1208,17.232,17.343,17.4537,17.5642,17.6745,17.7845,17.8942,18.0037,18.1129,18.2219,18.3306,18.439,18.5472,18.6551,18.7628,18.8701,18.9772,19.0841,19.1907,19.297,19.403,19.5088,19.6144,19.7196,19.8246,19.9293,20.0338,20.138,20.242,20.3457,20.4491,20.5523,20.6552,20.7579,20.8603,20.9625,21.0644,21.1661,21.2675,21.3687,21.4696,21.5703,21.6707,21.7709
24.7403,16.3445,13.7016,12.9938,12.6505,12.4623,12.3592,12.3094,12.2956,12.3077,12.339,12.385,12.4426,12.5094,12.5838,12.6643,12.75,12.8399,12.9335,13.0301,13.1293,13.2307,13.3341,13.4391,13.5455,13.6531,13.7617,13.8712,13.9815,14.0925,14.204,14.3159,14.4282,14.5409,14.6538,14.7669,14.8802,14.9936,15.1071,15.2206,15.3341,15.4476,15.561,15.6744,15.7877,15.9009,16.014,16.1269,16.2397,16.3523,16.4647,16.577,16.689,16.8009,16.9126,17.024,17.1352,17.2462,17.357,17.4675,17.5778,17.6878,17.7976,17.9071,18.0164,18.1255,18.2342,18.3428,18.451,18.5591,18.6668,18.7743,18.8815,18.9885,19.0952,19.2016,19.3078,19.4137,19.5194,19.6248,19.7299,19.8348,19.9394,20.0438,20.1479,20.2517,20.3553,20.4587,20.5617,20.6646,20.7672,20.8695,20.9716,21.0734,21.175,21.2763,21.3774,21.4782,21.5788,21.6792,21.7793
25.2818,17.9657,14.1048,13.2318,12.824,12.6005,12.4749,12.4093,12.3838,12.3867,12.4107,12.4507,12.5033,12.5658,12.6365,12.7138,12.7967,12.8841,12.9754,13.07,13.1674,13.2672,13.369,13.4726,13.5777,13.6841,13.7916,13.9001,14.0095,14.1195,14.2302,14.3413,14.4529,14.5649,14.6772,14.7897,14.9023,15.0152,15.1281,15.2411,15.3541,15.4672,15.5802,15.6931,15.806,15.9188,16.0315,16.1441,16.2565,16.3688,16.481,16.5929,16.7047,16.8163,16.9277,17.0388,17.1498,17.2606,17.3711,17.4814,17.5914,17.7013,17.8109,17.9202,18.0293,18.1381,18.2467,18.3551,18.4632,18.571,18.6786,18.786,18.893,18.9998,19.1064,19.2127,19.3187,19.4245,19.5301,19.6353,19.7403,19.8451,19.9496,20.0539,20.1578,20.2616,20.3651,20.4683,20.5713,20.674,20.7765,20.8787,20.9807,21.0824,21.1839,21.2852,21.3862,21.4869,21.5875,21.6877,21.7878
25.7744,19.439,14.5731,13.4913,13.0086,12.7458,12.5956,12.5129,12.4749,12.4682,12.4844,12.5182,12.5655,12.6236,12.6904,12.7644,12.8443,12.9292,13.0182,13.1107,13.2062,13.3042,13.4045,13.5067,13.6105,13.7157,13.8221,13.9295,14.0379,14.147,14.2568,14.3672,14.478,14.5893,14.7008,14.8127,14.9248,15.037,15.1494,15.2619,15.3744,15.487,15.5996,15.7121,15.8246,15.937,16.0493,16.1616,16.2737,16.3856,16.4974,16.6091,16.7206,16.8319,16.943,17.0539,17.1646,17.2751,17.3854,17.4954,17.6053,17.7149,17.8243,17.9334,18.0423,18.151,18.2594,18.3676,18.4755,18.5831,18.6906,18.7977,18.9047,19.0113,19.1177,19.2239,19.3298,19.4355,19.5408,19.646,19.7509,19.8555,19.9599,20.064,20.1679,20.2715,20.3749,20.478,20.5809,20.6835,20.7859,20.888,20.9899,21.0916,21.193,21.2941,21.395,21.4957,21.5962,21.6964,21.7963
26.2289,20.5672,15.1214,13.7751,13.2054,12.8987,12.7215,12.6205,12.5691,12.5521,12.5603,12.5874,12.6293,12.6827,12.7456,12.8161,12.893,12.9752,13.0618,13.1521,13.2457,13.342,13.4406,13.5413,13.6438,13.7477,13.853,13.9593,14.0667,14.1749,14.2838,14.3934,14.5034,14.614,14.7249,14.8361,14.9475,15.0592,15.171,15.283,15.395,15.5071,15.6192,15.7313,15.8434,15.9554,16.0674,16.1792,16.291,16.4026,16.5141,16.6254,16.7366,16.8476,16.9584,17.0691,17.1795,17.2898,17.3998,17.5097,17.6193,17.7287,17.8378,17.9468,18.0555,18.1639,18.2722,18.3802,18.4879,18.5954,18.7027,18.8097,18.9164,19.0229,19.1292,19.2352,19.341,19.4465,19.5517,19.6568,19.7615,19.866,19.9703,20.0743,20.1781,20.2816,20.3848,20.4879,20.5906,20.6931,20.7954,20.8975,20.9993,21.1008,21.2021,21.3032,21.404,21.5046,21.6049,21.7051,21.8049
26.653,21.4621,15.7632,14.0862,13.4154,13.0595,12.8529,12.7322,12.6665,12.6387,12.6383,12.6585,12.6946,12.7433,12.802,12.8689,12.9427,13.022,13.1062,13.1943,13.2859,13.3804,13.4774,13.5766,13.6776,13.7803,13.8844,13.9896,14.096,14.2032,14.3112,14.4199,14.5292,14.639,14.7492,14.8598,14.9706,15.0817,15.193,15.3044,15.4159,15.5275,15.6391,15.7508,15.8625,15.9741,16.0856,16.1971,16.3085,16.4198,16.5309,16.642,16.7528,16.8635,16.9741,17.0845,17.1947,17.3047,17.4144,17.524,17.6334,17.7426,17.8515,17.9603,18.0688,18.177,18.2851,18.3929,18.5005,18.6078,18.7149,18.8217,18.9283,19.0347,19.1408,19.2466,19.3523,19.4576,19.5628,19.6676,19.7723,19.8767,19.9808,20.0847,20.1883,20.2917,20.3949,20.4978,20.6004,20.7029,20.805,20.907,21.0087,21.1101,21.2113,21.3123,21.413,21.5135,21.6138,21.7138,21.8136
27.0518,22.2095,16.5012,14.4279,13.6396,13.2287,12.99,12.848,12.7671,12.7278,12.7185,12.7314,12.7616,12.8052,12.8596,12.9228,12.9933,13.0699,13.1514,13.2373,13.3268,13.4195,13.5148,13.6124,13.712,13.8134,13.9162,14.0204,14.1257,14.2319,14.3391,14.4469,14.5554,14.6644,14.7739,14.8838,14.994,15.1044,15.2151,15.326,15.437,15.5481,15.6593,15.7705,15.8817,15.9929,16.1041,16.2152,16.3262,16.4372,16.548,16.6587,16.7693,16.8797,16.9899,17.1,17.2099,17.3197,17.4292,17.5386,17.6477,17.7567,17.8654,17.9739,18.0822,18.1903,18.2981,18.4058,18.5131,18.6203,18.7272,18.8339,18.9403,19.0465,19.1525,19.2582,19.3637,19.4689,19.5739,19.6786,19.7831,19.8874,19.9914,20.0952,20.1987,20.302,20.405,20.5078,20.6104,20.7127,20.8147,20.9166,21.0182,21.1195,21.2206,21.3215,21.4222,21.5226,21.6228,21.7227,21.8224
27.4295,22.8576,17.3136,14.8036,13.8791,13.4069,13.1331,12.9682,12.8711,12.8197,12.8009,12.8062,12.8301,12.8685,12.9185,12.9779,13.045,13.1186,13.1975,13.2811,13.3685,13.4592,13.5528,13.6488,13.747,13.847,13.9486,14.0516,14.1558,14.2611,14.3673,14.4742,14.5819,14.6902,14.7989,14.9081,15.0177,15.1275,15.2376,15.3479,15.4584,15.569,15.6797,15.7905,15.9013,16.012,16.1228,16.2335,16.3442,16.4548,16.5652,16.6756,16.7859,16.896,17.006,17.1158,17.2254,17.3349,17.4442,17.5533,17.6622,17.7709,17.8794,17.9877,18.0958,18.2037,18.3113,18.4188,18.526,18.6329,18.7397,18.8462,18.9524,19.0585,19.1643,19.2699,19.3752,19.4803,19.5851,19.6897,19.7941,19.8982,20.0021,20.1057,20.2091,20.3123,20.4152,20.5179,20.6204,20.7226,20.8245,20.9263,21.0278,21.129,21.23,21.3308,21.4314,21.5317,21.6318,21.7316,21.8313
27.7891,23.4342,18.1515,15.2158,14.1352,13.5945,13.2824,13.0929,12.9785,12.9143,12.8855,12.8829,12.9003,12.9333,12.9786,13.034,13.0977,13.1682,13.2445,13.3256,13.4108,13.4996,13.5914,13.6858,13.7825,13.8811,13.9815,14.0833,14.1864,14.2907,14.3959,14.502,14.6088,14.7162,14.8243,14.9327,15.0416,15.1509,15.2604,15.3701,15.4801,15.5902,15.7004,15.8107,15.921,16.0314,16.1417,16.2521,16.3623,16.4726,16.5827,16.6927,16.8027,16.9125,17.0221,17.1317,17.241,17.3503,17.4593,17.5682,17.6768,17.7853,17.8936,18.0017,18.1095,18.2172,18.3247,18.4319,18.5389,18.6457,18.7523,18.8586,18.9647,19.0706,19.1762,19.2816,19.3868,19.4917,19.5965,19.7009,19.8052,19.9091,20.0129,20.1164,20.2197,20.3227,20.4256,20.5281,20.6305,20.7326,20.8344,20.936,21.0374,21.1386,21.2395,21.3402,21.4407,21.5409,21.6409,21.7407,21.8402
28.1328,23.9571,18.9631,15.6661,14.4088,13.7921,13.4382,13.2222,13.0894,13.0117,12.9725,12.9616,12.9722,12.9994,13.04,13.0913,13.1514,13.2188,13.2923,13.3709,13.4539,13.5407,13.6306,13.7234,13.8185,13.9158,14.0148,14.1154,14.2174,14.3206,14.4249,14.5301,14.636,14.7427,14.8499,14.9577,15.0659,15.1745,15.2834,15.3926,15.502,15.6116,15.7213,15.8311,15.941,16.0509,16.1609,16.2708,16.3807,16.4906,16.6003,16.71,16.8197,16.9291,17.0385,17.1478,17.2569,17.3658,17.4746,17.5832,17.6916,17.7998,17.9079,18.0158,18.1234,18.2309,18.3381,18.4452,18.552,18.6586,18.765,18.8711,18.9771,19.0828,19.1883,19.2935,19.3986,19.5033,19.6079,19.7122,19.8163,19.9202,20.0238,20.1272,20.2304,20.3333,20.436,20.5384,20.6406,20.7426,20.8444,20.9459,21.0472,21.1483,21.2491,21.3497,21.45,21.5502,21.6501,21.7498,21.8492
28.4628,24.4379,19.7179,16.1534,14.701,14,13.6007,13.3563,13.204,13.1119,13.0617,13.0422,13.0457,13.0671,13.1027,13.1497,13.2061,13.2703,13.3409,13.417,13.4977,13.5824,13.6705,13.7615,13.8551,13.9509,14.0486,14.148,14.2489,14.351,14.4543,14.5585,14.6636,14.7695,14.876,14.983,15.0905,15.1985,15.3068,15.4154,15.5242,15.6333,15.7425,15.8518,15.9612,16.0707,16.1802,16.2898,16.3993,16.5088,16.6182,16.7275,16.8368,16.946,17.0551,17.164,17.2728,17.3815,17.49,17.5983,17.7065,17.8145,17.9224,18.03,18.1374,18.2447,18.3517,18.4586,18.5652,18.6716,18.7778,18.8838,18.9896,19.0951,19.2004,19.3055,19.4104,19.515,19.6195,19.7236,19.8276,19.9313,20.0348,20.1381,20.2411,20.3439,20.4465,20.5488,20.6509,20.7528,20.8544,20.9559,21.057,21.158,21.2587,21.3592,21.4595,21.5595,21.6594,21.759,21.8583
28.7806,24.8847,20.408,16.6734,15.0124,14.2188,13.7702,13.4953,13.3222,13.2151,13.1534,13.1247,13.1209,13.1362,13.1667,13.2093,13.2619,13.3227,13.3904,13.4639,13.5422,13.6248,13.711,13.8003,13.8922,13.9866,14.0829,14.1811,14.2808,14.3818,14.4841,14.5874,14.6916,14.7966,14.9023,15.0086,15.1154,15.2227,15.3304,15.4384,15.5467,15.6552,15.7639,15.8727,15.9817,16.0907,16.1998,16.3089,16.418,16.5272,16.6362,16.7452,16.8542,16.963,17.0718,17.1804,17.289,17.3973,17.5056,17.6137,17.7216,17.8294,17.937,18.0444,18.1516,18.2586,18.3655,18.4721,18.5785,18.6848,18.7908,18.8966,19.0022,19.1076,19.2127,19.3177,19.4224,19.5269,19.6311,19.7352,19.839,19.9426,20.0459,20.1491,20.252,20.3546,20.4571,20.5593,20.6613,20.7631,20.8646,20.9659,21.067,21.1678,21.2685,21.3689,21.469,21.569,21.6687,21.7682,21.8675
29.0873,25.3034,21.0373,17.2181,15.3435,14.4489,13.9469,13.6393,13.4443,13.3212,13.2475,13.2093,13.1978,13.2068,13.2319,13.27,13.3187,13.3761,13.4407,13.5115,13.5875,13.6679,13.7521,13.8396,13.9299,14.0227,14.1177,14.2146,14.3131,14.413,14.5143,14.6166,14.7199,14.8241,14.929,15.0345,15.1406,15.2473,15.3543,15.4617,15.5694,15.6774,15.7855,15.8939,16.0024,16.1109,16.2196,16.3283,16.437,16.5458,16.6545,16.7631,16.8717,16.9803,17.0887,17.197,17.3053,17.4134,17.5213,17.6292,17.7368,17.8444,17.9517,18.0589,18.1659,18.2727,18.3793,18.4858,18.592,18.698,18.8039,18.9095,19.0149,19.1201,19.2251,19.3299,19.4344,19.5388,19.6429,19.7468,19.8505,19.9539,20.0571,20.1601,20.2629,20.3655,20.4678,20.5699,20.6718,20.7734,20.8748,20.976,21.077,21.1778,21.2783,21.3786,21.4787,21.5785,21.6781,21.7776,21.8767
29.3843,25.6986,21.6134,17.7766,15.6939,14.6906,14.131,13.7886,13.5702,13.4303,13.3439,13.2959,13.2764,13.2789,13.2985,13.3319,13.3765,13.4304,13.4919,13.5599,13.6334,13.7116,13.7938,13.8795,13.9681,14.0594,14.153,14.2485,14.3458,14.4447,14.5448,14.6462,14.7486,14.8519,14.956,15.0608,15.1662,15.2721,15.3785,15.4853,15.5924,15.6998,15.8074,15.9153,16.0233,16.1314,16.2396,16.3479,16.4562,16.5645,16.6729,16.7812,16.8894,16.9976,17.1058,17.2138,17.3217,17.4296,17.5372,17.6448,17.7522,17.8595,17.9666,18.0736,18.1803,18.2869,18.3933,18.4996,18.6056,18.7114,18.8171,18.9225,19.0278,19.1328,19.2376,19.3422,19.4466,19.5508,19.6548,19.7585,19.8621,19.9654,20.0685,20.1713,20.274,20.3764,20.4786,20.5806,20.6823,20.7839,20.8852,20.9863,21.0871,21.1878,21.2882,21.3884,21.4884,21.5881,21.6877,21.787,21.8861
29.6723,26.0737,22.1445,18.3373,16.0629,14.944,14.3228,13.9431,13.7,13.5425,13.4429,13.3846,13.3568,13.3525,13.3664,13.395,13.4354,13.4856,13.544,13.6091,13.6801,13.756,13.8361,13.9199,14.0069,14.0966,14.1887,14.283,14.379,14.4767,14.5758,14.6762,14.7776,14.88,14.9833,15.0873,15.192,15.2972,15.4029,15.5091,15.6156,15.7224,15.8296,15.9369,16.0444,16.1521,16.2598,16.3677,16.4756,16.5835,16.6915,16.7994,16.9073,17.0152,17.123,17.2307,17.3384,17.4459,17.5533,17.6606,17.7678,17.8748,17.9816,18.0884,18.1949,18.3013,18.4075,18.5135,18.6193,18.725,18.8304,18.9357,19.0407,19.1456,19.2503,19.3547,19.4589,19.563,19.6668,19.7704,19.8738,19.9769,20.0799,20.1826,20.2851,20.3874,20.4895,20.5913,20.693,20.7944,20.8956,20.9966,21.0973,21.1978,21.2982,21.3983,21.4981,21.5978,21.6972,21.7965,21.8955
29.9522,26.4313,22.6374,18.8898,16.4487,15.2092,14.5222,14.1031,13.8338,13.6578,13.5444,13.4753,13.439,13.4276,13.4356,13.4592,13.4953,13.5418,13.5969,13.6591,13.7275,13.8011,13.8791,13.961,14.0462,14.1343,14.225,14.3178,14.4126,14.5091,14.6072,14.7065,14.807,14.9085,15.0109,15.1142,15.2181,15.3226,15.4277,15.5332,15.6391,15.7454,15.8519,15.9587,16.0658,16.1729,16.2803,16.3877,16.4952,16.6027,16.7103,16.8179,16.9254,17.033,17.1404,17.2478,17.3552,17.4624,17.5695,17.6766,17.7834,17.8902,17.9968,18.1033,18.2096,18.3158,18.4217,18.5275,18.6332,18.7386,18.8439,18.949,19.0538,19.1585,19.263,19.3673,19.4713,19.5752,19.6789,19.7823,19.8855,19.9886,20.0914,20.194,20.2964,20.3985,20.5005,20.6022,20.7037,20.805,20.9061,21.0069,21.1076,21.208,21.3082,21.4082,21.508,21.6076,21.7069,21.806,21.9049
30.2246,26.7736,23.0979,19.4266,16.8488,15.4862,14.7295,14.2685,13.9717,13.7763,13.6484,13.5681,13.5229,13.5042,13.5061,13.5246,13.5563,13.5989,13.6506,13.7099,13.7756,13.8468,13.9227,14.0026,14.0861,14.1725,14.2617,14.3532,14.4467,14.542,14.6389,14.7372,14.8367,14.9373,15.0389,15.1413,15.2445,15.3483,15.4527,15.5575,15.6629,15.7685,15.8745,15.9808,16.0873,16.194,16.3009,16.4079,16.515,16.6221,16.7293,16.8365,16.9437,17.0509,17.158,17.2651,17.3721,17.4791,17.5859,17.6927,17.7993,17.9058,18.0121,18.1184,18.2245,18.3304,18.4361,18.5417,18.6472,18.7524,18.8575,18.9623,19.067,19.1715,19.2758,19.3799,19.4838,19.5876,19.6911,19.7943,19.8974,20.0003,20.103,20.2054,20.3077,20.4097,20.5115,20.6131,20.7145,20.8157,20.9167,21.0174,21.118,21.2183,21.3184,21.4183,21.5179,21.6174,21.7166,21.8157,21.9145
30.4902,27.1024,23.5308,19.943,17.2599,15.7744,14.9447,14.4395,14.1138,13.8979,13.755,13.6631,13.6086,13.5823,13.578,13.5911,13.6183,13.657,13.7052,13.7615,13.8245,13.8932,13.9669,14.0448,14.1264,14.2113,14.2989,14.3889,14.4811,14.5752,14.671,14.7683,14.8668,14.9665,15.0672,15.1688,15.2712,15.3743,15.4779,15.5822,15.6869,15.792,15.8974,16.0031,16.1092,16.2154,16.3218,16.4283,16.5349,16.6417,16.7485,16.8553,16.9621,17.069,17.1758,17.2825,17.3892,17.4959,17.6024,17.7089,17.8153,17.9215,18.0276,18.1336,18.2394,18.3451,18.4507,18.556,18.6613,18.7663,18.8712,18.9758,19.0804,19.1847,19.2888,19.3927,19.4965,19.6,19.7034,19.8065,19.9094,20.0122,20.1147,20.217,20.3191,20.421,20.5227,20.6242,20.7254,20.8265,20.9273,21.028,21.1284,21.2286,21.3286,21.4284,21.528,21.6273,21.7265,21.8254,21.9241
30.7494,27.4191,23.9398,20.437,17.6784,16.0734,15.1677,14.6161,14.2599,14.0228,13.8641,13.7602,13.696,13.662,13.6512,13.6589,13.6814,13.716,13.7607,13.8138,13.874,13.9403,14.0117,14.0876,14.1674,14.2505,14.3365,14.4252,14.516,14.6089,14.7035,14.7997,14.8972,14.996,15.0958,15.1966,15.2982,15.4005,15.5035,15.6071,15.7111,15.8156,15.9205,16.0257,16.1312,16.2369,16.3428,16.4489,16.5551,16.6614,16.7678,16.8743,16.9808,17.0872,17.1937,17.3001,17.4065,17.5129,17.6191,17.7253,17.8314,17.9374,18.0432,18.1489,18.2545,18.36,18.4653,18.5705,18.6755,18.7803,18.885,18.9895,19.0938,19.1979,19.3019,19.4056,19.5092,19.6126,19.7158,19.8187,19.9215,20.0241,20.1265,20.2287,20.3306,20.4324,20.534,20.6353,20.7365,20.8374,20.9381,21.0386,21.1389,21.239,21.3389,21.4386,21.538,21.6373,21.7364,21.8352,21.9338
31.0028,27.725,24.328,20.9081,18.1003,16.3822,15.3984,14.7983,14.4103,14.151,13.9759,13.8594,13.7853,13.7432,13.7258,13.7278,13.7455,13.776,13.8171,13.867,13.9243,13.988,14.0571,14.131,14.2088,14.2902,14.3747,14.4618,14.5513,14.643,14.7364,14.8315,14.928,15.0258,15.1247,15.2247,15.3255,15.427,15.5293,15.6322,15.7356,15.8395,15.9438,16.0485,16.1534,16.2587,16.3641,16.4697,16.5755,16.6814,16.7874,16.8934,16.9995,17.1057,17.2118,17.3179,17.424,17.53,17.636,17.7418,17.8476,17.9534,18.059,18.1644,18.2698,18.375,18.4801,18.585,18.6898,18.7944,18.8989,19.0032,19.1073,19.2113,19.315,19.4186,19.522,19.6252,19.7283,19.8311,19.9337,20.0361,20.1384,20.2404,20.3422,20.4439,20.5453,20.6465,20.7475,20.8484,20.949,21.0494,21.1495,21.2495,21.3493,21.4489,21.5482,21.6474,21.7463,21.8451,21.9436
31.2507,28.0212,24.6981,21.3572,18.522,16.6998,15.6367,14.9862,14.5649,14.2824,14.0903,13.9607,13.8764,13.826,13.8017,13.7979,13.8107,13.8369,13.8743,13.9209,13.9753,14.0364,14.1032,14.1749,14.2508,14.3304,14.4133,14.4989,14.5871,14.6774,14.7697,14.8637,14.9591,15.056,15.154,15.253,15.353,15.4539,15.5554,15.6576,15.7604,15.8637,15.9674,16.0715,16.1759,16.2806,16.3856,16.4907,16.5961,16.7015,16.8071,16.9128,17.0185,17.1243,17.23,17.3358,17.4416,17.5473,17.6529,17.7585,17.8641,17.9695,18.0748,18.1801,18.2852,18.3902,18.495,18.5997,18.7043,18.8087,18.913,19.0171,19.121,19.2248,19.3283,19.4317,19.535,19.638,19.7409,19.8435,19.946,20.0483,20.1504,20.2523,20.354,20.4554,20.5567,20.6578,20.7587,20.8594,20.9599,21.0602,21.1602,21.2601,21.3598,21.4592,21.5585,21.6575,21.7564,21.855,21.9534
31.4935,28.3085,25.0521,21.7854,18.9402,17.0247,15.8822,15.1795,14.7237,14.417,14.2073,14.0642,13.9693,13.9103,13.8789,13.8692,13.8769,13.8988,13.9323,13.9756,14.027,14.0855,14.1499,14.2194,14.2933,14.3712,14.4523,14.5365,14.6232,14.7123,14.8033,14.8962,14.9906,15.0864,15.1835,15.2817,15.3809,15.481,15.5818,15.6833,15.7854,15.8881,15.9912,16.0947,16.1986,16.3028,16.4073,16.512,16.6168,16.7219,16.8271,16.9323,17.0377,17.143,17.2485,17.3539,17.4593,17.5647,17.6701,17.7754,17.8806,17.9858,18.0908,18.1958,18.3007,18.4054,18.51,18.6145,18.7189,18.8231,18.9271,19.031,19.1348,19.2383,19.3417,19.445,19.548,19.6509,19.7536,19.8561,19.9584,20.0605,20.1625,20.2642,20.3658,20.4671,20.5683,20.6692,20.77,20.8705,20.9709,21.0711,21.171,21.2708,21.3703,21.4697,21.5688,21.6677,21.7665,21.865,21.9634
31.7316,28.5876,25.3918,22.1942,19.3523,17.3555,16.1344,15.3783,14.8867,14.555,14.3269,14.1699,14.0641,13.9962,13.9575,13.9417,13.9442,13.9616,13.9912,14.031,14.0795,14.1352,14.1971,14.2644,14.3364,14.4124,14.4919,14.5745,14.6598,14.7475,14.8374,14.9291,15.0224,15.1173,15.2134,15.3107,15.4091,15.5083,15.6084,15.7092,15.8107,15.9127,16.0152,16.1182,16.2215,16.3252,16.4292,16.5334,16.6378,16.7424,16.8472,16.952,17.057,17.162,17.2671,17.3721,17.4772,17.5823,17.6874,17.7924,17.8973,18.0022,18.107,18.2117,18.3163,18.4208,18.5252,18.6295,18.7336,18.8376,18.9414,19.0451,19.1487,19.252,19.3552,19.4583,19.5612,19.6639,19.7664,19.8687,19.9709,20.0729,20.1746,20.2762,20.3776,20.4789,20.5799,20.6807,20.7813,20.8818,20.982,21.082,21.1819,21.2815,21.3809,21.4802,21.5792,21.678,21.7767,21.8751,21.9733
31.9652,28.8593,25.7188,22.5853,19.7563,17.6906,16.393,15.5824,15.0538,14.6962,14.4492,14.2778,14.1606,14.0837,14.0375,14.0154,14.0126,14.0254,14.051,14.0873,14.1326,14.1856,14.245,14.3101,14.38,14.4541,14.5319,14.6129,14.6968,14.7832,14.8718,14.9623,15.0546,15.1484,15.2436,15.34,15.4375,15.536,15.6353,15.7354,15.8362,15.9376,16.0395,16.1418,16.2446,16.3478,16.4513,16.555,16.659,16.7631,16.8674,16.9719,17.0765,17.1811,17.2858,17.3905,17.4953,17.6001,17.7048,17.8095,17.9142,18.0188,18.1233,18.2277,18.3321,18.4363,18.5405,18.6445,18.7484,18.8522,18.9558,19.0593,19.1626,19.2658,19.3689,19.4717,19.5744,19.6769,19.7793,19.8815,19.9835,20.0853,20.1869,20.2884,20.3896,20.4907,20.5916,20.6923,20.7928,20.8931,20.9932,21.0931,21.1928,21.2923,21.3916,21.4908,21.5897,21.6884,21.7869,21.8853,21.9834
32.1946,29.1241,26.0341,22.96,20.1508,18.0283,16.6573,15.7916,15.225,14.8407,14.5741,14.3878,14.259,14.1727,14.1188,14.0903,14.082,14.0901,14.1116,14.1444,14.1865,14.2366,14.2935,14.3563,14.4241,14.4963,14.5724,14.6518,14.7342,14.8192,14.9065,14.9959,15.0871,15.1799,15.2741,15.3696,15.4662,15.5639,15.6625,15.7618,15.8619,15.9627,16.064,16.1657,16.268,16.3706,16.4735,16.5768,16.6803,16.784,16.8879,16.992,17.0961,17.2004,17.3047,17.4091,17.5135,17.618,17.7224,17.8268,17.9311,18.0355,18.1397,18.2439,18.348,18.452,18.5559,18.6597,18.7634,18.8669,18.9703,19.0736,19.1768,19.2797,19.3826,19.4853,19.5878,19.6901,19.7923,19.8943,19.9961,20.0978,20.1993,20.3006,20.4017,20.5026,20.6034,20.7039,20.8043,20.9044,21.0044,21.1042,21.2038,21.3032,21.4024,21.5014,21.6002,21.6989,21.7973,21.8955,21.9935
32.4201,29.3826,26.3391,23.3199,20.535,18.3671,16.9267,16.0057,15.4003,14.9884,14.7016,14.5,14.3592,14.2632,14.2015,14.1664,14.1525,14.1557,14.1731,14.2022,14.2411,14.2883,14.3426,14.403,14.4687,14.539,14.6133,14.6911,14.772,14.8557,14.9417,15.0298,15.1199,15.2116,15.3049,15.3995,15.4952,15.5921,15.6899,15.7885,15.8879,15.988,16.0887,16.1899,16.2915,16.3936,16.496,16.5988,16.7018,16.8051,16.9086,17.0122,17.1159,17.2198,17.3238,17.4278,17.5319,17.636,17.7401,17.8442,17.9483,18.0523,18.1563,18.2602,18.364,18.4678,18.5714,18.675,18.7784,18.8818,18.985,19.088,19.191,19.2938,19.3964,19.4989,19.6012,19.7034,19.8054,19.9072,20.0089,20.1104,20.2117,20.3129,20.4139,20.5146,20.6152,20.7157,20.8159,20.9159,21.0158,21.1154,21.2149,21.3142,21.4133,21.5122,21.6109,21.7094,21.8077,21.9058,22.0037
32.6418,29.6352,26.6345,23.6662,20.9085,18.7053,17.2003,16.2244,15.5794,15.1393,14.8317,14.6143,14.4612,14.3553,14.2855,14.2436,14.224,14.2223,14.2354,14.2608,14.2964,14.3406,14.3923,14.4504,14.5139,14.5822,14.6547,14.7309,14.8103,14.8925,14.9772,15.0641,15.1531,15.2437,15.336,15.4296,15.5245,15.6206,15.7176,15.8155,15.9142,16.0136,16.1136,16.2142,16.3153,16.4168,16.5187,16.621,16.7235,16.8263,16.9294,17.0326,17.1359,17.2394,17.343,17.4467,17.5504,17.6542,17.758,17.8618,17.9655,18.0693,18.173,18.2766,18.3802,18.4837,18.5871,18.6904,18.7936,18.8967,18.9997,19.1026,19.2053,19.3079,19.4103,19.5126,19.6148,19.7168,19.8186,19.9203,20.0218,20.1231,20.2243,20.3253,20.4261,20.5267,20.6272,20.7275,20.8276,20.9275,21.0272,21.1267,21.2261,21.3252,21.4242,21.523,21.6216,21.72,21.8182,21.9162,22.014
32.86,29.8823,26.9211,24,21.2711,19.0418,17.4774,16.4475,15.7624,15.2933,14.9644,14.7308,14.565,14.449,14.3708,14.322,14.2965,14.2899,14.2986,14.3201,14.3523,14.3936,14.4426,14.4982,14.5596,14.6259,14.6966,14.7711,14.8489,14.9297,15.0131,15.0988,15.1866,15.2762,15.3674,15.4601,15.5541,15.6493,15.7455,15.8427,15.9407,16.0394,16.1388,16.2388,16.3393,16.4402,16.5416,16.6434,16.7455,16.8478,16.9504,17.0532,17.1561,17.2592,17.3624,17.4657,17.5691,17.6725,17.776,17.8795,17.9829,18.0864,18.1898,18.2932,18.3965,18.4997,18.6029,18.7059,18.8089,18.9118,19.0146,19.1172,19.2197,19.3221,19.4244,19.5265,19.6284,19.7303,19.8319,19.9334,20.0348,20.1359,20.2369,20.3378,20.4384,20.5389,20.6392,20.7394,20.8393,20.9391,21.0387,21.1381,21.2373,21.3364,21.4352,21.5339,21.6324,21.7306,21.8287,21.9266,22.0244
33.0748,30.1242,27.1998,24.3225,21.6232,19.3754,17.7572,16.6744,15.949,15.4504,15.0996,14.8494,14.6706,14.5442,14.4575,14.4016,14.3702,14.3584,14.3626,14.3803,14.409,14.4473,14.4935,14.5467,14.6058,14.6701,14.7389,14.8117,14.888,14.9673,15.0493,15.1338,15.2204,15.3089,15.3991,15.4909,15.584,15.6783,15.7737,15.8701,15.9674,16.0654,16.1642,16.2635,16.3635,16.4639,16.5647,16.666,16.7675,16.8694,16.9715,17.0739,17.1764,17.2791,17.382,17.4849,17.5879,17.691,17.7942,17.8973,18.0005,18.1036,18.2067,18.3098,18.4129,18.5159,18.6188,18.7216,18.8243,18.927,19.0295,19.132,19.2343,19.3365,19.4385,19.5404,19.6422,19.7438,19.8453,19.9466,20.0478,20.1488,20.2497,20.3504,20.4509,20.5512,20.6514,20.7514,20.8512,20.9508,21.0503,21.1496,21.2487,21.3476,21.4463,21.5448,21.6432,21.7414,21.8394,21.9372,22.0348
33.2864,30.3614,27.4712,24.6344,21.9648,19.7051,18.0389,16.905,16.1391,15.6105,15.2374,14.9702,14.778,14.641,14.5456,14.4824,14.4448,14.4278,14.4275,14.4412,14.4664,14.5016,14.545,14.5957,14.6525,14.7148,14.7817,14.8527,14.9274,15.0053,15.0859,15.1691,15.2545,15.342,15.4311,15.5219,15.6141,15.7076,15.8022,15.8978,15.9943,16.0917,16.1898,16.2885,16.3879,16.4877,16.588,16.6887,16.7898,16.8912,16.9929,17.0948,17.1969,17.2992,17.4017,17.5043,17.6069,17.7097,17.8125,17.9153,18.0181,18.121,18.2238,18.3266,18.4294,18.5321,18.6348,18.7374,18.8399,18.9423,19.0446,19.1468,19.2489,19.3509,19.4528,19.5545,19.6561,19.7575,19.8588,19.96,20.061,20.1618,20.2625,20.363,20.4634,20.5636,20.6636,20.7634,20.8631,20.9626,21.0619,21.1611,21.2601,21.3589,21.4575,21.5559,21.6541,21.7522,21.8501,21.9478,22.0453
33.4951,30.594,27.7357,24.9368,22.2964,20.0302,18.3216,17.1387,16.3324,15.7735,15.3776,15.093,14.8872,14.7392,14.6349,14.5644,14.5205,14.4981,14.4932,14.5028,14.5245,14.5565,14.5971,14.6452,14.6998,14.7599,14.8249,14.8942,14.9673,15.0436,15.1229,15.2048,15.289,15.3753,15.4635,15.5532,15.6445,15.7371,15.8309,15.9257,16.0215,16.1182,16.2156,16.3137,16.4125,16.5117,16.6115,16.7117,16.8123,16.9132,17.0144,17.1159,17.2176,17.3195,17.4216,17.5237,17.6261,17.7284,17.8309,17.9334,18.0359,18.1385,18.241,18.3436,18.4461,18.5485,18.6509,18.7533,18.8555,18.9577,19.0598,19.1618,19.2637,19.3654,19.4671,19.5686,19.67,19.7713,19.8724,19.9734,20.0742,20.1749,20.2754,20.3758,20.476,20.576,20.6759,20.7756,20.8751,20.9745,21.0737,21.1727,21.2716,21.3702,21.4687,21.567,21.6651,21.7631,21.8608,21.9584,22.0558
33.7008,30.8224,27.9939,25.2302,22.6185,20.3501,18.6047,17.3751,16.5289,15.9393,15.5202,15.2178,14.9981,14.839,14.7256,14.6475,14.5972,14.5694,14.5598,14.5652,14.5833,14.6121,14.6498,14.6953,14.7475,14.8055,14.8686,14.9361,15.0075,15.0824,15.1602,15.2408,15.3238,15.409,15.4961,15.5849,15.6752,15.7669,15.8599,15.9539,16.049,16.1449,16.2417,16.3391,16.4373,16.536,16.6352,16.7348,16.8349,16.9354,17.0361,17.1371,17.2384,17.3399,17.4416,17.5434,17.6453,17.7474,17.8495,17.9517,18.0539,18.1561,18.2584,18.3606,18.4629,18.565,18.6672,18.7693,18.8713,18.9732,19.0751,19.1769,19.2785,19.3801,19.4815,19.5829,19.6841,19.7851,19.8861,19.9869,20.0875,20.188,20.2884,20.3886,20.4887,20.5885,20.6883,20.7878,20.8872,20.9865,21.0855,21.1844,21.2831,21.3816,21.48,21.5782,21.6762,21.774,21.8717,21.9692,22.0664
33.9038,31.0468,28.2462,25.5155,22.9315,20.6644,18.8873,17.6137,16.7282,16.1078,15.6652,15.3447,15.1108,14.9403,14.8176,14.7317,14.675,14.6416,14.6271,14.6284,14.6428,14.6683,14.7031,14.746,14.7958,14.8516,14.9127,14.9784,15.0482,15.1215,15.1979,15.2772,15.359,15.443,15.529,15.6168,15.7062,15.797,15.8891,15.9823,16.0766,16.1719,16.2679,16.3648,16.4623,16.5604,16.659,16.7582,16.8577,16.9577,17.058,17.1586,17.2594,17.3605,17.4617,17.5632,17.6648,17.7664,17.8682,17.9701,18.072,18.1739,18.2759,18.3778,18.4798,18.5817,18.6836,18.7854,18.8872,18.9889,19.0905,19.1921,19.2935,19.3949,19.4961,19.5972,19.6982,19.7991,19.8999,20.0005,20.101,20.2013,20.3015,20.4015,20.5014,20.6012,20.7007,20.8002,20.8994,20.9985,21.0974,21.1962,21.2947,21.3932,21.4914,21.5895,21.6873,21.7851,21.8826,21.9799,22.0771
34.1042,31.2674,28.4929,25.7931,23.2359,20.973,19.1689,17.8542,16.9301,16.2788,15.8125,15.4736,15.2252,15.0431,14.9109,14.8171,14.7537,14.7146,14.6953,14.6924,14.703,14.7251,14.757,14.7972,14.8446,14.8982,14.9573,15.0212,15.0892,15.161,15.236,15.3139,15.3944,15.4773,15.5622,15.649,15.7374,15.8273,15.9185,16.011,16.1045,16.199,16.2944,16.3906,16.4875,16.585,16.6831,16.7817,16.8807,16.9802,17.08,17.1801,17.2806,17.3812,17.4821,17.5831,17.6843,17.7856,17.8871,17.9886,18.0902,18.1918,18.2935,18.3951,18.4968,18.5984,18.7001,18.8016,18.9032,19.0046,19.106,19.2073,19.3086,19.4097,19.5107,19.6117,19.7125,19.8132,19.9137,20.0142,20.1145,20.2147,20.3147,20.4146,20.5143,20.6139,20.7133,20.8126,20.9117,21.0106,21.1094,21.208,21.3065,21.4047,21.5029,21.6008,21.6986,21.7962,21.8936,21.9908,22.0879
34.302,31.4845,28.7346,26.0636,23.5322,21.2755,19.4489,18.096,17.1344,16.4523,15.9619,15.6044,15.3412,15.1473,15.0054,14.9037,14.8335,14.7887,14.7644,14.757,14.7639,14.7826,14.8114,14.8489,14.8938,14.9453,15.0023,15.0643,15.1307,15.2008,15.2744,15.351,15.4302,15.5119,15.5957,15.6814,15.7689,15.8579,15.9483,16.0399,16.1327,16.2264,16.3211,16.4166,16.5129,16.6098,16.7073,16.8054,16.9039,17.0029,17.1022,17.2019,17.3019,17.4021,17.5026,17.6032,17.704,17.805,17.9061,18.0073,18.1085,18.2098,18.3112,18.4126,18.5139,18.6153,18.7167,18.818,18.9193,19.0205,19.1216,19.2227,19.3237,19.4247,19.5255,19.6262,19.7268,19.8273,19.9277,20.028,20.1281,20.2281,20.3279,20.4277,20.5272,20.6266,20.7259,20.825,20.924,21.0228,21.1214,21.2199,21.3182,21.4164,21.5144,21.6122,21.7098,21.8073,21.9046,22.0018,22.0987
34.4975,31.6981,28.9714,26.3275,23.8208,21.572,19.7269,18.3386,17.3408,16.6281,16.1136,15.737,15.459,15.253,15.1013,14.9913,14.9143,14.8636,14.8342,14.8225,14.8254,14.8407,14.8664,14.9012,14.9436,14.9928,15.0478,15.1079,15.1725,15.2411,15.3131,15.3883,15.4663,15.5468,15.6295,15.7142,15.8006,15.8887,15.9782,16.069,16.161,16.2541,16.348,16.4429,16.5385,16.6348,16.7318,16.8293,16.9273,17.0257,17.1246,17.2238,17.3233,17.4231,17.5232,17.6234,17.7239,17.8245,17.9252,18.0261,18.127,18.228,18.329,18.4301,18.5312,18.6323,18.7334,18.8344,18.9355,19.0365,19.1374,19.2382,19.339,19.4397,19.5403,19.6409,19.7413,19.8416,19.9418,20.0418,20.1418,20.2416,20.3413,20.4408,20.5403,20.6395,20.7386,20.8376,20.9364,21.0351,21.1336,21.2319,21.3301,21.4281,21.526,21.6237,21.7212,21.8186,21.9157,22.0128,22.1096
34.6906,31.9085,29.2036,26.5853,24.1021,21.8626,20.0023,18.5818,17.5489,16.806,16.2672,15.8716,15.5783,15.3601,15.1984,15.0801,14.9961,14.9394,14.9048,14.8886,14.8876,14.8994,14.922,14.954,14.9939,15.0408,15.0937,15.1519,15.2147,15.2817,15.3522,15.4261,15.5027,15.582,15.6636,15.7472,15.8327,15.9198,16.0084,16.0984,16.1896,16.2819,16.3752,16.4694,16.5643,16.66,16.7564,16.8533,16.9508,17.0488,17.1471,17.2459,17.345,17.4443,17.544,17.6438,17.7439,17.8441,17.9445,18.045,18.1456,18.2463,18.347,18.4478,18.5486,18.6494,18.7502,18.851,18.9518,19.0525,19.1532,19.2538,19.3544,19.4549,19.5553,19.6556,19.7558,19.8559,19.9559,20.0558,20.1556,20.2552,20.3547,20.4541,20.5534,20.6525,20.7514,20.8502,20.9489,21.0474,21.1458,21.244,21.342,21.4399,21.5377,21.6352,21.7326,21.8299,21.9269,22.0238,22.1206
34.8816,32.1159,29.4316,26.8372,24.3766,22.1472,20.2748,18.825,17.7587,16.9859,16.4228,16.0079,15.6992,15.4686,15.2967,15.17,15.0788,15.016,14.9763,14.9555,14.9505,14.9587,14.9782,15.0073,15.0447,15.0892,15.14,15.1962,15.2573,15.3226,15.3917,15.4641,15.5395,15.6175,15.6979,15.7805,15.8649,15.9511,16.0389,16.128,16.2184,16.3099,16.4025,16.496,16.5903,16.6854,16.7812,16.8776,16.9745,17.072,17.1698,17.2681,17.3667,17.4657,17.5649,17.6644,17.764,17.8639,17.9639,18.0641,18.1643,18.2647,18.3651,18.4656,18.5661,18.6666,18.7672,18.8677,18.9682,19.0687,19.1692,19.2695,19.3699,19.4701,19.5703,19.6704,19.7704,19.8704,19.9702,20.0699,20.1695,20.2689,20.3683,20.4675,20.5665,20.6655,20.7643,20.863,20.9615,21.0599,21.1581,21.2561,21.3541,21.4518,21.5494,21.6468,21.7441,21.8412,21.9382,22.035,22.1316
35.0704,32.3203,29.6556,27.0838,24.6447,22.426,20.5442,19.0679,17.9696,17.1676,16.5803,16.1459,15.8217,15.5785,15.3962,15.261,15.1626,15.0936,15.0485,15.0231,15.014,15.0186,15.0349,15.0611,15.0959,15.1381,15.1867,15.241,15.3003,15.364,15.4315,15.5025,15.5765,15.6533,15.7326,15.814,15.8975,15.9827,16.0696,16.1579,16.2474,16.3382,16.4301,16.5229,16.6166,16.711,16.8062,16.902,16.9984,17.0953,17.1927,17.2905,17.3887,17.4872,17.586,17.685,17.7843,17.8838,17.9835,18.0833,18.1832,18.2832,18.3833,18.4835,18.5837,18.684,18.7842,18.8845,18.9848,19.085,19.1852,19.2854,19.3855,19.4855,19.5855,19.6854,19.7852,19.8849,19.9845,20.084,20.1834,20.2827,20.3819,20.4809,20.5798,20.6786,20.7773,20.8758,20.9741,21.0724,21.1704,21.2684,21.3661,21.4638,21.5612,21.6585,21.7557,21.8527,21.9495,22.0462,22.1427
35.2572,32.522,29.8757,27.3253,24.9066,22.6991,20.8103,19.3102,18.1816,17.3509,16.7395,16.2856,15.9457,15.6897,15.497,15.353,15.2473,15.172,15.1216,15.0914,15.0782,15.0792,15.0922,15.1155,15.1477,15.1875,15.2339,15.2862,15.3437,15.4056,15.4716,15.5412,15.6139,15.6894,15.7675,15.8479,15.9303,16.0146,16.1005,16.1879,16.2767,16.3667,16.4578,16.5499,16.643,16.7368,16.8314,16.9266,17.0225,17.1189,17.2157,17.313,17.4108,17.5088,17.6072,17.7058,17.8047,17.9038,18.0031,18.1026,18.2022,18.3019,18.4017,18.5015,18.6015,18.7014,18.8014,18.9014,19.0014,19.1014,19.2014,19.3013,19.4011,19.501,19.6007,19.7004,19.8,19.8995,19.9989,20.0982,20.1975,20.2966,20.3956,20.4944,20.5932,20.6918,20.7903,20.8886,20.9869,21.0849,21.1829,21.2807,21.3783,21.4758,21.5731,21.6703,21.7673,21.8642,21.9609,22.0574,22.1538
35.4421,32.721,30.0922,27.562,25.1628,22.9667,21.0729,19.5514,18.3942,17.5357,16.9004,16.4269,16.0711,15.8022,15.5989,15.4461,15.3329,15.2513,15.1954,15.1605,15.1431,15.1403,15.1501,15.1704,15.1999,15.2373,15.2815,15.3318,15.3874,15.4477,15.5121,15.5802,15.6515,15.7258,15.8027,15.882,15.9634,16.0467,16.1317,16.2182,16.3062,16.3954,16.4858,16.5772,16.6696,16.7628,16.8567,16.9514,17.0467,17.1426,17.2389,17.3358,17.433,17.5306,17.6286,17.7268,17.8253,17.924,18.0229,18.122,18.2213,18.3207,18.4201,18.5197,18.6193,18.719,18.8187,18.9184,19.0182,19.1179,19.2176,19.3173,19.4169,19.5165,19.616,19.7155,19.8149,19.9142,20.0134,20.1126,20.2116,20.3105,20.4093,20.508,20.6066,20.7051,20.8034,20.9016,20.9997,21.0976,21.1954,21.293,21.3905,21.4879,21.5851,21.6821,21.779,21.8758,21.9723,22.0688,22.165
35.625,32.9175,30.3053,27.7941,25.4136,23.229,21.3318,19.7915,18.6074,17.7218,17.0628,16.5698,16.198,15.9161,15.702,15.5403,15.4195,15.3315,15.27,15.2302,15.2086,15.2021,15.2085,15.2258,15.2526,15.2875,15.3296,15.3778,15.4315,15.4901,15.5529,15.6195,15.6895,15.7625,15.8382,15.9164,15.9967,16.079,16.1631,16.2488,16.3359,16.4243,16.514,16.6047,16.6963,16.7889,16.8823,16.9763,17.0711,17.1664,17.2623,17.3586,17.4554,17.5526,17.6501,17.7479,17.846,17.9443,18.0429,18.1416,18.2405,18.3396,18.4387,18.538,18.6373,18.7367,18.8361,18.9356,19.035,19.1345,19.234,19.3334,19.4328,19.5322,19.6315,19.7307,19.8299,19.929,20.028,20.127,20.2258,20.3246,20.4232,20.5217,20.6201,20.7184,20.8166,20.9146,21.0125,21.1103,21.208,21.3055,21.4028,21.5,21.5971,21.694,21.7908,21.8874,21.9839,22.0802,22.1763
35.8061,33.1115,30.5151,28.022,25.6593,23.4861,21.5871,20.03,18.8207,17.9089,17.2266,16.714,16.3262,16.0312,15.8063,15.6354,15.507,15.4124,15.3453,15.3007,15.2747,15.2644,15.2674,15.2817,15.3058,15.3382,15.378,15.4242,15.476,15.5328,15.594,15.6592,15.7278,15.7995,15.874,15.951,16.0303,16.1116,16.1947,16.2795,16.3658,16.4534,16.5423,16.6323,16.7233,16.8152,16.908,17.0015,17.0957,17.1904,17.2858,17.3816,17.4779,17.5747,17.6717,17.7691,17.8668,17.9648,18.063,18.1613,18.2599,18.3586,18.4574,18.5564,18.6554,18.7545,18.8536,18.9528,19.052,19.1512,19.2504,19.3496,19.4488,19.5479,19.647,19.746,19.845,19.9439,20.0427,20.1415,20.2401,20.3387,20.4371,20.5355,20.6337,20.7319,20.8299,20.9277,21.0255,21.1231,21.2206,21.318,21.4152,21.5123,21.6092,21.706,21.8026,21.8991,21.9955,22.0916,22.1877
35.9855,33.3032,30.7218,28.2458,25.9,23.7383,21.8386,20.2668,19.034,18.097,17.3917,16.8597,16.4558,16.1475,15.9116,15.7316,15.5954,15.4943,15.4214,15.3718,15.3415,15.3274,15.3269,15.3381,15.3594,15.3894,15.4269,15.471,15.5209,15.5759,15.6355,15.6991,15.7663,15.8367,15.91,15.9859,16.0641,16.1444,16.2266,16.3105,16.3959,16.4828,16.5709,16.6602,16.7505,16.8417,16.9339,17.0268,17.1204,17.2146,17.3095,17.4048,17.5006,17.5969,17.6935,17.7905,17.8878,17.9854,18.0832,18.1812,18.2794,18.3777,18.4762,18.5749,18.6736,18.7724,18.8712,18.9701,19.0691,19.168,19.267,19.3659,19.4649,19.5638,19.6626,19.7614,19.8602,19.9589,20.0575,20.1561,20.2545,20.3529,20.4512,20.5493,20.6474,20.7454,20.8432,20.9409,21.0385,21.136,21.2333,21.3306,21.4276,21.5246,21.6214,21.718,21.8145,21.9109,22.0071,22.1032,22.1991
36.1632,33.4927,30.9255,28.4658,26.1362,23.9857,22.0865,20.5018,19.2471,18.2858,17.5579,17.0066,16.5866,16.265,16.018,15.8287,15.6847,15.5769,15.4982,15.4436,15.4089,15.3909,15.3869,15.3951,15.4135,15.4409,15.4761,15.5181,15.5661,15.6194,15.6773,15.7394,15.8052,15.8743,15.9463,16.0211,16.0982,16.1775,16.2587,16.3417,16.4263,16.5123,16.5997,16.6882,16.7778,16.8684,16.9599,17.0522,17.1453,17.239,17.3333,17.4281,17.5235,17.6193,17.7155,17.812,17.9089,18.0061,18.1035,18.2011,18.299,18.397,18.4952,18.5935,18.6919,18.7904,18.889,18.9876,19.0862,19.1849,19.2836,19.3823,19.481,19.5797,19.6783,19.7769,19.8755,19.974,20.0724,20.1707,20.269,20.3672,20.4653,20.5633,20.6612,20.7589,20.8566,20.9542,21.0516,21.1489,21.2461,21.3432,21.4401,21.5369,21.6336,21.7301,21.8265,21.9227,22.0188,22.1148,22.2106
36.3393,33.68,31.1265,28.6822,26.3679,24.2286,22.3306,20.7347,19.4598,18.4751,17.7253,17.1547,16.7186,16.3836,16.1255,15.9269,15.7749,15.6603,15.5758,15.5161,15.4769,15.4549,15.4475,15.4525,15.4681,15.493,15.5258,15.5657,15.6117,15.6632,15.7195,15.78,15.8444,15.9121,15.9829,16.0565,16.1325,16.2108,16.291,16.3731,16.4568,16.5421,16.6286,16.7165,16.8054,16.8953,16.9862,17.0779,17.1703,17.2635,17.3573,17.4516,17.5465,17.6418,17.7376,17.8337,17.9302,18.0269,18.124,18.2212,18.3187,18.4164,18.5142,18.6122,18.7103,18.8085,18.9068,19.0051,19.1035,19.2019,19.3004,19.3988,19.4973,19.5957,19.6941,19.7925,19.8908,19.9891,20.0873,20.1855,20.2836,20.3816,20.4795,20.5773,20.675,20.7726,20.8701,20.9675,21.0648,21.162,21.259,21.3559,21.4527,21.5494,21.6459,21.7423,21.8385,21.9346,22.0306,22.1264,22.2221
36.5138,33.8652,31.3247,28.8951,26.5955,24.4671,22.571,20.9654,19.6718,18.6649,17.8935,17.304,16.8518,16.5033,16.234,16.0259,15.866,15.7445,15.6541,15.5893,15.5456,15.5196,15.5086,15.5104,15.5231,15.5454,15.5759,15.6136,15.6577,15.7073,15.7619,15.8209,15.8838,15.9502,16.0198,16.0922,16.1671,16.2443,16.3236,16.4048,16.4876,16.572,16.6578,16.7449,16.8331,16.9224,17.0126,17.1037,17.1956,17.2882,17.3814,17.4753,17.5696,17.6645,17.7598,17.8555,17.9515,18.0479,18.1445,18.2415,18.3386,18.4359,18.5334,18.6311,18.7289,18.8268,18.9247,19.0228,19.1209,19.2191,19.3173,19.4155,19.5137,19.6119,19.71,19.8082,19.9063,20.0044,20.1024,20.2003,20.2982,20.396,20.4937,20.5914,20.6889,20.7864,20.8837,20.9809,21.0781,21.1751,21.272,21.3687,21.4654,21.5619,21.6583,21.7545,21.8506,21.9466,22.0425,22.1381,22.2337
36.6867,34.0485,31.5203,29.1048,26.8192,24.7013,22.8078,21.1939,19.883,18.8549,18.0625,17.4542,16.9861,16.6242,16.3435,16.1259,15.9579,15.8295,15.7331,15.6631,15.6148,15.5848,15.5702,15.5688,15.5786,15.5983,15.6264,15.6619,15.704,15.7518,15.8047,15.8621,15.9236,15.9886,16.0569,16.1281,16.2019,16.2781,16.3564,16.4366,16.5186,16.6022,16.6872,16.7735,16.861,16.9496,17.0392,17.1297,17.221,17.313,17.4057,17.499,17.5929,17.6873,17.7821,17.8774,17.973,18.069,18.1653,18.2618,18.3586,18.4555,18.5527,18.65,18.7475,18.8451,18.9428,19.0406,19.1384,19.2363,19.3342,19.4322,19.5301,19.6281,19.726,19.8239,19.9218,20.0197,20.1175,20.2152,20.3129,20.4105,20.5081,20.6055,20.7029,20.8002,20.8973,20.9944,21.0914,21.1882,21.285,21.3816,21.4781,21.5745,21.6707,21.7668,21.8628,21.9587,22.0544,22.1499,22.2454
36.8582,34.2298,31.7135,29.3113,27.039,24.9316,23.0411,21.42,20.0933,19.045,18.2323,17.6055,17.1214,16.746,16.454,16.2268,16.0506,15.9152,15.8129,15.7375,15.6846,15.6505,15.6323,15.6276,15.6346,15.6516,15.6773,15.7106,15.7507,15.7966,15.8478,15.9036,15.9636,16.0273,16.0943,16.1643,16.237,16.3121,16.3894,16.4687,16.5498,16.6325,16.7167,16.8023,16.8891,16.977,17.066,17.1558,17.2465,17.338,17.4302,17.523,17.6164,17.7103,17.8046,17.8995,17.9947,18.0902,18.1861,18.2823,18.3787,18.4753,18.5721,18.6691,18.7663,18.8635,18.9609,19.0584,19.156,19.2536,19.3513,19.449,19.5467,19.6444,19.7421,19.8398,19.9375,20.0351,20.1327,20.2303,20.3277,20.4252,20.5225,20.6198,20.717,20.8141,20.9111,21.008,21.1048,21.2015,21.2981,21.3945,21.4909,21.5871,21.6832,21.7792,21.875,21.9708,22.0663,22.1618,22.2571
37.0282,34.4093,31.9043,29.5148,27.2553,25.1579,23.2708,21.6437,20.3024,19.2351,18.4026,17.7576,17.2576,16.8688,16.5654,16.3286,16.1442,16.0018,15.8933,15.8126,15.7551,15.7168,15.6949,15.687,15.691,15.7053,15.7285,15.7597,15.7977,15.8417,15.8912,15.9454,16.0039,16.0662,16.1319,16.2007,16.2723,16.3463,16.4226,16.501,16.5812,16.6631,16.7465,16.8313,16.9174,17.0046,17.0929,17.1821,17.2722,17.3631,17.4548,17.547,17.6399,17.7334,17.8273,17.9217,18.0164,18.1116,18.2071,18.3028,18.3989,18.4951,18.5916,18.6883,18.7851,18.8821,18.9792,19.0764,19.1737,19.271,19.3684,19.4658,19.5633,19.6608,19.7583,19.8557,19.9532,20.0506,20.148,20.2453,20.3426,20.4399,20.537,20.6341,20.7311,20.828,20.9249,21.0216,21.1183,21.2148,21.3112,21.4075,21.5037,21.5998,21.6958,21.7916,21.8873,21.9829,22.0784,22.1737,22.2689
37.1969,34.5871,32.0928,29.7154,27.4682,25.3805,23.4972,21.865,20.5104,19.425,18.5733,17.9105,17.3948,16.9925,16.6777,16.4312,16.2385,16.089,15.9744,15.8883,15.8261,15.7837,15.7581,15.7468,15.7478,15.7594,15.7802,15.8091,15.845,15.8872,15.9349,15.9875,16.0445,16.1054,16.1698,16.2374,16.3078,16.3808,16.4561,16.5335,16.6128,16.6938,16.7764,16.8605,16.9458,17.0324,17.12,17.2086,17.2981,17.3884,17.4795,17.5713,17.6636,17.7566,17.8501,17.944,18.0383,18.1331,18.2281,18.3235,18.4192,18.5151,18.6113,18.7076,18.8041,18.9008,18.9976,19.0945,19.1915,19.2885,19.3857,19.4828,19.5801,19.6773,19.7745,19.8718,19.969,20.0662,20.1634,20.2605,20.3576,20.4546,20.5516,20.6485,20.7453,20.8421,20.9387,21.0353,21.1318,21.2282,21.3244,21.4206,21.5167,21.6126,21.7084,21.8041,21.8997,21.9951,22.0905,22.1857,22.2807
37.3642,34.7631,32.2791,29.9133,27.6778,25.5996,23.7202,22.0838,20.7171,19.6146,18.7444,18.0641,17.5329,17.1171,16.7909,16.5346,16.3337,16.1769,16.0561,15.9647,15.8977,15.8511,15.8217,15.8071,15.805,15.8139,15.8323,15.8589,15.8927,15.933,15.9789,16.0299,16.0854,16.1449,16.208,16.2743,16.3436,16.4155,16.4898,16.5662,16.6446,16.7248,16.8066,16.8899,16.9745,17.0603,17.1473,17.2352,17.3241,17.4139,17.5044,17.5956,17.6875,17.78,17.873,17.9664,18.0604,18.1547,18.2494,18.3444,18.4397,18.5352,18.631,18.727,18.8232,18.9195,19.016,19.1126,19.2093,19.3061,19.403,19.4999,19.5969,19.6939,19.7909,19.8879,19.9849,20.0819,20.1788,20.2758,20.3727,20.4695,20.5663,20.663,20.7596,20.8562,20.9527,21.0491,21.1454,21.2416,21.3377,21.4337,21.5296,21.6254,21.7211,21.8167,21.9121,22.0074,22.1026,22.1977,22.2926
37.5302,34.9374,32.4634,30.1086,27.8842,25.8152,23.94,22.3002,20.9223,19.8037,18.9158,18.2183,17.6717,17.2426,16.9049,16.6389,16.4295,16.2656,16.1385,16.0416,15.9698,15.919,15.8858,15.8678,15.8627,15.8688,15.8847,15.909,15.9408,15.9791,16.0233,16.0726,16.1266,16.1846,16.2464,16.3115,16.3796,16.4504,16.5237,16.5991,16.6766,16.7559,16.8369,16.9194,17.0033,17.0884,17.1747,17.262,17.3503,17.4395,17.5295,17.6201,17.7115,17.8035,17.896,17.989,18.0825,18.1764,18.2707,18.3653,18.4602,18.5554,18.6509,18.7465,18.8424,18.9384,19.0346,19.1309,19.2273,19.3238,19.4204,19.5171,19.6138,19.7105,19.8073,19.9041,20.0009,20.0976,20.1944,20.2911,20.3878,20.4844,20.581,20.6775,20.774,20.8704,20.9667,21.0629,21.1591,21.2551,21.3511,21.447,21.5427,21.6384,21.7339,21.8293,21.9246,22.0198,22.1148,22.2098,22.3046
37.695,35.1102,32.6456,30.3014,28.0877,26.0276,24.1566,22.514,21.1261,19.9923,19.0872,18.373,17.8112,17.3689,17.0198,16.7439,16.5261,16.355,16.2216,16.1192,16.0425,15.9874,15.9504,15.929,15.9209,15.9242,15.9375,15.9595,15.9892,16.0256,16.0679,16.1156,16.168,16.2247,16.2851,16.3489,16.4159,16.4856,16.5578,16.6323,16.7088,16.7873,16.8674,16.9491,17.0323,17.1167,17.2023,17.289,17.3767,17.4652,17.5546,17.6448,17.7357,17.8271,17.9192,18.0117,18.1048,18.1983,18.2921,18.3864,18.4809,18.5757,18.6708,18.7661,18.8617,18.9574,19.0533,19.1493,19.2454,19.3416,19.438,19.5344,19.6308,19.7273,19.8238,19.9204,20.0169,20.1135,20.21,20.3065,20.403,20.4994,20.5958,20.6922,20.7884,20.8847,20.9808,21.0769,21.1728,21.2687,21.3645,21.4602,21.5558,21.6513,21.7467,21.842,21.9372,22.0322,22.1271,22.2219,22.3166
37.8585,35.2814,32.8259,30.4917,28.2883,26.2368,24.3701,22.7254,21.3283,20.1802,19.2587,18.5282,17.9514,17.4959,17.1354,16.8497,16.6235,16.445,16.3052,16.1973,16.1158,16.0563,16.0155,15.9906,15.9794,15.9799,15.9907,16.0103,16.0379,16.0723,16.1129,16.1589,16.2097,16.2649,16.324,16.3866,16.4523,16.5209,16.5921,16.6656,16.7412,16.8188,16.8981,16.979,17.0614,17.1451,17.2301,17.3161,17.4032,17.4911,17.58,17.6696,17.7599,17.8509,17.9425,18.0346,18.1272,18.2202,18.3137,18.4075,18.5017,18.5962,18.6909,18.7859,18.8811,18.9765,19.072,19.1677,19.2636,19.3595,19.4556,19.5517,19.6479,19.7442,19.8404,19.9368,20.0331,20.1294,20.2257,20.322,20.4183,20.5145,20.6107,20.7069,20.803,20.899,20.995,21.0909,21.1867,21.2824,21.378,21.4736,21.569,21.6644,21.7596,21.8547,21.9498,22.0447,22.1395,22.2341,22.3287
38.0209,35.4511,33.0043,30.6798,28.4861,26.4429,24.5807,22.9343,21.5289,20.3674,19.4302,18.6838,18.0922,17.6236,17.2517,16.9562,16.7215,16.5357,16.3895,16.276,16.1896,16.1258,16.0811,16.0527,16.0383,16.036,16.0442,16.0615,16.0869,16.1194,16.1581,16.2024,16.2517,16.3055,16.3632,16.4245,16.489,16.5565,16.6266,16.6991,16.7738,16.8505,16.929,17.0091,17.0907,17.1737,17.258,17.3434,17.4298,17.5172,17.6055,17.6945,17.7843,17.8748,17.9659,18.0576,18.1497,18.2423,18.3354,18.4288,18.5226,18.6167,18.7111,18.8057,18.9006,18.9956,19.0909,19.1863,19.2819,19.3775,19.4733,19.5692,19.6651,19.7611,19.8571,19.9532,20.0493,20.1454,20.2415,20.3376,20.4337,20.5297,20.6257,20.7217,20.8176,20.9134,21.0092,21.1049,21.2006,21.2961,21.3916,21.487,21.5823,21.6775,21.7726,21.8676,21.9624,22.0572,22.1519,22.2464,22.3408
38.182,35.6194,33.1809,30.8656,28.6814,26.6462,24.7884,23.1408,21.7278,20.5539,19.6015,18.8396,18.2336,17.7519,17.3687,17.0634,16.8202,16.627,16.4744,16.3553,16.2639,16.1957,16.1471,16.1152,16.0977,16.0925,16.0981,16.1131,16.1363,16.1668,16.2036,16.2463,16.294,16.3462,16.4026,16.4626,16.526,16.5923,16.6614,16.7329,16.8066,16.8824,16.9601,17.0394,17.1202,17.2025,17.2861,17.3708,17.4566,17.5434,17.6311,17.7196,17.8089,17.8989,17.9895,18.0807,18.1724,18.2646,18.3572,18.4502,18.5436,18.6373,18.7314,18.8257,18.9202,19.0149,19.1099,19.205,19.3002,19.3956,19.4911,19.5867,19.6824,19.7781,19.8739,19.9698,20.0656,20.1615,20.2574,20.3532,20.4491,20.5449,20.6407,20.7365,20.8322,20.9279,21.0235,21.119,21.2145,21.3099,21.4052,21.5005,21.5956,21.6906,21.7856,21.8804,21.9752,22.0698,22.1643,22.2587,22.353
38.3421,35.7863,33.3557,31.0493,28.8741,26.8466,24.9933,23.3449,21.9251,20.7394,19.7726,18.9956,18.3754,17.8809,17.4864,17.1712,16.9195,16.7189,16.5599,16.4351,16.3387,16.2661,16.2136,16.1782,16.1575,16.1494,16.1524,16.165,16.186,16.2144,16.2495,16.2904,16.3365,16.3873,16.4422,16.501,16.5631,16.6283,16.6963,16.7668,16.8396,16.9145,16.9913,17.0698,17.1499,17.2314,17.3143,17.3984,17.4836,17.5697,17.6569,17.7448,17.8336,17.923,18.0132,18.1039,18.1951,18.2869,18.3791,18.4717,18.5648,18.6581,18.7518,18.8457,18.9399,19.0343,19.1289,19.2237,19.3187,19.4138,19.509,19.6044,19.6998,19.7953,19.8908,19.9864,20.082,20.1777,20.2733,20.369,20.4646,20.5603,20.6559,20.7514,20.847,20.9425,21.0379,21.1332,21.2285,21.3238,21.4189,21.514,21.609,21.7039,21.7987,21.8934,21.988,22.0825,22.1769,22.2711,22.3653
38.501,35.9518,33.5289,31.231,29.0643,27.0443,25.1955,23.5467,22.1207,20.9239,19.9433,19.1518,18.5176,18.0104,17.6047,17.2797,17.0195,16.8114,16.646,16.5155,16.4141,16.337,16.2805,16.2415,16.2176,16.2067,16.207,16.2172,16.236,16.2624,16.2956,16.3348,16.3793,16.4286,16.4821,16.5396,16.6005,16.6646,16.7315,16.801,16.8728,16.9468,17.0227,17.1004,17.1797,17.2605,17.3427,17.4261,17.5107,17.5962,17.6828,17.7702,17.8584,17.9474,18.037,18.1272,18.218,18.3094,18.4012,18.4934,18.586,18.679,18.7723,18.8659,18.9597,19.0538,19.1481,19.2426,19.3373,19.4321,19.527,19.6221,19.7172,19.8125,19.9078,20.0031,20.0985,20.1939,20.2893,20.3848,20.4802,20.5757,20.6711,20.7664,20.8618,20.9571,21.0523,21.1475,21.2426,21.3377,21.4327,21.5276,21.6224,21.7172,21.8118,21.9064,22.0008,22.0952,22.1894,22.2836,22.3776
38.6589,36.1159,33.7004,31.4107,29.2523,27.2395,25.3951,23.7461,22.3145,21.1075,20.1137,19.3081,18.6602,18.1405,17.7236,17.3888,17.12,16.9046,16.7326,16.5964,16.4899,16.4084,16.3479,16.3053,16.2782,16.2643,16.262,16.2697,16.2863,16.3107,16.342,16.3794,16.4223,16.4701,16.5223,16.5784,16.6381,16.701,16.7668,16.8353,16.9062,16.9793,17.0543,17.1312,17.2097,17.2898,17.3713,17.454,17.5379,17.6229,17.7088,17.7957,17.8834,17.9718,18.0609,18.1507,18.241,18.3319,18.4233,18.5151,18.6073,18.6999,18.7929,18.8861,18.9796,19.0734,19.1674,19.2616,19.3559,19.4504,19.5451,19.6399,19.7348,19.8297,19.9248,20.0199,20.115,20.2102,20.3054,20.4007,20.4959,20.5911,20.6863,20.7815,20.8767,20.9718,21.0668,21.1619,21.2568,21.3517,21.4465,21.5413,21.6359,21.7305,21.825,21.9194,22.0138,22.108,22.2021,22.2961,22.39
38.8158,36.2788,33.8704,31.5884,29.438,27.4321,25.5921,23.9432,22.5066,21.29,20.2836,19.4644,18.8031,18.271,17.843,17.4985,17.2212,16.9983,16.8197,16.6778,16.5662,16.4802,16.4157,16.3695,16.3391,16.3223,16.3173,16.3226,16.337,16.3593,16.3887,16.4244,16.4656,16.5119,16.5627,16.6175,16.6759,16.7377,16.8024,16.8698,16.9398,17.0119,17.0861,17.1622,17.2399,17.3192,17.4,17.482,17.5653,17.6497,17.735,17.8213,17.9084,17.9964,18.085,18.1743,18.2642,18.3546,18.4456,18.537,18.6288,18.721,18.8136,18.9065,18.9996,19.0931,19.1867,19.2806,19.3747,19.4689,19.5633,19.6578,19.7524,19.8471,19.9419,20.0368,20.1317,20.2266,20.3216,20.4166,20.5117,20.6067,20.7017,20.7967,20.8916,20.9865,21.0814,21.1763,21.271,21.3658,21.4604,21.555,21.6495,21.744,21.8383,21.9326,22.0267,22.1208,22.2148,22.3087,22.4024
38.9716,36.4405,34.0388,31.7643,29.6215,27.6224,25.7867,24.1381,22.697,21.4714,20.453,19.6206,18.9462,18.4019,17.963,17.6088,17.3229,17.0925,16.9074,16.7597,16.6431,16.5525,16.4839,16.4341,16.4004,16.3807,16.373,16.3758,16.3879,16.4082,16.4356,16.4695,16.5092,16.5539,16.6033,16.6567,16.714,16.7745,16.8382,16.9046,16.9735,17.0447,17.118,17.1933,17.2702,17.3488,17.4289,17.5102,17.5928,17.6766,17.7613,17.8471,17.9337,18.0211,18.1092,18.198,18.2874,18.3774,18.468,18.5589,18.6504,18.7422,18.8344,18.9269,19.0198,19.1128,19.2062,19.2997,19.3935,19.4874,19.5815,19.6758,19.7701,19.8646,19.9591,20.0537,20.1484,20.2431,20.3379,20.4327,20.5275,20.6223,20.7171,20.8119,20.9066,21.0014,21.0961,21.1907,21.2853,21.3799,21.4744,21.5688,21.6632,21.7574,21.8516,21.9458,22.0398,22.1337,22.2275,22.3213,22.4149
39.1264,36.6009,34.2057,31.9385,29.8029,27.8103,25.9788,24.3308,22.8856,21.6516,20.6219,19.7767,19.0895,18.5332,18.0834,17.7195,17.4252,17.1873,16.9956,16.8421,16.7203,16.6252,16.5526,16.4991,16.4621,16.4394,16.429,16.4293,16.4392,16.4573,16.4829,16.515,16.553,16.5962,16.6441,16.6962,16.7522,16.8116,16.8741,16.9395,17.0074,17.0777,17.1502,17.2246,17.3007,17.3786,17.4579,17.5386,17.6205,17.7036,17.7878,17.873,17.959,18.0459,18.1335,18.2218,18.3108,18.4004,18.4904,18.581,18.6721,18.7635,18.8553,18.9475,19.04,19.1327,19.2257,19.319,19.4124,19.5061,19.5999,19.6938,19.7879,19.8821,19.9764,20.0708,20.1652,20.2597,20.3542,20.4488,20.5434,20.638,20.7326,20.8272,20.9217,21.0163,21.1108,21.2053,21.2997,21.3941,21.4884,21.5827,21.6769,21.771,21.865,21.959,22.0529,22.1467,22.2404,22.334,22.4275
39.2803,36.7602,34.3713,32.1109,29.9824,27.996,26.1687,24.5213,23.0725,21.8307,20.7901,19.9326,19.233,18.6649,18.2043,17.8308,17.5279,17.2826,17.0843,16.925,16.7981,16.6983,16.6216,16.5645,16.5242,16.4984,16.4853,16.4832,16.4907,16.5068,16.5304,16.5607,16.597,16.6387,16.6852,16.736,16.7907,16.8489,16.9103,16.9746,17.0416,17.1109,17.1825,17.256,17.3314,17.4084,17.487,17.567,17.6483,17.7308,17.8144,17.899,17.9845,18.0708,18.158,18.2458,18.3343,18.4234,18.513,18.6032,18.6938,18.7849,18.8763,18.9681,19.0603,19.1527,19.2454,19.3383,19.4315,19.5248,19.6183,19.712,19.8058,19.8997,19.9938,20.0879,20.1821,20.2763,20.3706,20.465,20.5594,20.6537,20.7481,20.8425,20.9369,21.0313,21.1256,21.2199,21.3141,21.4083,21.5025,21.5966,21.6906,21.7846,21.8785,21.9723,22.066,22.1597,22.2532,22.3467,22.4401
39.4333,36.9183,34.5354,32.2816,30.1599,28.1795,26.3563,24.7098,23.2577,22.0085,20.9577,20.0883,19.3765,18.7968,18.3255,17.9425,17.6312,17.3784,17.1735,17.0084,16.8763,16.7719,16.6911,16.6303,16.5866,16.5578,16.542,16.5373,16.5426,16.5565,16.5782,16.6067,16.6413,16.6814,16.7265,16.7759,16.8293,16.8863,16.9466,17.0099,17.0759,17.1443,17.2149,17.2876,17.3622,17.4385,17.5164,17.5957,17.6763,17.7582,17.8411,17.9251,18.0101,18.0959,18.1825,18.2699,18.3579,18.4465,18.5358,18.6255,18.7157,18.8064,18.8975,18.9889,19.0807,19.1728,19.2651,19.3577,19.4506,19.5436,19.6368,19.7302,19.8238,19.9174,20.0112,20.1051,20.199,20.2931,20.3871,20.4813,20.5754,20.6696,20.7638,20.8579,20.9521,21.0463,21.1404,21.2346,21.3286,21.4227,21.5167,21.6106,21.7045,21.7983,21.892,21.9857,22.0792,22.1727,22.2662,22.3595,22.4527
39.5853,37.0754,34.6982,32.4508,30.3355,28.3609,26.5417,24.8962,23.4411,22.1851,21.1245,20.2437,19.5201,18.929,18.4472,18.0547,17.7349,17.4746,17.2632,17.0922,16.9549,16.8459,16.761,16.6964,16.6494,16.6176,16.5989,16.5918,16.5947,16.6065,16.6262,16.6529,16.6859,16.7244,16.768,16.8161,16.8682,16.924,16.9832,17.0454,17.1103,17.1778,17.2476,17.3194,17.3932,17.4687,17.5458,17.6245,17.7044,17.7856,17.868,17.9514,18.0358,18.1211,18.2072,18.2941,18.3816,18.4698,18.5586,18.6479,18.7377,18.828,18.9187,19.0098,19.1012,19.1929,19.285,19.3772,19.4698,19.5625,19.6555,19.7486,19.8418,19.9352,20.0287,20.1224,20.2161,20.3099,20.4037,20.4976,20.5915,20.6855,20.7795,20.8734,20.9674,21.0614,21.1554,21.2493,21.3432,21.4371,21.5309,21.6246,21.7183,21.812,21.9056,21.9991,22.0925,22.1859,22.2791,22.3723,22.4654
39.7365,37.2313,34.8597,32.6184,30.5093,28.5403,26.725,25.0806,23.6229,22.3605,21.2906,20.3988,19.6636,19.0613,18.5692,18.1672,17.8391,17.5713,17.3533,17.1764,17.0339,16.9203,16.8312,16.7629,16.7126,16.6777,16.6562,16.6465,16.6471,16.6568,16.6745,16.6994,16.7307,16.7676,16.8097,16.8564,16.9073,16.9619,17.0199,17.081,17.145,17.2115,17.2803,17.3513,17.4243,17.4991,17.5755,17.6534,17.7327,17.8133,17.895,17.9778,18.0617,18.1464,18.232,18.3184,18.4054,18.4932,18.5815,18.6704,18.7598,18.8497,18.94,19.0307,19.1218,19.2132,19.3049,19.3969,19.4891,19.5815,19.6742,19.767,19.86,19.9531,20.0464,20.1397,20.2332,20.3267,20.4203,20.514,20.6077,20.7015,20.7952,20.889,20.9828,21.0766,21.1703,21.2641,21.3578,21.4515,21.5451,21.6387,21.7323,21.8258,21.9192,22.0126,22.1058,22.1991,22.2922,22.3852,22.4782
39.8868,37.3862,35.0199,32.7845,30.6814,28.7178,26.9063,25.263,23.8029,22.5347,21.4559,20.5535,19.8071,19.1939,18.6914,18.2802,17.9437,17.6685,17.4438,17.2611,17.1134,16.9951,16.9018,16.8298,16.7761,16.7381,16.7139,16.7016,16.6998,16.7074,16.7231,16.7462,16.7757,16.8111,16.8517,16.897,16.9466,17,17.0568,17.1169,17.1798,17.2454,17.3133,17.3834,17.4556,17.5296,17.6052,17.6824,17.7611,17.841,17.9221,18.0044,18.0876,18.1719,18.2569,18.3428,18.4294,18.5167,18.6046,18.693,18.782,18.8715,18.9614,19.0518,19.1425,19.2335,19.3249,19.4165,19.5084,19.6006,19.6929,19.7855,19.8782,19.971,20.064,20.1572,20.2504,20.3437,20.4371,20.5305,20.624,20.7175,20.8111,20.9047,20.9982,21.0918,21.1854,21.279,21.3725,21.466,21.5595,21.6529,21.7463,21.8396,21.9329,22.0261,22.1192,22.2123,22.3053,22.3982,22.491
40.0362,37.54,35.1789,32.9491,30.8518,28.8933,27.0856,25.4435,23.9814,22.7075,21.6203,20.7077,19.9506,19.3266,18.814,18.3935,18.0487,17.7661,17.5348,17.3462,17.1933,17.0703,16.9728,16.897,16.8399,16.7988,16.7718,16.7569,16.7528,16.7582,16.7719,16.7931,16.821,16.8547,16.8939,16.9378,16.986,17.0382,17.094,17.1529,17.2148,17.2794,17.3464,17.4157,17.487,17.5602,17.6351,17.7116,17.7896,17.8689,17.9494,18.031,18.1137,18.1974,18.282,18.3673,18.4534,18.5403,18.6277,18.7158,18.8043,18.8934,18.983,19.0729,19.1633,19.254,19.345,19.4363,19.5279,19.6197,19.7118,19.8041,19.8965,19.9891,20.0818,20.1747,20.2676,20.3607,20.4538,20.5471,20.6403,20.7336,20.827,20.9204,21.0137,21.1071,21.2005,21.2939,21.3873,21.4806,21.5739,21.6672,21.7604,21.8535,21.9466,22.0397,22.1327,22.2256,22.3184,22.4112,22.5039
40.1848,37.6929,35.3367,33.1123,31.0205,29.0671,27.263,25.6221,24.1581,22.8791,21.784,20.8616,20.0938,19.4593,18.9368,18.5071,18.154,17.864,17.6262,17.4317,17.2735,17.1459,17.0442,16.9646,16.9041,16.8599,16.83,16.8126,16.8061,16.8093,16.821,16.8404,16.8665,16.8986,16.9363,16.9788,17.0257,17.0767,17.1312,17.1891,17.25,17.3136,17.3797,17.4481,17.5186,17.591,17.6652,17.741,17.8182,17.8969,17.9768,18.0578,18.14,18.2231,18.3071,18.392,18.4776,18.564,18.651,18.7386,18.8267,18.9154,19.0046,19.0942,19.1842,19.2745,19.3652,19.4562,19.5475,19.639,19.7307,19.8227,19.9149,20.0072,20.0997,20.1923,20.285,20.3778,20.4707,20.5637,20.6567,20.7498,20.843,20.9361,21.0293,21.1225,21.2157,21.3089,21.4021,21.4952,21.5884,21.6814,21.7745,21.8675,21.9605,22.0534,22.1462,22.239,22.3316,22.4243,22.5168
40.3326,37.8448,35.4934,33.2742,31.1877,29.2391,27.4385,25.7989,24.3333,23.0495,21.9467,21.0149,20.2369,19.5921,19.0598,18.6211,18.2598,17.9624,17.718,17.5176,17.3542,17.2219,17.1159,17.0326,16.9685,16.9213,16.8885,16.8685,16.8597,16.8607,16.8704,16.8878,16.9122,16.9427,16.9789,17.02,17.0656,17.1153,17.1687,17.2255,17.2853,17.348,17.4132,17.4807,17.5503,17.622,17.6954,17.7704,17.847,17.925,18.0043,18.0848,18.1663,18.2489,18.3324,18.4167,18.5019,18.5878,18.6743,18.7615,18.8493,18.9375,19.0263,19.1155,19.2051,19.2951,19.3855,19.4762,19.5671,19.6583,19.7498,19.8415,19.9333,20.0254,20.1176,20.2099,20.3024,20.395,20.4876,20.5804,20.6732,20.7661,20.859,20.952,21.0449,21.1379,21.231,21.324,21.4169,21.5099,21.6029,21.6958,21.7887,21.8815,21.9743,22.0671,22.1597,22.2524,22.3449,22.4374,22.5298
40.4796,37.9957,35.6489,33.4347,31.3533,29.4093,27.6122,25.974,24.5069,23.2185,22.1086,21.1678,20.3798,19.7249,19.1829,18.7353,18.3658,18.0611,17.8101,17.6039,17.4352,17.2982,17.188,17.1008,17.0334,16.9829,16.9474,16.9247,16.9135,16.9123,16.9199,16.9355,16.9581,16.9871,17.0217,17.0614,17.1057,17.1541,17.2064,17.2621,17.3209,17.3825,17.4468,17.5134,17.5822,17.6531,17.7257,17.8001,17.876,17.9533,18.0319,18.1118,18.1928,18.2748,18.3578,18.4416,18.5263,18.6117,18.6978,18.7845,18.8719,18.9597,19.0481,19.1369,19.2262,19.3159,19.4059,19.4962,19.5868,19.6777,19.7689,19.8603,19.9519,20.0436,20.1356,20.2277,20.3199,20.4122,20.5046,20.5972,20.6898,20.7824,20.8751,20.9679,21.0607,21.1535,21.2463,21.3391,21.4319,21.5247,21.6175,21.7102,21.8029,21.8956,21.9882,22.0808,22.1734,22.2658,22.3582,22.4506,22.5428
40.6258,38.1458,35.8033,33.5939,31.5174,29.578,27.7841,26.1473,24.6789,23.3863,22.2695,21.32,20.5224,19.8577,19.3063,18.8497,18.4722,18.1602,17.9026,17.6905,17.5166,17.3748,17.2604,17.1694,17.0985,17.0449,17.0065,16.9812,16.9676,16.9641,16.9698,16.9835,17.0043,17.0316,17.0647,17.103,17.1459,17.1932,17.2442,17.2988,17.3566,17.4172,17.4805,17.5463,17.6143,17.6843,17.7562,17.8298,17.905,17.9817,18.0597,18.139,18.2194,18.3008,18.3833,18.4666,18.5508,18.6357,18.7214,18.8077,18.8946,18.982,19.07,19.1585,19.2474,19.3367,19.4263,19.5163,19.6066,19.6972,19.7881,19.8792,19.9705,20.062,20.1536,20.2455,20.3374,20.4295,20.5217,20.614,20.7064,20.7988,20.8913,20.9838,21.0764,21.169,21.2616,21.3543,21.4469,21.5395,21.6321,21.7247,21.8172,21.9097,22.0022,22.0946,22.187,22.2793,22.3716,22.4638,22.5559
40.7713,38.2949,35.9566,33.7519,31.6801,29.745,27.9543,26.3189,24.8494,23.5528,22.4296,21.4717,20.6648,19.9905,19.4297,18.9644,18.5788,18.2595,17.9955,17.7775,17.5983,17.4519,17.3332,17.2383,17.1639,17.1072,17.0659,17.038,17.0219,17.0163,17.0198,17.0316,17.0507,17.0764,17.1079,17.1448,17.1864,17.2324,17.2822,17.3357,17.3924,17.4521,17.5145,17.5793,17.6464,17.7157,17.7868,17.8597,17.9342,18.0102,18.0876,18.1662,18.2461,18.327,18.4089,18.4917,18.5754,18.6598,18.745,18.8309,18.9174,19.0044,19.092,19.1801,19.2686,19.3576,19.4469,19.5365,19.6265,19.7168,19.8074,19.8982,19.9892,20.0804,20.1718,20.2634,20.3551,20.4469,20.5389,20.6309,20.7231,20.8153,20.9076,20.9999,21.0923,21.1847,21.2771,21.3695,21.462,21.5544,21.6468,21.7392,21.8316,21.9239,22.0163,22.1085,22.2007,22.2929,22.385,22.4771,22.5691
40.916,38.4431,36.1089,33.9086,31.8414,29.9104,28.1229,26.4889,25.0183,23.7181,22.5887,21.6228,20.8068,20.1231,19.5532,19.0793,18.6857,18.3592,18.0886,17.8648,17.6804,17.5292,17.4063,17.3076,17.2297,17.1698,17.1255,17.095,17.0765,17.0686,17.0701,17.08,17.0973,17.1213,17.1514,17.1868,17.227,17.2717,17.3204,17.3728,17.4284,17.4871,17.5485,17.6125,17.6788,17.7472,17.8175,17.8897,17.9635,18.0389,18.1156,18.1936,18.2729,18.3532,18.4346,18.5169,18.6001,18.6841,18.7688,18.8542,18.9403,19.0269,19.1141,19.2018,19.29,19.3785,19.4675,19.5568,19.6465,19.7365,19.8267,19.9172,20.008,20.0989,20.19,20.2813,20.3728,20.4644,20.5561,20.6479,20.7398,20.8318,20.9239,21.016,21.1082,21.2004,21.2926,21.3848,21.4771,21.5693,21.6616,21.7538,21.846,21.9382,22.0303,22.1225,22.2145,22.3065,22.3985,22.4904,22.5822
41.0601,38.5905,36.2602,34.0642,32.0013,30.0743,28.2899,26.6572,25.1858,23.8821,22.7469,21.7733,20.9485,20.2557,19.6767,19.1943,18.7929,18.4592,18.1821,17.9525,17.7628,17.6069,17.4797,17.3771,17.2957,17.2326,17.1855,17.1523,17.1314,17.1212,17.1207,17.1286,17.1442,17.1665,17.195,17.2289,17.2679,17.3113,17.3588,17.41,17.4646,17.5223,17.5828,17.6458,17.7112,17.7788,17.8484,17.9199,17.993,18.0676,18.1437,18.2212,18.2998,18.3796,18.4604,18.5422,18.6249,18.7084,18.7927,18.8776,18.9633,19.0495,19.1363,19.2236,19.3114,19.3996,19.4882,19.5772,19.6666,19.7562,19.8462,19.9364,20.0268,20.1175,20.2083,20.2994,20.3906,20.4819,20.5734,20.665,20.7566,20.8484,20.9402,21.0322,21.1241,21.2161,21.3081,21.4002,21.4923,21.5843,21.6764,21.7685,21.8605,21.9525,22.0445,22.1364,22.2284,22.3202,22.412,22.5038,22.5955
41.2034,38.737,36.4105,34.2186,32.1599,30.2368,28.4553,26.824,25.3518,24.0449,22.9041,21.9231,21.0899,20.3881,19.8003,19.3095,18.9003,18.5595,18.2759,18.0405,17.8455,17.6848,17.5534,17.4469,17.362,17.2957,17.2457,17.2099,17.1865,17.1741,17.1714,17.1775,17.1912,17.2119,17.2388,17.2713,17.3089,17.351,17.3973,17.4474,17.5009,17.5576,17.6171,17.6793,17.7439,17.8106,17.8795,17.9501,18.0225,18.0965,18.172,18.2488,18.3269,18.4061,18.4864,18.5676,18.6498,18.7328,18.8166,18.9012,18.9864,19.0722,19.1586,19.2455,19.3329,19.4208,19.509,19.5977,19.6867,19.776,19.8657,19.9556,20.0457,20.1361,20.2267,20.3175,20.4084,20.4995,20.5907,20.6821,20.7735,20.8651,20.9567,21.0484,21.1401,21.2319,21.3238,21.4156,21.5075,21.5994,21.6913,21.7832,21.875,21.9669,22.0587,22.1505,22.2422,22.334,22.4256,22.5172,22.6088
41.346,38.8828,36.5598,34.3719,32.3172,30.3978,28.6192,26.9893,25.5164,24.2065,23.0603,22.0723,21.2308,20.5204,19.9239,19.4248,19.0079,18.66,18.37,18.1287,17.9285,17.7631,17.6274,17.5171,17.4286,17.3592,17.3062,17.2677,17.2418,17.2272,17.2224,17.2265,17.2385,17.2575,17.2828,17.3139,17.3501,17.3909,17.436,17.485,17.5374,17.5931,17.6517,17.7129,17.7766,17.8426,17.9106,17.9805,18.0522,18.1256,18.2004,18.2766,18.354,18.4327,18.5124,18.5932,18.6748,18.7574,18.8407,18.9248,19.0096,19.095,19.181,19.2675,19.3545,19.442,19.5299,19.6183,19.7069,19.796,19.8853,19.9749,20.0647,20.1548,20.2451,20.3357,20.4263,20.5172,20.6082,20.6993,20.7905,20.8818,20.9732,21.0647,21.1562,21.2478,21.3394,21.4311,21.5228,21.6145,21.7062,21.7979,21.8896,21.9813,22.073,22.1646,22.2562,22.3477,22.4393,22.5307,22.6221
41.4879,39.0277,36.7082,34.5241,32.4733,30.5575,28.7816,27.1531,25.6796,24.3668,23.2156,22.2208,21.3714,20.6524,20.0475,19.5402,19.1157,18.7607,18.4644,18.2173,18.0118,17.8417,17.7017,17.5875,17.4955,17.4228,17.3669,17.3257,17.2974,17.2805,17.2736,17.2758,17.2859,17.3033,17.327,17.3566,17.3914,17.431,17.4749,17.5227,17.5741,17.6287,17.6863,17.7467,17.8095,17.8746,17.9419,18.0111,18.0821,18.1547,18.2289,18.3044,18.3813,18.4594,18.5386,18.6188,18.7,18.782,18.8649,18.9485,19.0329,19.1178,19.2034,19.2896,19.3762,19.4633,19.5509,19.6389,19.7272,19.8159,19.905,19.9943,20.0838,20.1736,20.2637,20.3539,20.4443,20.5349,20.6256,20.7165,20.8075,20.8986,20.9898,21.081,21.1724,21.2638,21.3552,21.4467,21.5382,21.6297,21.7212,21.8127,21.9043,21.9958,22.0873,22.1787,22.2702,22.3616,22.4529,22.5443,22.6355
41.6292,39.1718,36.8557,34.6752,32.6282,30.7158,28.9426,27.3154,25.8414,24.5259,23.37,22.3686,21.5115,20.7843,20.171,19.6557,19.2236,18.8617,18.559,18.3061,18.0954,17.9205,17.7762,17.6582,17.5627,17.4868,17.4279,17.384,17.3532,17.334,17.3251,17.3253,17.3336,17.3492,17.3714,17.3996,17.433,17.4713,17.5139,17.5606,17.6109,17.6645,17.7211,17.7806,17.8425,17.9068,17.9733,18.0417,18.112,18.184,18.2575,18.3324,18.4087,18.4862,18.5648,18.6445,18.7252,18.8068,18.8892,18.9723,19.0562,19.1408,19.226,19.3117,19.398,19.4848,19.572,19.6596,19.7476,19.836,19.9247,20.0137,20.103,20.1925,20.2823,20.3722,20.4624,20.5527,20.6432,20.7338,20.8246,20.9155,21.0064,21.0975,21.1886,21.2798,21.371,21.4623,21.5536,21.6449,21.7363,21.8276,21.919,22.0103,22.1016,22.1929,22.2842,22.3755,22.4667,22.5579,22.649
41.7698,39.3152,37.0023,34.8253,32.7818,30.8728,29.1022,27.4763,26.0018,24.6839,23.5234,22.5157,21.6511,20.9159,20.2945,19.7712,19.3317,18.9629,18.6538,18.3952,18.1793,17.9997,17.8511,17.7291,17.6301,17.551,17.4892,17.4426,17.4093,17.3878,17.3767,17.3749,17.3815,17.3954,17.416,17.4427,17.4747,17.5117,17.5531,17.5987,17.6479,17.7004,17.7561,17.8146,17.8757,17.9392,18.0048,18.0725,18.1421,18.2134,18.2862,18.3605,18.4362,18.5131,18.5912,18.6704,18.7505,18.8316,18.9135,18.9962,19.0797,19.1638,19.2486,19.334,19.4199,19.5063,19.5931,19.6804,19.7681,19.8561,19.9445,20.0332,20.1222,20.2114,20.3009,20.3906,20.4805,20.5706,20.6608,20.7512,20.8417,20.9324,21.0231,21.114,21.2049,21.2958,21.3869,21.4779,21.5691,21.6602,21.7514,21.8425,21.9337,22.0249,22.1161,22.2072,22.2983,22.3894,22.4805,22.5715,22.6625
41.9098,39.4578,37.148,34.9744,32.9344,31.0285,29.2605,27.6358,26.161,24.8407,23.6758,22.6621,21.7903,21.0472,20.4178,19.8868,19.4399,19.0642,18.7489,18.4845,18.2634,18.0791,17.9262,17.8003,17.6978,17.6154,17.5507,17.5013,17.4656,17.4418,17.4286,17.4248,17.4295,17.4418,17.4608,17.486,17.5166,17.5523,17.5925,17.6369,17.685,17.7365,17.7912,17.8488,17.909,17.9716,18.0365,18.1034,18.1723,18.2429,18.315,18.3887,18.4638,18.5401,18.6177,18.6963,18.7759,18.8565,18.938,19.0202,19.1033,19.187,19.2713,19.3563,19.4418,19.5278,19.6143,19.7013,19.7886,19.8764,19.9644,20.0528,20.1415,20.2305,20.3197,20.4091,20.4987,20.5885,20.6785,20.7687,20.859,20.9494,21.0399,21.1305,21.2212,21.312,21.4028,21.4937,21.5846,21.6756,21.7665,21.8575,21.9485,22.0395,22.1305,22.2215,22.3125,22.4034,22.4943,22.5852,22.676
42.0492,39.5997,37.2928,35.1225,33.0858,31.183,29.4174,27.794,26.3188,24.9963,23.8272,22.8078,21.929,21.1783,20.5411,20.0024,19.5482,19.1657,18.8441,18.5741,18.3478,18.1588,18.0016,17.8718,17.7657,17.6801,17.6124,17.5604,17.5221,17.496,17.4807,17.4749,17.4778,17.4883,17.5058,17.5294,17.5587,17.5931,17.632,17.6752,17.7222,17.7727,17.8265,17.8831,17.9424,18.0042,18.0683,18.1345,18.2026,18.2725,18.344,18.4171,18.4915,18.5673,18.6442,18.7223,18.8015,18.8816,18.9625,19.0443,19.1269,19.2102,19.2942,19.3787,19.4638,19.5495,19.6356,19.7222,19.8093,19.8967,19.9844,20.0725,20.1609,20.2495,20.3385,20.4276,20.517,20.6066,20.6963,20.7862,20.8762,20.9664,21.0567,21.1471,21.2376,21.3281,21.4188,21.5095,21.6002,21.691,21.7818,21.8726,21.9634,22.0542,22.1451,22.2359,22.3267,22.4175,22.5082,22.5989,22.6896
42.1879,39.7409,37.4368,35.2696,33.2361,31.3363,29.573,27.9509,26.4754,25.1507,23.9778,22.9527,22.0672,21.3091,20.6642,20.118,19.6566,19.2674,18.9396,18.6639,18.4324,18.2387,18.0772,17.9436,17.8339,17.745,17.6744,17.6196,17.5788,17.5504,17.5329,17.5252,17.5262,17.5351,17.5509,17.5731,17.6009,17.634,17.6717,17.7137,17.7596,17.8091,17.8618,17.9175,17.976,18.037,18.1002,18.1656,18.233,18.3022,18.3731,18.4455,18.5193,18.5945,18.6709,18.7485,18.8271,18.9067,18.9872,19.0685,19.1507,19.2335,19.3171,19.4012,19.486,19.5713,19.657,19.7433,19.83,19.917,20.0045,20.0922,20.1803,20.2687,20.3573,20.4462,20.5353,20.6246,20.7141,20.8038,20.8936,20.9835,21.0736,21.1638,21.254,21.3444,21.4348,21.5253,21.6158,21.7064,21.797,21.8877,21.9783,22.069,22.1596,22.2503,22.3409,22.4316,22.5221,22.6127,22.7033
42.3261,39.8813,37.58,35.4158,33.3854,31.4884,29.7273,28.1064,26.6307,25.3041,24.1273,23.0969,22.2049,21.4395,20.7872,20.2336,19.7651,19.3692,19.0353,18.7539,18.5173,18.3188,18.1531,18.0155,17.9023,17.8102,17.7366,17.6791,17.6358,17.605,17.5854,17.5757,17.5749,17.582,17.5962,17.6169,17.6433,17.6751,17.7116,17.7524,17.7972,17.8456,17.8974,17.9521,18.0097,18.0698,18.1323,18.1969,18.2636,18.3321,18.4023,18.474,18.5473,18.6219,18.6977,18.7747,18.8528,18.9319,19.0119,19.0928,19.1745,19.2569,19.3401,19.4238,19.5082,19.5931,19.6785,19.7644,19.8507,19.9375,20.0246,20.1121,20.1999,20.2879,20.3763,20.4649,20.5537,20.6428,20.732,20.8214,20.911,21.0007,21.0906,21.1805,21.2706,21.3607,21.4509,21.5412,21.6315,21.7219,21.8124,21.9028,21.9933,22.0838,22.1743,22.2648,22.3552,22.4457,22.5361,22.6266,22.7169
42.4636,40.0211,37.7224,35.5611,33.5336,31.6394,29.8805,28.2608,26.7848,25.4563,24.276,23.2404,22.342,21.5697,20.91,20.3491,19.8736,19.4712,19.1311,18.8441,18.6023,18.3992,18.2292,18.0877,17.971,17.8756,17.799,17.7387,17.6929,17.6599,17.6381,17.6264,17.6237,17.6291,17.6417,17.6609,17.6859,17.7163,17.7515,17.7912,17.8349,17.8823,17.933,17.9869,18.0435,18.1028,18.1644,18.2283,18.2942,18.362,18.4315,18.5027,18.5753,18.6493,18.7246,18.8011,18.8786,18.9572,19.0368,19.1172,19.1984,19.2804,19.3631,19.4465,19.5305,19.615,19.7,19.7856,19.8716,19.958,20.0448,20.132,20.2194,20.3072,20.3953,20.4836,20.5722,20.661,20.75,20.8391,20.9285,21.018,21.1076,21.1973,21.2871,21.3771,21.4671,21.5572,21.6473,21.7375,21.8277,21.918,22.0083,22.0986,22.1889,22.2793,22.3696,22.4599,22.5502,22.6404,22.7307
42.6006,40.1602,37.864,35.7055,33.6808,31.7893,30.0324,28.4138,26.9378,25.6075,24.4236,23.3832,22.4787,21.6994,21.0326,20.4646,19.9821,19.5732,19.2271,18.9345,18.6876,18.4798,18.3055,18.1602,18.0398,17.9412,17.8616,17.7986,17.7503,17.7149,17.691,17.6773,17.6727,17.6764,17.6874,17.705,17.7286,17.7577,17.7917,17.8302,17.8728,17.9191,17.9688,18.0217,18.0775,18.1359,18.1967,18.2598,18.325,18.3921,18.4609,18.5314,18.6034,18.6769,18.7516,18.8275,18.9045,18.9826,19.0617,19.1416,19.2224,19.304,19.3863,19.4692,19.5528,19.637,19.7217,19.8069,19.8925,19.9786,20.0651,20.1519,20.2391,20.3266,20.4144,20.5024,20.5907,20.6793,20.768,20.8569,20.946,21.0353,21.1246,21.2141,21.3038,21.3935,21.4833,21.5732,21.6631,21.7531,21.8432,21.9333,22.0234,22.1135,22.2037,22.2938,22.384,22.4741,22.5643,22.6544,22.7445
42.737,40.2987,38.0049,35.849,33.8271,31.938,30.1832,28.5657,27.0895,25.7575,24.5704,23.5252,22.6147,21.8288,21.155,20.5799,20.0907,19.6754,19.3232,19.0251,18.7731,18.5606,18.3821,18.2328,18.1089,18.0071,17.9245,17.8587,17.8079,17.7701,17.744,17.7283,17.7219,17.7238,17.7332,17.7493,17.7715,17.7992,17.832,17.8693,17.9107,17.956,18.0048,18.0567,18.1116,18.1691,18.2291,18.2915,18.3559,18.4223,18.4905,18.5603,18.6317,18.7045,18.7787,18.854,18.9306,19.0081,19.0867,19.1662,19.2465,19.3277,19.4095,19.4921,19.5753,19.659,19.7434,19.8282,19.9135,19.9993,20.0854,20.172,20.2588,20.346,20.4335,20.5213,20.6094,20.6976,20.7861,20.8748,20.9636,21.0526,21.1418,21.2311,21.3205,21.41,21.4996,21.5893,21.679,21.7688,21.8587,21.9486,22.0385,22.1285,22.2185,22.3085,22.3984,22.4884,22.5784,22.6684,22.7583
42.8729,40.4365,38.145,35.9916,33.9723,32.0858,30.3329,28.7165,27.2401,25.9065,24.7163,23.6664,22.7503,21.9579,21.2772,20.6952,20.1993,19.7776,19.4195,19.1158,18.8587,18.6416,18.4589,18.3057,18.1783,18.0731,17.9875,17.919,17.8656,17.8256,17.7973,17.7796,17.7713,17.7715,17.7792,17.7938,17.8146,17.8409,17.8724,17.9085,17.9489,17.9931,18.0408,18.0918,18.1458,18.2025,18.2617,18.3232,18.3869,18.4526,18.5201,18.5893,18.66,18.7323,18.8058,18.8807,18.9567,19.0337,19.1118,19.1908,19.2707,19.3514,19.4329,19.515,19.5978,19.6812,19.7651,19.8496,19.9346,20.02,20.1058,20.1921,20.2786,20.3655,20.4528,20.5403,20.628,20.716,20.8042,20.8927,20.9813,21.07,21.159,21.248,21.3372,21.4265,21.5159,21.6054,21.6949,21.7846,21.8742,21.9639,22.0537,22.1435,22.2333,22.3231,22.413,22.5028,22.5926,22.6824,22.7722
43.0082,40.5737,38.2844,36.1335,34.1167,32.2324,30.4814,28.8661,27.3896,26.0545,24.8612,23.8069,22.8852,22.0865,21.3992,20.8104,20.3079,19.8798,19.5158,19.2067,18.9446,18.7228,18.5358,18.3788,18.2478,18.1394,18.0508,17.9796,17.9236,17.8812,17.8507,17.831,17.8209,17.8193,17.8254,17.8384,17.8578,17.8828,17.913,17.9479,17.9871,18.0303,18.077,18.127,18.1801,18.2359,18.2943,18.3551,18.418,18.483,18.5498,18.6183,18.6885,18.7601,18.8331,18.9074,18.9829,19.0594,19.137,19.2156,19.295,19.3752,19.4563,19.538,19.6204,19.7034,19.787,19.8711,19.9557,20.0408,20.1263,20.2122,20.2985,20.3851,20.4721,20.5593,20.6468,20.7345,20.8225,20.9106,20.999,21.0875,21.1762,21.265,21.354,21.4431,21.5323,21.6216,21.7109,21.8003,21.8898,21.9794,22.0689,22.1586,22.2482,22.3378,22.4275,22.5172,22.6068,22.6965,22.7861
43.143,40.7102,38.4231,36.2745,34.2601,32.3781,30.6289,29.0146,27.538,26.2014,25.0052,23.9467,23.0196,22.2148,21.5209,20.9255,20.4164,19.9822,19.6123,19.2977,19.0306,18.8042,18.613,18.4521,18.3175,18.2059,18.1143,18.0403,17.9818,17.937,17.9044,17.8826,17.8706,17.8672,17.8717,17.8832,17.9011,17.9248,17.9537,17.9875,18.0255,18.0676,18.1133,18.1624,18.2145,18.2695,18.3271,18.3871,18.4492,18.5135,18.5796,18.6475,18.717,18.7881,18.8605,18.9342,19.0091,19.0852,19.1623,19.2404,19.3193,19.3992,19.4798,19.5611,19.6431,19.7257,19.8089,19.8927,19.977,20.0617,20.1469,20.2325,20.3184,20.4048,20.4914,20.5783,20.6656,20.753,20.8407,20.9286,21.0168,21.1051,21.1935,21.2821,21.3709,21.4597,21.5487,21.6378,21.727,21.8162,21.9055,21.9948,22.0842,22.1737,22.2631,22.3526,22.4421,22.5316,22.6211,22.7106,22.8001
43.2773,40.8462,38.561,36.4147,34.4027,32.5228,30.7753,29.162,27.6853,26.3473,25.1484,24.0857,23.1534,22.3426,21.6423,21.0404,20.525,20.0845,19.7089,19.3889,19.1167,18.8858,18.6903,18.5256,18.3874,18.2725,18.1779,18.1012,18.0401,17.993,17.9582,17.9344,17.9205,17.9154,17.9182,17.9282,17.9446,17.967,17.9946,18.0271,18.0641,18.1051,18.1498,18.1979,18.2491,18.3032,18.36,18.4191,18.4806,18.5441,18.6096,18.6768,18.7457,18.8161,18.888,18.9611,19.0355,19.1111,19.1877,19.2653,19.3438,19.4232,19.5033,19.5842,19.6658,19.7481,19.8309,19.9143,19.9983,20.0827,20.1675,20.2528,20.3385,20.4245,20.5108,20.5975,20.6844,20.7716,20.8591,20.9467,21.0346,21.1227,21.2109,21.2993,21.3878,21.4765,21.5652,21.6541,21.743,21.8321,21.9212,22.0104,22.0996,22.1888,22.2781,22.3674,22.4568,22.5461,22.6354,22.7248,22.8141
43.411,40.9815,38.6983,36.5542,34.5443,32.6665,30.9207,29.3083,27.8315,26.4923,25.2906,24.224,23.2867,22.4701,21.7635,21.1552,20.6334,20.1869,19.8055,19.4802,19.2031,18.9675,18.7679,18.5992,18.4576,18.3394,18.2418,18.1622,18.0986,18.0491,18.0122,17.9864,17.9705,17.9636,17.9648,17.9733,17.9883,18.0092,18.0356,18.0669,18.1028,18.1427,18.1864,18.2335,18.2838,18.337,18.3929,18.4513,18.512,18.5748,18.6396,18.7062,18.7744,18.8442,18.9155,18.9881,19.062,19.137,19.2131,19.2902,19.3683,19.4472,19.527,19.6075,19.6887,19.7705,19.853,19.9361,20.0196,20.1037,20.1882,20.2732,20.3585,20.4442,20.5303,20.6167,20.7033,20.7903,20.8775,20.9649,21.0525,21.1403,21.2283,21.3165,21.4048,21.4932,21.5818,21.6704,21.7592,21.848,21.9369,22.0259,22.115,22.204,22.2931,22.3823,22.4715,22.5606,22.6498,22.739,22.8282
43.5443,41.1163,38.835,36.6928,34.6851,32.8093,31.0651,29.4536,27.9768,26.6362,25.432,24.3615,23.4193,22.5971,21.8844,21.2698,20.7418,20.2893,19.9022,19.5716,19.2895,19.0494,18.8456,18.6731,18.5279,18.4064,18.3058,18.2235,18.1574,18.1055,18.0663,18.0385,18.0207,18.0121,18.0116,18.0185,18.0321,18.0517,18.0768,18.1069,18.1416,18.1804,18.2231,18.2692,18.3186,18.371,18.426,18.4836,18.5436,18.6057,18.6697,18.7356,18.8033,18.8725,18.9432,19.0152,19.0885,19.1631,19.2387,19.3153,19.3929,19.4714,19.5507,19.6308,19.7116,19.7931,19.8752,19.9579,20.0411,20.1248,20.209,20.2936,20.3787,20.4641,20.5499,20.6359,20.7223,20.809,20.8959,20.9831,21.0705,21.158,21.2458,21.3337,21.4218,21.51,21.5984,21.6868,21.7754,21.864,21.9528,22.0415,22.1304,22.2193,22.3082,22.3972,22.4862,22.5752,22.6642,22.7533,22.8423
43.677,41.2505,38.9709,36.8308,34.8251,32.9512,31.2085,29.5979,28.121,26.7792,25.5725,24.4984,23.5514,22.7237,22.005,21.3843,20.8502,20.3917,19.999,19.663,19.3761,19.1315,18.9234,18.7471,18.5983,18.4736,18.37,18.285,18.2162,18.162,18.1206,18.0908,18.0711,18.0607,18.0586,18.0639,18.076,18.0943,18.1181,18.147,18.1805,18.2182,18.2599,18.3051,18.3535,18.405,18.4593,18.5161,18.5752,18.6366,18.7,18.7652,18.8322,18.9008,18.9709,19.0424,19.1152,19.1892,19.2643,19.3405,19.4176,19.4956,19.5745,19.6542,19.7346,19.8157,19.8974,19.9797,20.0626,20.146,20.2298,20.3142,20.3989,20.484,20.5695,20.6553,20.7414,20.8278,20.9144,21.0014,21.0885,21.1758,21.2633,21.351,21.4389,21.5269,21.615,21.7033,21.7916,21.8801,21.9686,22.0572,22.1459,22.2346,22.3234,22.4122,22.501,22.5898,22.6787,22.7676,22.8565
43.8093,41.3841,39.1062,36.968,34.9643,33.0922,31.3509,29.7411,28.2642,26.9213,25.7122,24.6344,23.6829,22.8498,22.1253,21.4985,20.9584,20.4941,20.0958,19.7546,19.4628,19.2137,19.0014,18.8213,18.669,18.541,18.4344,18.3466,18.2753,18.2187,18.1751,18.1432,18.1217,18.1095,18.1057,18.1095,18.1201,18.137,18.1595,18.1872,18.2195,18.2562,18.2968,18.341,18.3886,18.4392,18.4926,18.5486,18.607,18.6676,18.7303,18.7949,18.8612,18.9292,18.9988,19.0697,19.1419,19.2154,19.29,19.3657,19.4424,19.52,19.5984,19.6777,19.7577,19.8383,19.9197,20.0016,20.0842,20.1672,20.2507,20.3347,20.4192,20.504,20.5891,20.6747,20.7605,20.8466,20.933,21.0197,21.1066,21.1937,21.2809,21.3684,21.456,21.5438,21.6317,21.7198,21.8079,21.8962,21.9845,22.0729,22.1614,22.25,22.3385,22.4272,22.5158,22.6045,22.6932,22.7819,22.8707
43.9411,41.5172,39.2409,37.1045,35.1027,33.2323,31.4925,29.8834,28.4064,27.0624,25.851,24.7698,23.8138,22.9755,22.2453,21.6126,21.0665,20.5965,20.1927,19.8463,19.5496,19.296,19.0796,18.8956,18.7398,18.6086,18.499,18.4084,18.3345,18.2756,18.2298,18.1958,18.1724,18.1584,18.1529,18.1552,18.1643,18.1798,18.2011,18.2275,18.2587,18.2943,18.3339,18.3771,18.4237,18.4734,18.526,18.5812,18.6389,18.6988,18.7607,18.8247,18.8904,18.9578,19.0267,19.097,19.1688,19.2417,19.3158,19.391,19.4672,19.5444,19.6224,19.7012,19.7808,19.8611,19.9421,20.0237,20.1058,20.1885,20.2717,20.3554,20.4395,20.524,20.6089,20.6941,20.7797,20.8655,20.9517,21.0381,21.1247,21.2115,21.2986,21.3858,21.4732,21.5608,21.6485,21.7363,21.8243,21.9123,22.0005,22.0887,22.177,22.2654,22.3538,22.4422,22.5307,22.6192,22.7078,22.7963,22.8849
