N2 Density [kg/m3] CoolProp
322.229,168.666,147.92,135.111,125.795,118.473,112.45,107.342,102.914,99.0127,95.5305,92.3902,89.5342,86.9179,84.5069,82.2732,80.1945,78.2522,76.4309,74.7176,73.1015,71.5729,70.1239,68.7473,67.437,66.1876,64.9942,63.8526,62.759,61.71,60.7025,59.7338,58.8014,57.9029,57.0364,56.1998,55.3916,54.6101,53.8538,53.1214,52.4117,51.7234,51.0555,50.4071,49.7772,49.1649,48.5694,47.9899,47.4259,46.8765,46.3412,45.8194,45.3105,44.814,44.3294,43.8563,43.3943,42.9428,42.5016,42.0702,41.6483,41.2355,40.8316,40.4362,40.0491,39.67,39.2985,38.9345,38.5777,38.228,37.885,37.5485,37.2185,36.8946,36.5767,36.2646,35.9581,35.6572,35.3616,35.0711,34.7858,34.5053,34.2295,33.9585,33.6919,33.4297,33.1718,32.9181,32.6685,32.4228,32.1811,31.943,31.7087,31.4779,31.2507,31.0269,30.8064,30.5892,30.3752,30.1643,29.9564
412.911,179.296,154.564,140.242,130.088,122.222,115.81,110.406,105.745,101.653,98.0119,94.7363,91.7632,89.0447,86.543,84.2285,82.0769,80.0686,78.1872,76.4188,74.7518,73.1763,71.6837,70.2664,68.9181,67.633,66.4061,65.2329,64.1095,63.0322,61.9979,61.0038,60.0471,59.1255,58.2368,57.3792,56.5508,55.7499,54.975,54.2247,53.4978,52.793,52.1092,51.4454,50.8006,50.1739,49.5645,48.9717,48.3946,47.8326,47.2851,46.7514,46.231,45.7233,45.2279,44.7443,44.2719,43.8104,43.3595,42.9186,42.4874,42.0656,41.6529,41.2489,40.8534,40.4661,40.0866,39.7148,39.3504,38.9931,38.6428,38.2992,37.9621,37.6314,37.3067,36.9881,36.6752,36.3679,36.0661,35.7696,35.4782,35.1919,34.9104,34.6337,34.3616,34.094,33.8307,33.5718,33.317,33.0663,32.8195,32.5766,32.3374,32.1019,31.87,31.6416,31.4166,31.195,30.9766,30.7614,30.5493
429.714,191.916,161.741,145.632,134.539,126.077,119.247,113.529,108.622,104.331,100.524,97.1085,94.0145,91.1904,88.5956,86.1981,83.972,81.8963,79.9535,78.1289,76.4102,74.7869,73.2499,71.7913,70.4045,69.0832,67.8224,66.6172,65.4636,64.3578,63.2964,62.2765,61.2953,60.3504,59.4395,58.5606,57.7118,56.8913,56.0977,55.3295,54.5852,53.8637,53.1639,52.4846,51.8249,51.1838,50.5604,49.9541,49.3639,48.7893,48.2295,47.6839,47.1519,46.6331,46.1267,45.6325,45.1498,44.6783,44.2175,43.7671,43.3267,42.8958,42.4743,42.0617,41.6578,41.2622,40.8747,40.4951,40.123,39.7582,39.4006,39.0498,38.7057,38.3681,38.0367,37.7114,37.3921,37.0785,36.7704,36.4678,36.1705,35.8783,35.591,35.3087,35.031,34.758,34.4894,34.2252,33.9652,33.7094,33.4577,33.2099,32.9659,32.7257,32.4891,32.2561,32.0266,31.8005,31.5778,31.3583,31.1419
440.889,207.573,169.551,151.31,139.159,130.045,122.765,116.714,111.548,107.048,103.069,99.5072,96.2883,93.3555,90.665,88.1823,85.8799,83.7352,81.7297,79.8478,78.0765,76.4046,74.8225,73.3221,71.8961,70.5383,69.243,68.0055,66.8213,65.6866,64.5979,63.552,62.5461,61.5776,60.6443,59.7439,58.8745,58.0344,57.222,56.4356,55.6739,54.9357,54.2197,53.5248,52.8501,52.1944,51.5571,50.9372,50.3339,49.7465,49.1744,48.6169,48.0733,47.5431,47.0259,46.521,46.0279,45.5463,45.0758,44.6158,44.166,43.7261,43.2957,42.8745,42.4621,42.0583,41.6628,41.2753,40.8955,40.5232,40.1582,39.8003,39.4491,39.1046,38.7665,38.4346,38.1088,37.7888,37.4746,37.1659,36.8625,36.5645,36.2715,35.9834,35.7002,35.4217,35.1478,34.8784,34.6133,34.3524,34.0956,33.8429,33.5941,33.3491,33.1079,32.8703,32.6363,32.4058,32.1787,31.9548,31.7343
449.493,228.358,178.127,157.31,143.962,134.133,126.367,119.962,114.523,109.804,105.646,101.933,98.585,95.5401,92.7511,90.1812,87.8006,85.5855,83.516,81.5757,79.7508,78.0295,76.4017,74.8587,73.393,71.9981,70.668,69.3977,68.1827,67.0188,65.9024,64.8302,63.7994,62.8072,61.8512,60.9292,60.0391,59.1792,58.3477,57.5431,56.7639,56.0088,55.2765,54.566,53.8761,53.2059,52.5545,51.9209,51.3045,50.7043,50.1198,49.5503,48.995,48.4536,47.9253,47.4097,46.9063,46.4146,45.9342,45.4646,45.0055,44.5565,44.1172,43.6873,43.2665,42.8544,42.4509,42.0555,41.668,41.2882,40.9158,40.5507,40.1925,39.841,39.4962,39.1577,38.8254,38.499,38.1786,37.8637,37.5544,37.2505,36.9517,36.658,36.3693,36.0853,35.806,35.5313,35.261,34.9951,34.7333,34.4757,34.2221,33.9723,33.7264,33.4843,33.2457,33.0108,32.7793,32.5511,32.3263
456.583,258.865,187.64,163.673,148.962,138.347,130.059,123.276,117.549,112.602,108.255,104.386,100.905,97.7444,94.8543,92.1948,89.7343,87.4471,85.3124,83.3126,81.4331,79.6615,77.9872,76.4011,74.8952,73.4627,72.0973,70.7939,69.5476,68.3542,67.2099,66.1112,65.0552,64.039,63.0602,62.1164,61.2055,60.3256,59.4749,58.6519,57.8551,57.083,56.3344,55.6081,54.9031,54.2182,53.5526,52.9054,52.2756,51.6627,51.0657,50.4841,49.9172,49.3643,48.825,48.2987,47.7849,47.283,46.7927,46.3136,45.8451,45.3869,44.9388,44.5002,44.0709,43.6506,43.2389,42.8356,42.4404,42.0531,41.6733,41.3009,40.9357,40.5773,40.2257,39.8806,39.5418,39.2091,38.8823,38.5614,38.2461,37.9362,37.6317,37.3324,37.038,36.7486,36.464,36.184,35.9085,35.6375,35.3707,35.1082,34.8497,34.5953,34.3447,34.098,33.8549,33.6155,33.3796,33.1472,32.9181
462.66,305.218,198.321,170.443,154.176,142.694,133.843,126.658,120.627,115.44,110.899,106.868,103.248,99.9687,96.9746,94.2233,91.6809,89.3202,87.1189,85.0584,83.1234,81.3007,79.5793,77.9493,76.4027,74.932,73.531,72.194,70.9161,69.6929,68.5203,67.3949,66.3135,65.2732,64.2713,63.3055,62.3735,61.4735,60.6036,59.7621,58.9475,58.1584,57.3933,56.6512,55.9309,55.2313,54.5514,53.8904,53.2474,52.6215,52.0121,51.4183,50.8397,50.2754,49.7251,49.188,48.6637,48.1517,47.6515,47.1626,46.6848,46.2175,45.7604,45.3131,44.8753,44.4466,44.0269,43.6157,43.2128,42.8179,42.4307,42.0511,41.6788,41.3135,40.9551,40.6033,40.258,39.9189,39.586,39.2589,38.9376,38.6218,38.3115,38.0065,37.7066,37.4117,37.1217,36.8364,36.5558,36.2797,36.0079,35.7405,35.4772,35.218,34.9627,34.7114,34.4638,34.2199,33.9796,33.7429,33.5096
468.006,350.394,210.472,177.676,159.623,147.185,137.724,130.111,123.759,118.321,113.577,109.377,105.615,102.213,99.1123,96.2668,93.6406,91.2047,88.9355,86.8133,84.8218,82.9472,81.1777,79.5034,77.9153,76.4061,74.9689,73.598,72.2882,71.0348,69.8337,68.6814,67.5743,66.5096,65.4844,64.4965,63.5434,62.6231,61.7338,60.8737,60.0412,59.2348,58.4533,57.6952,56.9595,56.2451,55.551,54.8761,54.2197,53.5809,52.9589,52.353,51.7625,51.1869,50.6254,50.0775,49.5427,49.0205,48.5103,48.0118,47.5245,47.0481,46.582,46.126,45.6797,45.2427,44.8148,44.3957,43.985,43.5826,43.188,42.8011,42.4217,42.0495,41.6843,41.3259,40.9741,40.6286,40.2894,39.9562,39.6288,39.3072,38.9911,38.6804,38.3749,38.0746,37.7792,37.4887,37.2028,36.9216,36.6448,36.3725,36.1043,35.8404,35.5805,35.3245,35.0724,34.8241,34.5794,34.3384,34.1008
472.797,378.302,224.488,185.434,165.322,151.826,141.706,133.637,126.947,121.246,116.29,111.916,108.006,104.478,101.267,98.3254,95.6135,93.1008,90.7623,88.5771,86.5281,84.6008,82.7826,81.0632,79.4333,77.8849,76.4112,75.0059,73.6638,72.3799,71.1501,69.9705,68.8375,67.7482,66.6996,65.6893,64.7149,63.7742,62.8654,61.9865,61.136,60.3124,59.5142,58.7402,57.989,57.2597,56.5512,55.8624,55.1926,54.5407,53.9061,53.2881,52.6858,52.0986,51.5259,50.9672,50.4219,49.8894,49.3693,48.8611,48.3644,47.8787,47.4037,46.9389,46.484,46.0388,45.6027,45.1757,44.7572,44.3472,43.9452,43.5511,43.1646,42.7854,42.4134,42.0483,41.6899,41.3381,40.9926,40.6533,40.3199,39.9924,39.6705,39.3541,39.043,38.7372,38.4364,38.1406,37.8496,37.5633,37.2815,37.0042,36.7312,36.4625,36.1979,35.9374,35.6807,35.4279,35.1789,34.9335,34.6918
477.149,396.441,240.834,193.788,171.295,156.627,145.795,137.239,130.191,124.215,119.039,114.483,110.422,106.763,103.44,100.399,97.5995,95.0084,92.5992,90.35,88.2425,86.2615,84.394,82.6288,80.9564,79.3684,77.8576,76.4177,75.0429,73.7283,72.4694,71.2622,70.1032,68.989,67.9169,66.8841,65.8881,64.9269,63.9984,63.1007,62.2321,61.3911,60.5761,59.786,59.0193,58.275,57.5521,56.8493,56.166,55.5011,54.8538,54.2235,53.6093,53.0106,52.4268,51.8572,51.3013,50.7586,50.2285,49.7105,49.2043,48.7094,48.2254,47.7518,47.2884,46.8348,46.3906,45.9556,45.5293,45.1117,44.7023,44.3009,43.9072,43.5211,43.1423,42.7705,42.4056,42.0474,41.6956,41.3501,41.0107,40.6773,40.3496,40.0275,39.7109,39.3996,39.0934,38.7923,38.4961,38.2047,37.9179,37.6357,37.3579,37.0844,36.8151,36.5499,36.2888,36.0315,35.7781,35.5284,35.2824
481.146,409.687,259.905,202.82,177.567,161.599,149.994,140.92,133.495,127.23,121.824,117.081,112.862,109.07,105.631,102.488,99.5989,96.9277,94.4464,92.1319,89.9649,87.9294,86.0117,84.2002,82.4847,80.8566,79.3084,77.8333,76.4255,75.0798,73.7916,72.5566,71.3713,70.2321,69.1361,68.0806,67.0631,66.0811,65.1328,64.2161,63.3293,62.4708,61.639,60.8327,60.0504,59.2911,58.5536,57.8369,57.1399,56.4619,55.802,55.1593,54.5332,53.923,53.3279,52.7474,52.1809,51.6278,51.0877,50.56,50.0443,49.5401,49.0471,48.5647,48.0928,47.6307,47.1784,46.7354,46.3014,45.8761,45.4592,45.0505,44.6498,44.2567,43.871,43.4926,43.1212,42.7565,42.3985,42.0468,41.7014,41.362,41.0285,40.7007,40.3785,40.0617,39.7502,39.4438,39.1424,38.8458,38.554,38.2669,37.9842,37.706,37.432,37.1622,36.8965,36.6348,36.377,36.123,35.8728
484.847,420.117,281.607,212.618,184.162,166.75,154.309,144.681,136.859,130.291,124.647,119.708,115.327,111.397,107.839,104.593,101.612,98.8586,96.3038,93.9228,91.6954,89.6045,87.6359,85.7773,84.0182,82.3495,80.7634,79.2528,77.8116,76.4345,75.1166,73.8537,72.6417,71.4773,70.3574,69.279,68.2396,67.2369,66.2686,65.3328,64.4277,63.5516,62.7029,61.8803,61.0823,60.3079,59.5558,58.825,58.1144,57.4232,56.7505,56.0955,55.4574,54.8356,54.2292,53.6378,53.0607,52.4973,51.9471,51.4096,50.8844,50.3709,49.8688,49.3777,48.8971,48.4267,47.9661,47.5151,47.0733,46.6404,46.216,45.8001,45.3922,44.9921,44.5996,44.2145,43.8365,43.4654,43.1011,42.7433,42.3918,42.0465,41.7072,41.3737,41.0459,40.7236,40.4066,40.095,39.7883,39.4867,39.1899,38.8978,38.6103,38.3273,38.0486,37.7742,37.504,37.2379,36.9757,36.7174,36.4628
488.299,428.739,304.702,223.268,191.106,172.092,158.746,148.527,140.284,133.4,127.506,122.366,117.818,113.745,110.065,106.712,103.638,100.801,98.1715,95.7228,93.4339,91.2867,89.2664,87.3601,85.5568,83.8471,82.2225,80.676,79.2012,77.7924,76.4446,75.1533,73.9146,72.7248,71.5806,70.4792,69.4179,68.3941,67.4058,66.4508,65.5272,64.6334,63.7677,62.9287,62.115,61.3254,60.5586,59.8136,59.0894,58.385,57.6995,57.0321,56.382,55.7485,55.1308,54.5284,53.9406,53.3668,52.8066,52.2593,51.7245,51.2017,50.6905,50.1906,49.7013,49.2225,48.7538,48.2948,47.8451,47.4045,46.9727,46.5495,46.1344,45.7274,45.328,44.9362,44.5516,44.1741,43.8035,43.4395,43.082,42.7307,42.3856,42.0464,41.713,41.3852,41.0629,40.7459,40.4341,40.1273,39.8255,39.5284,39.2361,38.9483,38.665,38.386,38.1112,37.8406,37.574,37.3114,37.0526
491.537,436.104,326.921,234.843,198.428,177.635,163.308,152.459,143.773,136.557,130.405,125.055,120.334,116.115,112.31,108.848,105.677,102.755,100.049,97.5318,95.1803,92.9761,90.9033,88.9487,87.1006,85.3492,83.6859,82.1031,80.5942,79.1533,77.7753,76.4555,75.1897,73.9743,72.8058,71.6812,70.5977,69.5529,68.5443,67.5699,66.6278,65.7162,64.8334,63.978,63.1484,62.3435,61.562,60.8028,60.0649,59.3472,58.6488,57.969,57.3068,56.6616,56.0326,55.4192,54.8207,54.2365,53.6661,53.109,52.5646,52.0325,51.5123,51.0034,50.5056,50.0184,49.5414,49.0743,48.6168,48.1686,47.7293,47.2987,46.8765,46.4624,46.0562,45.6577,45.2666,44.8826,44.5057,44.1355,43.7719,43.4148,43.0638,42.7189,42.3799,42.0466,41.7189,41.3965,41.0795,40.7677,40.4608,40.1588,39.8616,39.5691,39.281,38.9974,38.7181,38.443,38.1721,37.9051,37.6421
494.589,442.547,346.446,247.374,206.152,183.391,168.001,156.48,147.327,139.764,133.342,127.776,122.875,118.507,114.572,110.999,107.73,104.721,101.937,99.3499,96.9348,94.6726,92.5466,90.5429,88.6495,86.856,85.1534,83.5339,81.9906,80.5174,79.1089,77.7603,76.4673,75.226,74.0329,72.8849,71.7792,70.7131,69.6842,68.6903,67.7296,66.8,65.9001,65.0281,64.1826,63.3624,62.5661,61.7926,61.0409,60.3098,59.5986,58.9062,58.232,57.575,56.9346,56.3101,55.7009,55.1063,54.5258,53.9588,53.4048,52.8634,52.334,51.8163,51.3098,50.8141,50.3289,49.8538,49.3884,48.9325,48.4857,48.0478,47.6184,47.1973,46.7843,46.379,45.9813,45.5909,45.2077,44.8313,44.4617,44.0986,43.7418,43.3911,43.0465,42.7077,42.3746,42.047,41.7247,41.4077,41.0958,40.7889,40.4869,40.1895,39.8968,39.6086,39.3247,39.0452,38.7698,38.4985,38.2312
497.478,448.284,362.839,260.815,214.302,189.368,172.83,160.594,150.947,143.021,136.318,130.528,125.443,120.92,116.853,113.165,109.796,106.699,103.836,101.177,98.6973,96.3761,94.1962,92.1428,90.2035,88.3673,86.625,84.9684,83.3904,81.8845,80.4452,79.0676,77.7471,76.4797,75.2619,74.0904,72.9622,71.8747,70.8253,69.8119,68.8324,67.8849,66.9676,66.079,65.2176,64.3819,63.5707,62.7829,62.0173,61.2729,60.5487,59.8438,59.1574,58.4887,57.8369,57.2013,56.5813,55.9762,55.3855,54.8087,54.2451,53.6942,53.1557,52.6291,52.1139,51.6098,51.1163,50.6331,50.1599,49.6963,49.242,48.7968,48.3602,47.9321,47.5122,47.1002,46.6959,46.299,45.9094,45.5269,45.1512,44.7821,44.4195,44.0631,43.7129,43.3686,43.03,42.6971,42.3696,42.0475,41.7306,41.4187,41.1118,40.8097,40.5123,40.2194,39.9311,39.647,39.3673,39.0917,38.8201
500.223,453.463,376.502,275,222.894,195.578,177.8,164.802,154.635,146.329,139.334,133.312,128.037,123.354,119.152,115.348,111.876,108.688,105.745,103.013,100.468,98.0867,95.8521,93.7484,91.7625,89.8832,88.1008,86.4067,84.7935,83.2547,81.7843,80.3774,79.0292,77.7356,76.4928,75.2976,74.1468,73.0378,71.9678,70.9347,69.9363,68.9707,68.036,67.1307,66.2532,65.4021,64.576,63.7738,62.9942,62.2364,61.4992,60.7817,60.0831,59.4025,58.7393,58.0926,57.4618,56.8462,56.2454,55.6586,55.0853,54.5251,53.9774,53.4419,52.918,52.4054,51.9037,51.4124,50.9313,50.46,49.9982,49.5455,49.1018,48.6666,48.2398,47.8211,47.4102,47.0069,46.611,46.2222,45.8404,45.4654,45.0969,44.7349,44.379,44.0291,43.6852,43.347,43.0143,42.687,42.3651,42.0483,41.7365,41.4296,41.1275,40.83,40.5371,40.2486,39.9644,39.6845,39.4087
502.84,458.189,388.012,289.615,231.934,202.028,182.915,169.107,158.393,149.689,142.391,136.128,130.657,125.811,121.47,117.546,113.97,110.689,107.663,104.858,102.246,99.8044,97.5143,95.3595,93.3266,91.4036,89.5806,87.8486,86.2,84.6278,83.1262,81.6897,80.3135,78.9935,77.7256,76.5065,75.333,74.2022,73.1116,72.0586,71.0413,70.0574,69.1053,68.1832,67.2895,66.4228,65.5818,64.7651,63.9716,63.2003,62.45,61.7199,61.0091,60.3167,59.6419,58.9841,58.3424,57.7164,57.1052,56.5085,55.9256,55.3559,54.7991,54.2546,53.722,53.2009,52.6909,52.1915,51.7025,51.2235,50.7542,50.2942,49.8432,49.401,48.9673,48.5418,48.1243,47.7146,47.3123,46.9173,46.5295,46.1485,45.7742,45.4063,45.0448,44.6895,44.3401,43.9965,43.6587,43.3263,42.9993,42.6775,42.3609,42.0492,41.7424,41.4403,41.1428,40.8499,40.5613,40.277,39.997
505.341,462.541,397.865,304.228,241.413,208.724,188.179,173.511,162.221,153.102,145.489,138.977,133.304,128.29,123.807,119.759,116.076,112.702,109.593,106.712,104.032,101.529,99.1827,96.9763,94.8956,92.9285,91.0645,89.2942,87.6097,86.004,84.4707,83.0044,81.6001,80.2534,78.9602,77.7171,76.5207,75.3681,74.2566,73.1837,72.1473,71.1451,70.1755,69.2365,68.3266,67.4443,66.5881,65.7569,64.9494,64.1645,63.4012,62.6584,61.9353,61.231,60.5447,59.8757,59.2232,58.5866,57.9652,57.3585,56.7658,56.1868,55.6208,55.0673,54.526,53.9964,53.478,52.9706,52.4736,51.9869,51.51,51.0426,50.5844,50.1352,49.6946,49.2623,48.8382,48.422,48.0134,47.6122,47.2183,46.8313,46.4511,46.0776,45.7104,45.3495,44.9947,44.6459,44.3027,43.9652,43.6332,43.3065,42.985,42.6685,42.357,42.0503,41.7483,41.4508,41.1579,40.8693,40.5849
507.737,466.578,406.436,318.385,251.3,215.671,193.596,178.016,166.121,156.569,148.628,141.859,135.978,130.791,126.162,121.989,118.197,114.727,111.532,108.575,105.826,103.261,100.857,98.5985,96.4697,94.4579,92.5523,90.7434,89.0228,87.3831,85.818,84.3216,82.8889,81.5153,80.1967,78.9293,77.7099,76.5353,75.4028,74.3099,73.2543,72.2338,71.2464,70.2905,69.3643,68.4663,67.595,66.7492,65.9277,65.1292,64.3527,63.5972,62.8617,62.1455,61.4477,60.7674,60.104,59.4568,58.8252,58.2085,57.6061,57.0176,56.4423,55.8799,55.3299,54.7917,54.265,53.7495,53.2446,52.7501,52.2657,51.7909,51.3255,50.8692,50.4216,49.9826,49.5519,49.1292,48.7142,48.3069,47.9068,47.5138,47.1278,46.7485,46.3757,46.0093,45.6491,45.2949,44.9466,44.6039,44.2668,43.9352,43.6088,43.2875,42.9713,42.66,42.3534,42.0515,41.7541,41.4612,41.1726
510.038,470.345,414.001,331.719,261.536,222.866,199.167,182.624,170.094,160.089,151.809,144.774,138.678,133.314,128.535,124.234,120.331,116.763,113.481,110.447,107.629,104.999,102.538,100.226,98.0486,95.9917,94.0442,92.1962,90.439,88.7652,87.1679,85.6412,84.1799,82.7792,81.4349,80.1432,78.9005,77.7039,76.5503,75.4372,74.3623,73.3233,72.3182,71.3453,70.4027,69.4889,68.6025,67.742,66.9063,66.0942,65.3045,64.5362,63.7884,63.0602,62.3508,61.6593,60.985,60.3272,59.6852,59.0585,58.4464,57.8484,57.2639,56.6925,56.1336,55.5869,55.0519,54.5282,54.0154,53.5132,53.0212,52.539,52.0663,51.6029,51.1485,50.7027,50.2654,49.8362,49.4149,49.0012,48.5951,48.1962,47.8043,47.4192,47.0408,46.6689,46.3032,45.9437,45.5901,45.2423,44.9002,44.5635,44.2323,43.9062,43.5853,43.2693,42.9582,42.6518,42.3501,42.0528,41.76
512.253,473.881,420.761,344.02,272.034,230.304,204.894,187.336,174.14,163.665,155.032,147.722,141.406,135.859,130.927,126.495,122.478,118.811,115.441,112.328,109.438,106.745,104.225,101.86,99.6325,97.5299,95.54,93.6525,91.8585,90.1501,88.5204,86.9632,85.473,84.0451,82.6749,81.3586,80.0927,78.8737,77.699,76.5656,75.4713,74.4137,73.3908,72.4007,71.4417,70.5121,69.6104,68.7353,67.8854,67.0595,66.2566,65.4755,64.7154,63.9752,63.2541,62.5513,61.866,61.1976,60.5453,59.9085,59.2866,58.6791,58.0854,57.505,56.9373,56.3821,55.8387,55.3069,54.7861,54.2761,53.7765,53.2869,52.807,52.3365,51.8752,51.4226,50.9786,50.5429,50.1152,49.6954,49.2831,48.8782,48.4804,48.0896,47.7056,47.3281,46.957,46.5921,46.2333,45.8804,45.5332,45.1916,44.8555,44.5247,44.199,43.8784,43.5628,43.2519,42.9457,42.6441,42.347
514.388,477.213,426.868,355.225,282.677,237.973,210.776,192.153,178.26,167.295,158.297,150.704,144.16,138.427,133.338,128.772,124.639,120.87,117.411,114.218,111.256,108.497,105.918,103.498,101.221,99.0724,97.0397,95.1124,93.2812,91.5379,89.8755,88.2875,86.7683,85.3129,83.9167,82.5757,81.2862,80.0449,78.8488,77.6951,76.5812,75.505,74.4642,73.4569,72.4813,71.5358,70.6188,69.7289,68.8648,68.0252,67.209,66.4151,65.6425,64.8902,64.1575,63.4434,62.7471,62.068,61.4054,60.7585,60.1269,59.5098,58.9068,58.3174,57.7409,57.1771,56.6254,56.0854,55.5567,55.0389,54.5316,54.0346,53.5475,53.0699,52.6016,52.1422,51.6916,51.2494,50.8154,50.3893,49.9709,49.56,49.1563,48.7598,48.3701,47.9871,47.6105,47.2403,46.8763,46.5182,46.166,45.8194,45.4784,45.1428,44.8124,44.4872,44.167,43.8516,43.5411,43.2352,42.9338
516.45,480.366,432.435,365.376,293.329,245.852,216.811,197.074,182.455,170.981,161.605,153.72,146.942,141.017,135.767,131.065,126.814,122.941,119.391,116.116,113.081,110.257,107.617,105.142,102.815,100.619,98.5433,96.5757,94.7069,92.9286,91.2331,89.6141,88.0656,86.5825,85.1602,83.7943,82.4812,81.2174,79.9998,78.8256,77.6922,76.5971,75.5383,74.5138,73.5216,72.5601,71.6278,70.7231,69.8446,68.9912,68.1617,67.3549,66.5698,65.8055,65.061,64.3356,63.6283,62.9385,62.2655,61.6086,60.9671,60.3405,59.7282,59.1297,58.5444,57.972,57.4119,56.8637,56.327,55.8014,55.2866,54.7821,54.2877,53.8031,53.3278,52.8617,52.4044,51.9556,51.5152,51.0829,50.6584,50.2415,49.832,49.4297,49.0343,48.6457,48.2638,47.8882,47.5189,47.1557,46.7984,46.4469,46.101,45.7606,45.4255,45.0957,44.7709,44.4511,44.1361,43.8259,43.5202
518.444,483.36,437.55,374.564,303.847,253.912,222.995,202.099,186.725,174.722,164.955,156.769,149.751,143.629,138.215,133.373,129.002,125.024,121.38,118.023,114.914,112.023,109.322,106.792,104.413,102.17,100.051,98.0425,96.1358,94.322,92.5933,90.943,89.3651,87.8541,86.4054,85.0145,83.6776,82.3911,81.152,79.9571,78.804,77.6901,76.6132,75.5713,74.5625,73.585,72.6372,71.7176,70.8248,69.9576,69.1147,68.2949,67.4973,66.7209,65.9647,65.2279,64.5096,63.8091,63.1256,62.4586,61.8073,61.1711,60.5495,59.9419,59.3478,58.7668,58.1983,57.6419,57.0972,56.5638,56.0414,55.5295,55.0278,54.536,54.0538,53.5809,53.1169,52.6617,52.2149,51.7763,51.3457,50.9228,50.5074,50.0993,49.6982,49.3041,48.9167,48.5358,48.1613,47.7929,47.4306,47.0741,46.7233,46.3781,46.0383,45.7038,45.3745,45.0502,44.7308,44.4162,44.1063
520.375,486.212,442.281,382.898,314.097,262.118,229.319,207.227,191.068,178.518,168.348,159.851,152.587,146.264,140.682,135.697,131.203,127.118,123.38,119.939,116.755,113.795,111.033,108.447,106.016,103.726,101.562,99.5127,97.5678,95.7182,93.956,92.2742,90.6665,89.1275,87.6522,86.2361,84.8753,83.5661,82.3052,81.0897,79.9167,78.7839,77.6888,76.6295,75.6039,74.6103,73.647,72.7125,71.8054,70.9242,70.0679,69.2352,68.425,67.6364,66.8685,66.1202,65.3909,64.6796,63.9857,63.3086,62.6474,62.0016,61.3707,60.754,60.1511,59.5614,58.9845,58.4199,57.8673,57.3261,56.796,56.2766,55.7677,55.2687,54.7796,54.2998,53.8292,53.3674,52.9142,52.4694,52.0326,51.6037,51.1825,50.7686,50.3619,49.9622,49.5694,49.1831,48.8033,48.4298,48.0624,47.701,47.3453,46.9953,46.6508,46.3117,45.9778,45.649,45.3252,45.0063,44.6922
522.247,488.936,446.684,390.488,323.97,270.422,235.774,212.455,195.486,182.369,171.783,162.967,155.45,148.921,143.167,138.037,133.418,129.224,125.39,121.864,118.603,115.575,112.75,110.107,107.624,105.285,103.077,100.986,99.0028,97.1172,95.3212,93.6076,91.97,90.4027,88.9007,87.4593,86.0744,84.7423,83.4596,82.2232,81.0304,79.8785,78.7652,77.6883,76.646,75.6362,74.6573,73.7079,72.7862,71.8912,71.0214,70.1756,69.3529,68.5521,67.7724,67.0127,66.2722,65.5502,64.8459,64.1585,63.4875,62.8321,62.1918,61.5661,60.9543,60.3559,59.7706,59.1978,58.6371,58.0881,57.5504,57.0235,56.5073,56.0012,55.5051,55.0185,54.5412,54.0729,53.6134,53.1622,52.7194,52.2844,51.8573,51.4376,51.0253,50.6201,50.2217,49.8302,49.4451,49.0664,48.694,48.3275,47.967,47.6122,47.263,46.9192,46.5808,46.2475,45.9193,45.5961,45.2776
524.065,491.544,450.801,397.43,333.386,278.773,242.348,217.78,199.975,186.275,175.261,166.117,158.339,151.599,145.67,140.392,135.645,131.341,127.409,123.797,120.459,117.361,114.473,111.772,109.236,106.849,104.596,102.463,100.441,98.5188,96.6888,94.9432,93.2755,91.6798,90.1508,88.6839,87.2748,85.9197,84.615,83.3577,82.1449,80.9739,79.8422,78.7478,77.6885,76.6625,75.6681,74.7036,73.7674,72.8584,71.9751,71.1163,70.2809,69.4679,68.6763,67.9052,67.1536,66.4208,65.706,65.0084,64.3275,63.6625,63.0129,62.378,61.7573,61.1503,60.5565,59.9755,59.4068,58.8499,58.3045,57.7703,57.2467,56.7335,56.2304,55.737,55.253,54.7782,54.3122,53.8548,53.4058,52.9649,52.5318,52.1064,51.6884,51.2776,50.8738,50.4769,50.0866,49.7027,49.3252,48.9538,48.5884,48.2288,47.8749,47.5265,47.1835,46.8457,46.5131,46.1855,45.8628
525.832,494.046,454.669,403.812,342.301,287.114,249.022,223.196,204.535,190.235,178.78,169.299,161.256,154.3,148.192,142.762,137.886,133.469,129.439,125.738,122.322,119.154,116.202,113.442,110.853,108.417,106.118,103.943,101.882,99.9231,98.0587,96.2809,94.5829,92.9585,91.4025,89.91,88.4765,87.0982,85.7715,84.4932,83.2602,82.07,80.92,79.8079,78.7317,77.6894,76.6792,75.6996,74.749,73.8259,72.929,72.0571,71.2091,70.3839,69.5804,68.7977,68.035,67.2914,66.5661,65.8583,65.1675,64.4928,63.8338,63.1898,62.5602,61.9445,61.3423,60.753,60.1763,59.6116,59.0585,58.5168,57.9859,57.4656,56.9554,56.4552,55.9645,55.4832,55.0108,54.5471,54.092,53.645,53.206,52.7748,52.3512,51.9348,51.5256,51.1233,50.7277,50.3387,49.9562,49.5798,49.2095,48.8451,48.4864,48.1334,47.7858,47.4436,47.1066,46.7746,46.4477
527.551,496.452,458.318,409.706,350.696,295.388,255.779,228.697,209.164,194.248,182.341,172.515,164.199,157.022,150.732,145.148,140.14,135.608,131.478,127.688,124.193,120.953,117.936,115.118,112.474,109.989,107.644,105.427,103.326,101.33,99.4311,97.6208,95.8922,94.2391,92.6558,91.1374,89.6795,88.2779,86.9291,85.6296,84.3764,83.1669,81.9983,80.8685,79.7753,78.7167,77.6908,76.696,75.7308,74.7936,73.8831,72.9981,72.1374,71.2999,70.4845,69.6903,68.9164,68.1619,67.4261,66.7081,66.0073,65.323,64.6546,64.0014,63.3629,62.7386,62.1279,61.5304,60.9456,60.373,59.8123,59.263,58.7248,58.1974,57.6802,57.1732,56.6758,56.1879,55.7091,55.2392,54.7778,54.3249,53.88,53.443,53.0136,52.5917,52.177,51.7694,51.3686,50.9744,50.5868,50.2054,49.8302,49.461,49.0976,48.74,48.3878,48.0411,47.6997,47.3634,47.0322
529.225,498.77,461.772,415.175,358.577,303.539,262.596,234.277,213.858,198.312,185.942,175.762,167.168,159.767,153.29,147.549,142.407,137.759,133.526,129.647,126.071,122.758,119.676,116.798,114.1,111.564,109.173,106.913,104.772,102.74,100.806,98.9628,97.2034,95.5213,93.9106,92.3663,90.8837,89.4587,88.0876,86.7669,85.4934,84.2645,83.0774,81.9298,80.8194,79.7444,78.7027,77.6928,76.7129,75.7616,74.8375,73.9393,73.0659,72.216,71.3887,70.583,69.7979,69.0325,68.2861,67.5579,66.8471,66.1532,65.4753,64.8129,64.1655,63.5325,62.9133,62.3076,61.7147,61.1342,60.5658,60.0091,59.4636,58.9289,58.4048,57.8909,57.3868,56.8923,56.4071,55.9309,55.4635,55.0044,54.5537,54.1109,53.6758,53.2484,52.8282,52.4152,52.0091,51.6098,51.2171,50.8308,50.4507,50.0766,49.7086,49.3462,48.9896,48.6384,48.2925,47.9519,47.6164
530.857,501.006,465.051,420.272,365.963,311.517,269.448,239.927,218.614,202.426,189.583,179.042,170.163,162.532,155.865,149.965,144.686,139.92,135.584,131.613,127.956,124.57,121.422,118.483,115.731,113.144,110.706,108.403,106.222,104.152,102.183,100.307,98.5165,96.8052,95.1669,93.5965,92.0892,90.6406,89.2471,87.905,86.6112,85.3628,84.157,82.9915,81.8641,80.7725,79.7151,78.6898,77.6953,76.7298,75.792,74.8806,73.9944,73.1322,72.293,71.4756,70.6793,69.903,69.1461,68.4076,67.6869,66.9832,66.2959,65.6243,64.968,64.3262,63.6986,63.0845,62.4836,61.8953,61.3192,60.7549,60.202,59.6602,59.1291,58.6083,58.0976,57.5965,57.1049,56.6224,56.1488,55.6837,55.227,54.7784,54.3377,53.9047,53.4791,53.0607,52.6494,52.2449,51.8471,51.4558,51.0708,50.692,50.3192,49.9522,49.5909,49.2353,48.885,48.5401,48.2003
532.449,503.167,468.174,425.041,372.884,319.279,276.308,245.635,223.429,206.589,193.262,182.353,173.184,165.318,158.459,152.396,146.978,142.092,137.651,133.588,129.848,126.388,123.173,120.174,117.365,114.728,112.243,109.896,107.674,105.566,103.562,101.653,99.8314,98.0907,96.4247,94.828,93.2958,91.8236,90.4076,89.0441,87.7298,86.4618,85.2373,84.0539,82.9092,81.8011,80.7277,79.6872,78.6779,77.6982,76.7467,75.8221,74.9231,74.0485,73.1972,72.3683,71.5607,70.7735,70.006,69.2572,68.5265,67.8131,67.1163,66.4356,65.7703,65.1198,64.4837,63.8613,63.2523,62.6561,62.0723,61.5005,60.9403,60.3913,59.8531,59.3255,58.808,58.3004,57.8024,57.3136,56.8338,56.3627,55.9001,55.4457,54.9993,54.5607,54.1296,53.7059,53.2893,52.8796,52.4768,52.0805,51.6906,51.307,50.9294,50.5578,50.192,49.8319,49.4772,49.1279,48.7839
534.003,505.258,471.156,429.52,379.371,326.793,283.149,251.392,228.297,210.798,196.98,185.694,176.23,168.126,161.069,154.841,149.283,144.275,139.728,135.571,131.747,128.212,124.93,121.869,119.004,116.315,113.783,111.392,109.129,106.983,104.943,103.001,101.148,99.3778,97.6839,96.0609,94.5036,93.0077,91.569,90.1839,88.8491,87.5614,86.3181,85.1167,83.9547,82.8301,81.7407,80.6849,79.6608,78.6668,77.7016,76.7637,75.8518,74.9648,74.1016,73.261,72.4421,71.644,70.8658,70.1067,69.366,68.6429,67.9366,67.2467,66.5724,65.9132,65.2685,64.6379,64.0207,63.4166,62.8251,62.2458,61.6783,61.1221,60.5769,60.0424,59.5182,59.0041,58.4996,58.0045,57.5185,57.0414,56.5729,56.1127,55.6606,55.2164,54.7799,54.3508,53.9289,53.5141,53.1061,52.7048,52.3101,51.9216,51.5394,51.1631,50.7928,50.4281,50.069,49.7154,49.3671
535.521,507.283,474.009,433.74,385.46,334.035,289.943,257.184,233.213,215.05,200.734,189.066,179.3,170.953,163.696,157.301,151.599,146.469,141.814,137.561,133.653,130.043,126.692,123.569,120.648,117.906,115.326,112.891,110.587,108.403,106.327,104.351,102.467,100.667,98.9446,97.295,95.7125,94.1927,92.7313,91.3246,89.9691,88.6617,87.3996,86.18,85.0007,83.8594,82.7541,81.6828,80.6439,79.6357,78.6566,77.7054,76.7807,75.8812,75.0059,74.1537,73.3235,72.5144,71.7256,70.9562,70.2054,69.4725,68.7568,68.0576,67.3744,66.7064,66.0532,65.4142,64.789,64.177,63.5778,62.9909,62.416,61.8526,61.3004,60.7591,60.2282,59.7074,59.1965,58.6951,58.203,57.7198,57.2453,56.7794,56.3216,55.8718,55.4298,54.9953,54.5682,54.1482,53.7352,53.3289,52.9292,52.536,52.149,51.7681,51.3932,51.024,50.6606,50.3026,49.95
537.005,509.248,476.745,437.73,391.183,340.992,296.664,262.997,238.171,219.344,204.523,192.466,182.395,173.801,166.341,159.775,153.928,148.672,143.908,139.56,135.566,131.879,128.459,125.273,122.295,119.501,116.873,114.393,112.048,109.824,107.713,105.703,103.787,101.957,100.207,98.5303,96.9226,95.3788,93.8946,92.4661,91.0899,89.7627,88.4816,87.2439,86.0472,84.8891,83.7677,82.681,81.6272,80.6047,79.6118,78.6472,77.7096,76.7977,75.9103,75.0463,74.2048,73.3848,72.5853,71.8055,71.0447,70.302,69.5768,68.8684,68.1761,67.4994,66.8377,66.1904,65.557,64.9371,64.3302,63.7358,63.1535,62.5829,62.0237,61.4754,60.9378,60.4105,59.8931,59.3854,58.8871,58.3979,57.9175,57.4457,56.9822,56.5269,56.0794,55.6395,55.2071,54.782,54.3639,53.9526,53.5481,53.15,52.7583,52.3728,51.9933,51.6196,51.2517,50.8894,50.5326
538.456,511.157,479.373,441.512,396.573,347.656,303.287,268.818,243.164,223.674,208.344,195.895,185.512,176.667,169.001,162.262,156.269,150.887,146.012,141.566,137.486,133.722,130.232,126.983,123.947,121.1,118.423,115.898,113.511,111.249,109.101,107.057,105.109,103.249,101.47,99.7669,98.1338,96.5658,95.0587,93.6084,92.2113,90.8642,89.5641,88.3082,87.094,85.9192,84.7817,83.6795,82.6108,81.5738,80.5671,79.5891,78.6386,77.7141,76.8146,75.939,75.0861,74.255,73.4449,72.6548,71.8838,71.1314,70.3967,69.679,68.9777,68.2922,67.6219,66.9663,66.3248,65.697,65.0823,64.4804,63.8907,63.3129,62.7467,62.1915,61.6472,61.1132,60.5894,60.0754,59.5709,59.0757,58.5894,58.1118,57.6426,57.1816,56.7287,56.2835,55.8458,55.4154,54.9923,54.576,54.1666,53.7637,53.3673,52.9771,52.593,52.2149,51.8426,51.476,51.1148
539.878,513.012,481.904,445.107,401.659,354.028,309.79,274.631,248.186,228.038,212.197,199.35,188.652,179.553,171.678,164.764,158.622,153.111,148.124,143.58,139.412,135.57,132.009,128.696,125.602,122.702,119.976,117.406,114.976,112.675,110.49,108.412,106.432,104.542,102.735,101.005,99.346,97.7538,96.2236,94.7514,93.3334,91.9663,90.6471,89.3729,88.1412,86.9496,85.7959,84.6782,83.5945,82.5431,81.5225,80.5311,79.5676,78.6306,77.719,76.8316,75.9673,75.1252,74.3044,73.5039,72.7229,71.9606,71.2164,70.4894,69.7791,69.0848,68.406,67.742,67.0924,66.4566,65.8342,65.2247,64.6277,64.0427,63.4694,62.9073,62.3562,61.8157,61.2854,60.7651,60.2545,59.7531,59.2609,58.7775,58.3026,57.8361,57.3776,56.927,56.4841,56.0486,55.6203,55.1991,54.7847,54.3771,53.9759,53.5811,53.1924,52.8098,52.4331,52.0621,51.6968
541.269,514.817,484.343,448.533,406.468,360.114,316.153,280.422,253.228,232.433,216.079,202.83,191.814,182.458,174.37,167.279,160.985,155.344,150.245,145.601,141.345,137.424,133.792,130.415,127.262,124.308,121.532,118.916,116.444,114.104,111.882,109.77,107.757,105.837,104.001,102.244,100.559,98.9427,97.3894,95.8951,94.4561,93.069,91.7306,90.4381,89.1888,87.9803,86.8104,85.6771,84.5784,83.5126,82.478,81.4732,80.4966,79.5471,78.6233,77.7242,76.8485,75.9954,75.1638,74.3529,73.5618,72.7897,72.0359,71.2996,70.5803,69.8772,69.1898,68.5175,67.8597,67.216,66.5858,65.9688,65.3643,64.7721,64.1918,63.6228,63.065,62.5179,61.9812,61.4545,60.9377,60.4303,59.9321,59.4429,58.9623,58.4902,58.0263,57.5703,57.1221,56.6814,56.248,55.8218,55.4026,54.9901,54.5842,54.1847,53.7915,53.4044,53.0233,52.648,52.2783
542.633,516.575,486.698,451.804,411.024,365.922,322.362,286.176,258.282,236.852,219.988,206.335,194.997,185.38,177.078,169.806,163.36,157.588,152.374,147.63,143.285,139.283,135.58,132.137,128.925,125.917,123.091,120.429,117.915,115.535,113.276,111.129,109.084,107.133,105.268,103.484,101.773,100.133,98.5559,97.0396,95.5795,94.1723,92.8146,91.5037,90.2367,89.0113,87.8252,86.6762,85.5625,84.4822,83.4336,82.4153,81.4257,80.4636,79.5276,78.6167,77.7296,76.8654,76.0231,75.2017,74.4005,73.6186,72.8552,72.1097,71.3813,70.6694,69.9734,69.2927,68.6268,67.9751,67.3372,66.7126,66.1007,65.5013,64.9139,64.3381,63.7735,63.2197,62.6766,62.1436,61.6206,61.1071,60.603,60.108,59.6217,59.144,58.6746,58.2132,57.7597,57.3139,56.8754,56.4442,56.0201,55.6028,55.1922,54.788,54.3903,53.9987,53.6131,53.2335,52.8596
543.97,518.289,488.975,454.935,415.35,371.463,328.404,291.879,263.339,241.293,223.921,209.862,198.2,188.32,179.8,172.347,165.746,159.841,154.511,149.665,145.23,141.148,137.372,133.864,130.592,127.529,124.654,121.945,119.388,116.968,114.672,112.49,110.412,108.43,106.537,104.725,102.989,101.323,99.7233,98.1847,96.7035,95.276,93.8991,92.5697,91.285,90.0426,88.8402,87.6755,86.5467,85.4518,84.3893,83.3574,82.3548,81.3801,80.4319,79.5091,78.6106,77.7353,76.8822,76.0504,75.2391,74.4473,73.6744,72.9195,72.1821,71.4614,70.7568,70.0677,69.3937,68.734,68.0883,67.4561,66.8369,66.2302,65.6357,65.053,64.4816,63.9213,63.3717,62.8324,62.3032,61.7837,61.2736,60.7727,60.2808,59.7975,59.3226,58.8558,58.3971,57.946,57.5025,57.0663,56.6372,56.2151,55.7998,55.391,54.9887,54.5926,54.2027,53.8187,53.4405
545.282,519.961,491.179,457.937,419.465,376.752,334.27,297.517,268.392,245.75,227.875,213.411,201.422,191.276,182.537,174.9,168.143,162.103,156.657,151.708,147.182,143.018,139.169,135.595,132.263,129.145,126.219,123.464,120.863,118.403,116.07,113.852,111.742,109.729,107.806,105.967,104.205,102.515,100.891,99.3305,97.828,96.3803,94.984,93.636,92.3336,91.0742,89.8554,88.675,87.531,86.4216,85.345,84.2996,83.2839,82.2965,81.3361,80.4015,79.4915,78.6051,77.7412,76.899,76.0775,75.2759,74.4933,73.7292,72.9827,72.2531,71.5399,70.8425,70.1602,69.4926,68.8392,68.1993,67.5727,66.9588,66.3572,65.7676,65.1895,64.6226,64.0665,63.5209,62.9854,62.4599,61.9439,61.4372,60.9395,60.4506,59.9702,59.4981,59.034,58.5778,58.1292,57.688,57.2541,56.8271,56.4071,55.9937,55.5868,55.1862,54.7918,54.4035,54.021
546.569,521.593,493.316,460.821,423.388,381.8,339.956,303.079,273.431,250.219,231.848,216.978,204.661,194.247,185.287,177.464,170.55,164.374,158.81,153.757,149.139,144.894,140.971,137.33,133.938,130.764,127.787,124.985,122.341,119.84,117.469,115.217,113.073,111.029,109.077,107.21,105.422,103.707,102.06,100.477,98.9531,97.485,96.0693,94.7027,93.3825,92.106,90.8708,89.6747,88.5155,87.3915,86.3008,85.2418,84.213,83.2129,82.2403,81.2938,80.3723,79.4748,78.6001,77.7474,76.9157,76.1042,75.3121,74.5386,73.783,73.0446,72.3228,71.617,70.9266,70.251,69.5897,68.9423,68.3083,67.6871,67.0785,66.4819,65.8971,65.3235,64.7609,64.209,63.6674,63.1357,62.6138,62.1013,61.5979,61.1034,60.6175,60.14,59.6707,59.2093,58.7556,58.3094,57.8706,57.4388,57.014,56.596,56.1845,55.7794,55.3807,54.988,54.6013
547.833,523.187,495.389,463.595,427.133,386.623,345.458,308.552,278.447,254.693,235.836,220.563,207.917,197.234,188.05,180.04,172.966,166.654,160.97,155.813,151.103,146.775,142.778,139.07,135.616,132.387,129.358,126.508,123.821,121.279,118.87,116.583,114.406,112.33,110.349,108.454,106.64,104.9,103.23,101.624,100.079,98.5903,97.155,95.7698,94.4317,93.1381,91.8864,90.6745,89.5001,88.3615,87.2567,86.1841,85.1421,84.1293,83.1444,82.186,81.253,80.3443,79.4589,78.5957,77.7538,76.9324,76.1307,75.3478,74.5831,73.8359,73.1055,72.3912,71.6926,71.009,70.34,69.685,69.0435,68.4151,67.7994,67.1959,66.6043,66.0241,65.4551,64.8968,64.349,63.8113,63.2834,62.765,62.256,61.7559,61.2645,60.7816,60.307,59.8404,59.3816,58.9305,58.4867,58.0501,57.6206,57.1979,56.7819,56.3723,55.9691,55.5721,55.1811
549.075,524.746,497.403,466.268,430.716,391.233,350.776,313.928,283.432,259.167,239.836,224.163,211.189,200.235,190.826,182.627,175.393,168.942,163.138,157.876,153.072,148.66,144.588,140.813,137.297,134.012,130.931,128.035,125.303,122.72,120.273,117.95,115.74,113.633,111.622,109.7,107.859,106.094,104.4,102.772,101.205,99.6959,98.2411,96.8372,95.4812,94.1703,92.9022,91.6744,90.4848,89.3315,88.2125,87.1263,86.0711,85.0456,84.0484,83.0781,82.1336,81.2138,80.3175,79.4438,78.5917,77.7604,76.949,76.1568,75.383,74.6269,73.8878,73.1652,72.4584,71.7668,71.09,70.4274,69.7785,69.1428,68.52,67.9096,67.3112,66.7245,66.1489,65.5843,65.0303,64.4865,63.9527,63.4285,62.9137,62.408,61.9111,61.4229,60.943,60.4712,60.0073,59.5512,59.1025,58.6611,58.2269,57.7995,57.3789,56.9649,56.5573,56.1559,55.7607
550.295,526.271,499.361,468.848,434.148,395.644,355.912,319.199,288.379,263.637,243.845,227.777,214.474,203.248,193.614,185.225,177.828,171.238,165.313,159.944,155.046,150.551,146.404,142.56,138.982,135.64,132.508,129.563,126.787,124.163,121.678,119.319,117.075,114.937,112.896,110.946,109.079,107.289,105.571,103.92,102.332,100.802,99.3276,97.9049,96.5309,95.2028,93.9181,92.6744,91.4696,90.3015,89.1684,88.0685,87.0001,85.9619,84.9523,83.9701,83.0141,82.083,81.1759,80.2916,79.4294,78.5881,77.7671,76.9656,76.1826,75.4177,74.67,73.9389,73.2239,72.5243,71.8397,71.1695,70.5131,69.8702,69.2403,68.623,68.0178,67.4244,66.8424,66.2715,65.7112,65.1614,64.6216,64.0916,63.5711,63.0598,62.5574,62.0638,61.5786,61.1016,60.6327,60.1715,59.718,59.2718,58.8328,58.4008,57.9756,57.5571,57.1451,56.7394,56.3399
551.494,527.763,501.266,471.34,437.442,399.869,360.869,324.357,293.278,268.096,247.86,231.402,217.772,206.275,196.413,187.832,180.273,173.543,167.495,162.019,157.026,152.446,148.223,144.31,140.67,137.271,134.087,131.094,128.273,125.608,123.084,120.689,118.412,116.242,114.172,112.193,110.299,108.484,106.742,105.068,103.459,101.908,100.414,98.9728,97.5808,96.2355,94.9342,93.6746,92.4544,91.2716,90.1243,89.0107,87.9291,86.8781,85.8562,84.862,83.8944,82.9521,82.0341,81.1394,80.2669,79.4157,78.585,77.7741,76.982,76.2082,75.4518,74.7123,73.9891,73.2816,72.5891,71.9113,71.2475,70.5973,69.9603,69.3361,68.7241,68.1241,67.5356,66.9583,66.3919,65.8359,65.2902,64.7543,64.2281,63.7112,63.2034,62.7043,62.2139,61.7317,61.2577,60.7915,60.3331,59.8821,59.4383,59.0017,58.572,58.149,57.7325,57.3225,56.9187
552.673,529.225,503.122,473.751,440.607,403.92,365.652,329.398,298.122,272.539,251.876,235.036,221.081,209.312,199.223,190.45,182.726,175.854,169.684,164.1,159.011,154.346,150.046,146.065,142.362,138.905,135.668,132.627,129.761,127.055,124.492,122.061,119.749,117.548,115.448,113.441,111.52,109.68,107.914,106.218,104.586,103.015,101.501,100.041,98.631,97.2683,95.9504,94.6748,93.4393,92.2417,91.0802,89.9528,88.858,87.7942,86.7599,85.7538,84.7746,83.8211,82.8922,81.9869,81.1041,80.243,79.4027,78.5823,77.7811,76.9984,76.2334,75.4855,74.754,74.0385,73.3382,72.6527,71.9815,71.3241,70.68,70.0488,69.4301,68.8234,68.2285,67.6448,67.0721,66.5101,65.9584,65.4167,64.8848,64.3623,63.849,63.3445,62.8488,62.3615,61.8823,61.4112,60.9478,60.492,60.0435,59.6023,59.168,58.7405,58.3196,57.9053,57.4972
553.833,530.657,504.931,476.087,443.654,407.808,370.266,334.319,302.906,276.96,255.89,238.676,224.4,212.359,202.042,193.076,185.187,178.173,171.879,166.186,161.001,156.25,151.873,147.822,144.056,140.542,137.252,134.162,131.251,128.503,125.902,123.434,121.089,118.855,116.725,114.69,112.742,110.877,109.087,107.367,105.714,104.123,102.589,101.11,99.6813,98.3013,96.9667,95.6752,94.4242,93.2118,92.036,90.8949,89.7868,88.7102,87.6635,86.6454,85.6546,84.6898,83.7501,82.8342,81.9412,81.0701,80.2201,79.3904,78.58,77.7884,77.0147,76.2584,75.5187,74.7951,74.087,73.3939,72.7153,72.0506,71.3994,70.7612,70.1357,69.5224,68.921,68.331,67.7521,67.184,66.6263,66.0788,65.5411,65.013,64.4942,63.9844,63.4834,62.9909,62.5066,62.0305,61.5622,61.1016,60.6484,60.2025,59.7636,59.3316,58.9064,58.4877,58.0754
554.975,532.061,506.695,478.351,446.589,411.543,374.717,339.116,307.623,281.355,259.9,242.321,227.726,215.416,204.87,195.71,187.656,180.499,174.08,168.278,162.996,158.159,153.705,149.583,145.754,142.182,138.838,135.699,132.743,129.953,127.312,124.808,122.429,120.163,118.003,115.939,113.965,112.074,110.26,108.518,106.842,105.23,103.677,102.178,100.732,99.3344,97.9832,96.6755,95.4092,94.1819,92.9918,91.8369,90.7155,89.626,88.5669,87.5368,86.5344,85.5584,84.6077,83.6813,82.778,81.897,81.0373,80.1981,79.3786,78.5781,77.7957,77.0309,76.283,75.5514,74.8355,74.1348,73.4487,72.7767,72.1184,71.4733,70.841,70.2211,69.6131,69.0168,68.4317,67.8575,67.2939,66.7405,66.1971,65.6634,65.1391,64.6239,64.1176,63.6199,63.1306,62.6495,62.1763,61.7108,61.2529,60.8023,60.3589,59.9224,59.4928,59.0697,58.6532
556.099,533.437,508.418,480.549,449.422,415.136,379.012,343.788,312.268,285.719,263.899,245.967,231.059,218.48,207.707,198.353,190.132,182.831,176.287,170.375,164.996,160.072,155.539,151.348,147.454,143.824,140.427,137.239,134.237,131.405,128.725,126.184,123.77,121.473,119.282,117.19,115.188,113.272,111.433,109.668,107.971,106.338,104.764,103.247,101.783,100.368,98.9996,97.6759,96.3941,95.152,93.9476,92.7789,91.6442,90.5418,89.4703,88.4281,87.4141,86.4268,85.4652,84.5281,83.6146,82.7236,81.8542,81.0056,80.1769,79.3675,78.5765,77.8032,77.0471,76.3074,75.5837,74.8753,74.1817,73.5025,72.8371,72.185,71.546,70.9194,70.3049,69.7022,69.1109,68.5307,67.9611,67.4019,66.8528,66.3135,65.7836,65.263,64.7514,64.2486,63.7542,63.268,62.79,62.3197,61.857,61.4018,60.9538,60.5129,60.0788,59.6514,59.2306
557.205,534.789,510.101,482.684,452.159,418.595,383.157,348.336,316.837,290.045,267.887,249.612,234.397,221.552,210.551,201.002,192.615,185.169,178.5,172.477,167,161.988,157.378,153.115,149.157,145.468,142.018,138.78,135.733,132.858,130.139,127.561,125.113,122.783,120.562,118.441,116.412,114.47,112.608,110.819,109.1,107.446,105.853,104.316,102.833,101.401,100.016,98.6764,97.3791,96.1221,94.9033,93.7207,92.5727,91.4574,90.3735,89.3193,88.2936,87.295,86.3225,85.3748,84.451,83.55,82.6709,81.8128,80.975,80.1566,79.3569,78.5752,77.8108,77.0631,76.3315,75.6155,74.9145,74.228,73.5554,72.8965,72.2506,71.6174,70.9964,70.3874,69.7898,69.2035,68.6279,68.0629,67.5081,66.9631,66.4278,65.9018,65.3849,64.8769,64.3774,63.8863,63.4033,62.9282,62.4608,62.001,61.5484,61.103,60.6645,60.2328,59.8077
558.295,536.115,511.745,484.761,454.806,421.929,387.158,352.76,321.325,294.331,271.857,253.254,237.737,224.629,213.401,203.658,195.104,187.514,180.718,174.584,169.008,163.909,159.219,154.885,150.863,147.115,143.611,140.323,137.23,134.312,131.554,128.939,126.456,124.094,121.842,119.692,117.637,115.669,113.782,111.971,110.23,108.555,106.941,105.385,103.884,102.434,101.033,99.6768,98.364,97.0921,95.8589,94.6625,93.5011,92.3729,91.2765,90.2102,89.1728,88.163,87.1795,86.2212,85.2871,84.3761,83.4873,82.6198,81.7728,80.9454,80.137,79.3468,78.5742,77.8185,77.0791,76.3554,75.6469,74.9531,74.2735,73.6075,72.9548,72.315,71.6875,71.0721,70.4684,69.8759,69.2944,68.7235,68.163,67.6124,67.0716,66.5403,66.0181,65.5048,65.0003,64.5042,64.0163,63.5364,63.0643,62.5997,62.1426,61.6927,61.2498,60.8138,60.3844
559.369,537.418,513.354,486.782,457.368,425.145,391.023,357.062,325.729,298.572,275.808,256.89,241.079,227.71,216.257,206.32,197.599,189.863,182.94,176.695,171.02,165.833,161.064,156.659,152.572,148.764,145.206,141.868,138.729,135.769,132.97,130.318,127.801,125.406,123.123,120.945,118.862,116.868,114.957,113.122,111.359,109.663,108.03,106.455,104.935,103.468,102.049,100.677,99.3489,98.062,96.8144,95.6042,94.4293,93.2883,92.1793,91.101,90.0519,89.0308,88.0363,87.0674,86.1229,85.2019,84.3034,83.4264,82.5702,81.734,80.9168,80.1182,79.3373,78.5735,77.8263,77.095,76.379,75.6779,74.9911,74.3182,73.6587,73.0122,72.3783,71.7565,71.1466,70.548,69.9605,69.3838,68.8176,68.2614,67.7151,67.1783,66.6509,66.1324,65.6228,65.1217,64.6289,64.1442,63.6673,63.1982,62.7365,62.2821,61.8348,61.3944,60.9608
560.427,538.697,514.929,488.75,459.852,428.252,394.757,361.243,330.048,302.763,279.736,260.518,244.42,230.794,219.118,208.988,200.099,192.218,185.168,178.81,173.036,167.76,162.912,158.435,154.283,150.416,146.803,143.415,140.229,137.226,134.388,131.699,129.146,126.719,124.406,122.198,120.088,118.068,116.132,114.275,112.489,110.772,109.118,107.524,105.987,104.501,103.066,101.678,100.334,99.0319,97.7699,96.5457,95.3575,94.2034,93.082,91.9916,90.9308,89.8983,88.8929,87.9133,86.9585,86.0275,85.1192,84.2328,83.3674,82.5222,81.6964,80.8892,80.1001,79.3283,78.5732,77.8342,77.1107,76.4023,75.7084,75.0286,74.3623,73.7092,73.0687,72.4406,71.8244,71.2197,70.6263,70.0438,69.4718,68.91,68.3582,67.816,67.2833,66.7597,66.2449,65.7388,65.2411,64.7516,64.27,63.7962,63.33,62.8711,62.4194,61.9747,61.5368
561.471,539.955,516.47,490.669,462.261,431.255,398.368,365.306,334.28,306.902,283.637,264.135,247.758,233.88,221.982,211.66,202.603,194.577,187.4,180.93,175.056,169.691,164.763,160.214,155.996,152.069,148.401,144.963,141.731,138.685,135.806,133.08,130.493,128.032,125.688,123.452,121.314,119.269,117.308,115.427,113.62,111.881,110.207,108.594,107.038,105.535,104.083,102.678,101.319,100.002,98.7252,97.4871,96.2854,95.1184,93.9845,92.8819,91.8094,90.7656,89.7492,88.7589,87.7938,86.8527,85.9347,85.0389,84.1643,83.3101,82.4756,81.6599,80.8625,80.0826,79.3197,78.573,77.8421,77.1264,76.4254,75.7386,75.0655,74.4057,73.7588,73.1243,72.5018,71.8911,71.2917,70.7033,70.1256,69.5582,69.0009,68.4534,67.9153,67.3865,66.8667,66.3556,65.853,65.3586,64.8724,64.3939,63.9231,63.4598,63.0037,62.5546,62.1125
562.5,541.192,517.981,492.54,464.6,434.161,401.86,369.253,338.422,310.986,287.509,267.738,251.092,236.966,224.849,214.335,205.112,196.941,189.635,183.053,177.079,171.625,166.617,161.995,157.711,153.725,150.002,146.513,143.235,140.145,137.226,134.462,131.84,129.346,126.972,124.706,122.541,120.47,118.484,116.58,114.75,112.99,111.296,109.664,108.089,106.569,105.099,103.678,102.303,100.971,99.6804,98.4284,97.2132,96.0333,94.8867,93.7721,92.6878,91.6327,90.6052,89.6043,88.6289,87.6777,86.75,85.8446,84.9608,84.0977,83.2544,82.4303,81.6246,80.8367,80.0659,79.3116,78.5732,77.8502,77.142,76.4482,75.7683,75.1019,74.4484,73.8076,73.1789,72.5621,71.9567,71.3625,70.779,70.2061,69.6433,69.0903,68.547,68.013,67.4881,66.972,66.4645,65.9653,65.4743,64.9912,64.5159,64.048,63.5875,63.1342,62.6878
563.515,542.408,519.461,494.367,466.874,436.975,405.241,373.089,342.476,315.012,291.348,271.326,254.42,240.052,227.718,217.014,207.625,199.308,191.875,185.179,179.106,173.562,168.473,163.779,159.429,155.382,151.604,148.065,144.739,141.606,138.647,135.846,133.188,130.661,128.256,125.961,123.768,121.671,119.661,117.733,115.881,114.1,112.385,110.734,109.14,107.602,106.116,104.679,103.288,101.941,100.635,99.3694,98.1409,96.9479,95.7888,94.662,93.566,92.4995,91.461,90.4494,89.4636,88.5024,87.5649,86.6501,85.7571,84.8849,84.033,83.2004,82.3864,81.5904,80.8117,80.0497,79.3039,78.5735,77.8583,77.1575,76.4708,75.7977,75.1378,74.4905,73.8557,73.2327,72.6214,72.0213,71.4321,70.8535,70.2852,69.7269,69.1783,68.6391,68.1091,67.588,67.0756,66.5717,66.0759,65.5882,65.1083,64.636,64.1711,63.7134,63.2627
564.516,543.605,520.913,496.151,469.085,439.703,408.516,376.816,346.44,318.977,295.152,274.895,257.74,243.135,230.588,219.696,210.141,201.678,194.118,187.309,181.135,175.501,170.332,165.565,161.149,157.042,153.208,149.618,146.245,143.069,140.069,137.23,134.537,131.977,129.54,127.216,124.996,122.872,120.838,118.886,117.012,115.209,113.475,111.803,110.192,108.636,107.132,105.679,104.272,102.91,101.59,100.31,99.0683,97.8623,96.6906,95.5517,94.4439,93.366,92.3165,91.2943,90.2981,89.3268,88.3796,87.4552,86.553,85.6719,84.8112,83.9701,83.1478,82.3437,81.5572,80.7875,80.0342,79.2966,78.5742,77.8664,77.1729,76.4932,75.8267,75.1731,74.532,73.903,73.2857,72.6798,72.0848,71.5006,70.9268,70.3631,69.8092,69.2649,68.7298,68.2037,67.6864,67.1776,66.6772,66.1848,65.7003,65.2235,64.7542,64.2922,63.8373
565.504,544.783,522.337,497.895,471.238,442.349,411.689,380.438,350.315,322.879,298.919,278.445,261.05,246.215,233.458,222.378,212.659,204.052,196.363,189.442,183.167,177.443,172.193,167.353,162.87,158.703,154.814,151.172,147.752,144.532,141.492,138.615,135.886,133.294,130.825,128.472,126.224,124.074,122.015,120.039,118.143,116.319,114.564,112.873,111.243,109.669,108.149,106.679,105.257,103.88,102.545,101.251,99.9955,98.7765,97.5922,96.4411,95.3216,94.2323,93.1717,92.1388,91.1322,90.1509,89.1939,88.26,87.3485,86.4585,85.589,84.7394,83.9089,83.0967,82.3023,81.525,80.7641,80.0192,79.2897,78.575,77.8747,77.1882,76.5153,75.8553,75.208,74.5729,73.9496,73.3378,72.7372,72.1474,71.5681,70.999,70.4398,69.8902,69.3501,68.819,68.2968,67.7832,67.278,66.781,66.292,65.8107,65.337,64.8707,64.4115
566.479,545.943,523.735,499.601,473.335,444.918,414.767,383.959,354.102,326.718,302.645,281.971,264.349,249.29,236.327,225.062,215.179,206.428,198.612,191.577,185.202,179.388,174.056,169.142,164.594,160.365,156.42,152.728,149.261,145.997,142.915,140,137.236,134.61,132.111,129.728,127.453,125.276,123.192,121.193,119.274,117.429,115.653,113.943,112.294,110.703,109.165,107.679,106.241,104.849,103.5,102.192,100.923,99.6904,98.4936,97.3303,96.199,95.0982,94.0267,92.983,91.9661,90.9747,90.0079,89.0645,88.1438,87.2447,86.3665,85.5084,84.6696,83.8494,83.0471,82.2621,81.4937,80.7415,80.0048,79.2832,78.576,77.8829,77.2035,76.5371,75.8836,75.2424,74.6131,73.9955,73.3891,72.7937,72.2089,71.6344,71.07,70.5152,69.97,69.4339,68.9068,68.3884,67.8785,67.3769,66.8833,66.3975,65.9194,65.4487,64.9853
567.442,547.085,525.108,501.27,475.379,447.414,417.753,387.381,357.802,330.492,306.329,285.473,267.634,252.359,239.193,227.746,217.701,208.805,200.862,193.714,187.238,181.334,175.921,170.934,166.319,162.029,158.029,154.285,150.77,147.462,144.34,141.387,138.587,135.928,133.397,130.985,128.681,126.478,124.369,122.347,120.405,118.539,116.743,115.013,113.345,111.736,110.182,108.679,107.225,105.818,104.454,103.132,101.849,100.604,99.3947,98.2192,97.0761,95.9639,94.8813,93.8269,92.7996,91.7981,90.8215,89.8687,88.9387,88.0307,87.1437,86.2771,85.43,84.6017,83.7915,82.9988,82.223,81.4634,80.7196,79.991,79.277,78.5773,77.8913,77.2186,76.5588,75.9115,75.2763,74.6528,74.0407,73.4397,72.8494,72.2695,71.6998,71.1398,70.5895,70.0484,69.5164,68.9932,68.4786,67.9723,67.4742,66.984,66.5015,66.0265,65.5588
568.392,548.211,526.456,502.904,477.372,449.842,420.653,390.709,361.415,334.201,309.969,288.948,270.905,255.42,242.056,230.429,220.223,211.185,203.115,195.854,189.277,183.283,177.788,172.728,168.045,163.695,159.638,155.842,152.28,148.928,145.765,142.774,139.939,137.246,134.684,132.242,129.91,127.681,125.547,123.5,121.536,119.648,117.832,116.083,114.397,112.769,111.198,109.679,108.209,106.787,105.408,104.072,102.776,101.518,100.296,99.1078,97.9529,96.8293,95.7356,94.6706,93.6328,92.6213,91.6348,90.6725,89.7332,88.8162,87.9205,87.0454,86.1899,85.3536,84.5355,83.7351,82.9518,82.1849,81.434,80.6984,79.9776,79.2712,78.5787,77.8996,77.2336,76.5802,75.939,75.3097,74.6919,74.0853,73.4895,72.9042,72.3292,71.7641,71.2086,70.6626,70.1257,69.5977,69.0783,68.5674,68.0647,67.57,67.0831,66.6038,66.1319
569.331,549.319,527.781,504.504,479.319,452.204,423.47,393.947,364.945,337.842,313.563,292.395,274.159,258.472,244.915,233.111,222.746,213.565,205.368,197.995,191.318,185.233,179.657,174.523,169.773,165.361,161.249,157.401,153.792,150.395,147.191,144.162,141.29,138.564,135.971,133.499,131.139,128.884,126.724,124.654,122.668,120.758,118.922,117.153,115.448,113.803,112.214,110.678,109.193,107.755,106.362,105.012,103.702,102.431,101.196,99.9962,98.8295,97.6944,96.5897,95.5138,94.4657,93.444,92.4478,91.4759,90.5274,89.6014,88.697,87.8133,86.9496,86.1051,85.2792,84.4711,83.6803,82.9061,82.148,81.4054,80.6778,79.9648,79.2657,78.5803,77.908,77.2485,76.6014,75.9662,75.3427,74.7305,74.1292,73.5385,72.9582,72.3879,71.8274,71.2764,70.7346,70.2018,69.6777,69.1621,68.6549,68.1557,67.6644,67.1808,66.7047
570.258,550.412,529.083,506.072,481.219,454.504,426.209,397.096,368.391,341.417,317.111,295.812,277.395,261.514,247.769,235.791,225.268,215.946,207.623,200.138,193.36,187.184,181.527,176.319,171.502,167.029,162.86,158.961,155.304,151.863,148.618,145.55,142.643,139.883,137.258,134.756,132.369,130.087,127.902,125.808,123.799,121.868,120.011,118.222,116.499,114.836,113.23,111.678,110.176,108.723,107.316,105.952,104.628,103.344,102.096,100.884,99.7057,98.5592,97.4434,96.3568,95.2982,94.2665,93.2604,92.279,91.3213,90.3862,89.473,88.5808,87.7088,86.8562,86.0224,85.2067,84.4084,83.6269,82.8616,82.112,81.3776,80.6579,79.9524,79.2606,78.5821,77.9165,77.2634,76.6224,75.9931,75.3753,74.7685,74.1724,73.5868,73.0114,72.4458,71.8897,71.3431,70.8054,70.2767,69.7565,69.2447,68.741,68.2453,67.7574,67.277
571.174,551.489,530.364,507.61,483.077,456.745,428.873,400.162,371.757,344.925,320.61,299.196,280.612,264.545,250.617,238.467,227.788,218.327,209.879,202.282,195.403,189.137,183.399,178.116,173.232,168.698,164.473,160.522,156.817,153.331,150.045,146.939,143.996,141.202,138.545,136.014,133.599,131.29,129.08,126.963,124.93,122.978,121.1,119.292,117.55,115.868,114.245,112.677,111.16,109.692,108.269,106.891,105.554,104.256,102.996,101.772,100.582,99.4236,98.2967,97.1994,96.1304,95.0886,94.0727,93.0818,92.1147,91.1707,90.2487,89.348,88.4677,87.607,86.7653,85.9419,85.136,84.3472,83.5748,82.8183,82.0771,81.3507,80.6386,79.9405,79.2557,78.584,77.925,77.2781,76.6431,76.0197,75.4074,74.8059,74.2151,73.6344,73.0637,72.5027,71.9512,71.4087,70.8753,70.3504,69.8341,69.326,68.8259,68.3336,67.849
572.08,552.552,531.624,509.118,484.893,458.93,431.466,403.148,375.043,348.367,324.06,302.548,283.808,267.563,253.457,241.14,230.308,220.708,212.135,204.426,197.447,191.091,185.271,179.915,174.964,170.368,166.086,162.083,158.33,154.801,151.473,148.328,145.349,142.522,139.833,137.272,134.828,132.493,130.258,128.117,126.062,124.088,122.189,120.362,118.6,116.901,115.261,113.676,112.143,110.659,109.223,107.83,106.479,105.169,103.896,102.659,101.457,100.288,99.1497,98.0417,96.9622,95.9103,94.8846,93.8841,92.9078,91.9548,91.024,90.1148,89.2261,88.3574,87.5078,86.6767,85.8633,85.0672,84.2877,83.5241,82.7761,82.043,81.3245,80.62,79.929,79.2512,78.5861,77.9335,77.2927,76.6637,76.0459,75.4391,74.8429,74.2571,73.6813,73.1153,72.5589,72.0117,71.4735,70.944,70.4231,69.9105,69.4061,68.9095,68.4206
572.975,553.6,532.864,510.598,486.67,461.061,433.991,406.056,378.253,351.742,327.459,305.865,286.981,270.568,256.29,243.808,232.825,223.087,214.391,206.571,199.492,193.046,187.145,181.715,176.696,172.038,167.7,163.646,159.844,156.27,152.901,149.717,146.702,143.841,141.121,138.53,136.058,133.696,131.436,129.271,127.193,125.197,123.278,121.431,119.651,117.934,116.276,114.675,113.126,111.627,110.176,108.769,107.405,106.081,104.795,103.546,102.332,101.152,100.002,98.8836,97.7937,96.7316,95.6961,94.6861,93.7005,92.7385,91.799,90.8811,89.9842,89.1074,88.2499,87.4111,86.5902,85.7868,85.0001,84.2296,83.4747,82.735,82.0099,81.299,80.6018,79.918,79.2469,78.5884,77.942,77.3073,76.684,76.0718,75.4704,74.8794,74.2985,73.7276,73.1662,72.6142,72.0713,71.5372,71.0118,70.4947,69.9858,69.485,68.9918
573.859,554.634,534.084,512.051,488.41,463.142,436.451,408.89,381.388,355.052,330.808,309.146,290.13,273.557,259.113,246.471,235.339,225.466,216.647,208.716,201.538,195.002,189.019,183.515,178.429,173.71,169.315,165.208,161.359,157.74,154.33,151.107,148.056,145.161,142.409,139.788,137.288,134.9,132.614,130.425,128.324,126.307,124.367,122.5,120.701,118.966,117.291,115.673,114.109,112.594,111.128,109.707,108.33,106.993,105.694,104.433,103.207,102.015,100.855,99.7251,98.6248,97.5526,96.5073,95.4877,94.4929,93.5218,92.5735,91.6471,90.7419,89.857,88.9916,88.1451,87.3167,86.5059,85.7121,84.9346,84.173,83.4266,82.695,81.9777,81.2743,80.5843,79.9073,79.2429,78.5908,77.9505,77.3217,76.7042,76.0974,75.5013,74.9153,74.3394,73.7731,73.2163,72.6687,72.13,71.6,71.0785,70.5653,70.0601,69.5627
574.734,555.654,535.286,513.477,490.113,465.175,438.85,411.652,384.449,358.297,334.106,312.39,293.255,276.53,261.926,249.128,237.849,227.842,218.902,210.861,203.583,196.958,190.893,185.316,180.162,175.382,170.93,166.772,162.874,159.211,155.758,152.497,149.41,146.481,143.697,141.047,138.518,136.103,133.792,131.579,129.456,127.416,125.456,123.569,121.751,119.998,118.306,116.671,115.091,113.562,112.081,110.646,109.254,107.904,106.593,105.32,104.082,102.878,101.707,100.566,99.4555,98.3732,97.318,96.2889,95.2848,94.3047,93.3476,92.4127,91.4992,90.6061,89.7329,88.8787,88.0428,87.2247,86.4237,85.6393,84.8708,84.1177,83.3796,82.656,81.9463,81.2503,80.5673,79.8971,79.2392,78.5933,77.9591,77.3361,76.7241,76.1228,75.5318,74.9508,74.3797,73.8181,73.2657,72.7224,72.1879,71.6619,71.1443,70.6348,70.1332
575.599,556.661,536.469,514.879,491.782,467.161,441.19,414.346,387.441,361.478,337.352,315.597,296.354,279.486,264.728,251.778,240.356,230.216,221.155,213.005,205.629,198.914,192.768,187.117,181.896,177.054,172.546,168.335,164.389,160.681,157.188,153.888,150.764,147.802,144.986,142.305,139.748,137.306,134.97,132.733,130.587,128.526,126.545,124.638,122.801,121.03,119.321,117.67,116.073,114.528,113.033,111.584,110.178,108.815,107.491,106.206,104.956,103.741,102.558,101.407,100.286,99.1934,98.1284,97.0897,96.0763,95.0872,94.1214,93.1779,92.256,91.3549,90.4737,89.6118,88.7685,87.9431,87.1349,86.3435,85.5682,84.8085,84.0639,83.3338,82.618,81.9158,81.2269,80.5508,79.8872,79.2357,78.596,77.9676,77.3504,76.7438,76.1478,75.5619,74.9858,74.4194,73.8624,73.3144,72.7754,72.2449,71.7229,71.2091,70.7033
576.454,557.656,537.635,516.257,493.418,469.103,443.474,416.974,390.363,364.596,340.547,318.765,299.425,282.424,267.518,254.42,242.857,232.587,223.407,215.149,207.674,200.87,194.644,188.918,183.631,178.727,174.162,169.899,165.905,162.152,158.617,155.278,152.119,149.122,146.274,143.563,140.978,138.509,136.148,133.886,131.717,129.635,127.633,125.707,123.851,122.062,120.335,118.667,117.055,115.495,113.985,112.521,111.102,109.726,108.389,107.091,105.83,104.603,103.409,102.247,101.116,100.013,98.9384,97.8901,96.8675,95.8693,94.8947,93.9427,93.0125,92.1033,91.2142,90.3446,89.4938,88.661,87.8457,87.0473,86.2652,85.4988,84.7477,84.0113,83.2892,82.5809,81.886,81.2041,80.5348,79.8777,79.2325,78.5988,77.9762,77.3645,76.7634,76.1725,75.5916,75.0204,74.4586,73.9061,73.3625,72.8276,72.3012,71.783,71.273
577.301,558.637,538.784,517.611,495.022,471.003,445.705,419.539,393.219,367.653,343.69,321.894,302.469,285.343,270.295,257.054,245.353,234.955,225.657,217.291,209.719,202.826,196.519,190.72,185.365,180.4,175.779,171.463,167.421,163.623,160.046,156.669,153.473,150.442,147.563,144.822,142.208,139.712,137.326,135.04,132.848,130.744,128.721,126.775,124.901,123.093,121.349,119.665,118.036,116.461,114.936,113.458,112.026,110.636,109.287,107.977,106.703,105.465,104.26,103.087,101.945,100.833,99.7479,98.6902,97.6582,96.651,95.6676,94.7071,93.7686,92.8512,91.9543,91.077,90.2186,89.3785,88.5561,87.7507,86.9617,86.1887,85.4311,84.6883,83.96,83.2456,82.5448,81.857,81.182,80.5193,79.8686,79.2295,78.6017,77.9848,77.3786,76.7827,76.197,75.621,75.0545,74.4973,73.9492,73.4098,72.879,72.3566,71.8423
578.138,559.607,539.916,518.943,496.596,472.862,447.883,422.044,396.011,370.648,346.782,324.983,305.484,288.242,273.059,259.679,247.844,237.319,227.904,219.432,211.762,204.781,198.394,192.522,187.1,182.073,177.395,173.028,168.937,165.095,161.476,158.06,154.828,151.763,148.851,146.08,143.438,140.915,138.503,136.193,133.979,131.853,129.809,127.843,125.95,124.124,122.363,120.662,119.018,117.427,115.887,114.395,112.949,111.546,110.184,108.862,107.576,106.327,105.111,103.927,102.775,101.652,100.557,99.4897,98.4485,97.4323,96.4401,95.471,94.5242,93.5987,92.6939,91.8089,90.943,90.0956,89.266,88.4537,87.6579,86.8782,86.1141,85.3649,84.6304,83.9099,83.2031,82.5095,81.8288,81.1605,80.5043,79.8598,79.2267,78.6047,77.9934,77.3926,76.8019,76.2211,75.65,75.0882,74.5355,73.9917,73.4565,72.9298,72.4113
578.966,560.565,541.032,520.253,498.14,474.683,450.013,424.49,398.741,373.583,349.822,328.032,308.469,291.12,275.809,262.294,250.327,239.678,230.149,221.571,213.805,206.736,200.268,194.323,188.834,183.746,179.012,174.592,170.453,166.566,162.906,159.451,156.182,153.083,150.139,147.338,144.668,142.118,139.681,137.347,135.109,132.961,130.897,128.911,126.999,125.155,123.376,121.659,119.998,118.392,116.838,115.332,113.872,112.456,111.081,109.746,108.449,107.188,105.961,104.766,103.603,102.47,101.366,100.289,99.2384,98.2131,97.2122,96.2345,95.2794,94.3458,93.4331,92.5404,91.667,90.8123,89.9756,89.1562,88.3536,87.5673,86.7966,86.0411,85.3004,84.5738,83.861,83.1616,82.4752,81.8013,81.1396,80.4897,79.8514,79.2242,78.6078,78.002,77.4065,76.8209,76.245,75.6786,75.1214,74.5731,74.0336,73.5026,72.9798
579.786,561.511,542.133,521.542,499.657,476.466,452.095,426.881,401.41,376.461,352.812,331.04,311.424,293.976,278.543,264.899,252.804,242.033,232.39,223.707,215.846,208.69,202.142,196.124,190.568,185.419,180.628,176.156,171.969,168.037,164.335,160.841,157.536,154.403,151.427,148.596,145.897,143.321,140.858,138.5,136.239,134.069,131.984,129.979,128.047,126.186,124.39,122.655,120.979,119.357,117.788,116.268,114.794,113.365,111.978,110.63,109.321,108.048,106.81,105.605,104.432,103.288,102.174,101.088,100.028,98.9935,97.9838,96.9976,96.0341,95.0925,94.1718,93.2715,92.3906,91.5285,90.6846,89.8583,89.0489,88.2559,87.4787,86.7169,85.9699,85.2373,84.5185,83.8133,83.1211,82.4416,81.7745,81.1192,80.4756,79.8432,79.2218,78.611,78.0106,77.4203,76.8397,76.2687,75.7069,75.1542,74.6103,74.075,73.548
580.597,562.447,543.22,522.811,501.146,478.214,454.133,429.217,404.021,379.281,355.751,334.008,314.348,296.809,281.261,267.493,255.273,244.383,234.627,225.842,217.885,210.642,204.016,197.925,192.302,187.091,182.244,177.72,173.485,169.508,165.765,162.232,158.89,155.723,152.715,149.854,147.127,144.523,142.035,139.652,137.369,135.177,133.072,131.046,129.096,127.216,125.402,123.651,121.959,120.322,118.738,117.204,115.716,114.274,112.874,111.514,110.193,108.909,107.659,106.443,105.259,104.106,102.982,101.886,100.817,99.7735,98.755,97.7603,96.7885,95.8387,94.9102,94.0021,93.1137,92.2443,91.3933,90.56,89.7438,88.9441,88.1604,87.3922,86.639,85.9003,85.1756,84.4645,83.7666,83.0816,82.4089,81.7483,81.0994,80.4619,79.8354,79.2197,78.6144,78.0192,77.434,76.8583,76.2921,75.7349,75.1866,74.647,74.1158
581.4,563.371,544.291,524.061,502.609,479.928,456.127,431.503,406.576,382.045,358.64,336.935,317.24,299.62,283.963,270.074,257.733,246.726,236.861,227.973,219.923,212.593,205.888,199.725,194.036,188.764,183.86,179.284,175.001,170.979,167.194,163.622,160.244,157.043,154.003,151.111,148.356,145.725,143.211,140.805,138.498,136.285,134.158,132.113,130.144,128.246,126.415,124.647,122.939,121.287,119.688,118.139,116.638,115.182,113.769,112.397,111.064,109.769,108.508,107.281,106.087,104.923,103.789,102.684,101.605,100.553,99.5257,98.5225,97.5424,96.5845,95.6481,94.7323,93.8364,92.9597,92.1015,91.2612,90.4382,89.6319,88.8417,88.0671,87.3077,86.5629,85.8322,85.1153,84.4117,83.7211,83.0429,82.377,81.7228,81.0801,80.4486,79.8279,79.2177,78.6178,78.0278,77.4476,76.8768,76.3152,75.7625,75.2186,74.6832
582.195,564.285,545.348,525.292,504.048,481.608,458.079,433.738,409.076,384.755,361.48,339.82,320.101,302.406,286.647,272.644,260.185,249.064,239.09,230.101,221.958,214.543,207.759,201.524,195.768,190.435,185.476,180.848,176.516,172.45,168.623,165.012,161.598,158.363,155.291,152.369,149.584,146.927,144.388,141.957,139.628,137.392,135.245,133.18,131.191,129.275,127.427,125.642,123.918,122.25,120.637,119.074,117.559,116.09,114.665,113.28,111.935,110.628,109.356,108.119,106.914,105.74,104.596,103.481,102.394,101.332,100.296,99.2842,98.2958,97.3298,96.3855,95.462,94.5586,93.6746,92.8093,91.962,91.1322,90.3192,89.5225,88.7416,87.9759,87.225,86.4884,85.7657,85.0564,84.3602,83.6766,83.0052,82.3458,81.698,81.0614,80.4357,79.8206,79.2159,78.6213,78.0364,77.4611,76.8951,76.338,75.7898,75.2502
582.983,565.188,546.392,526.504,505.462,483.257,459.992,435.926,411.523,387.412,364.272,342.665,322.929,305.168,289.313,275.2,262.628,251.394,241.315,232.226,223.991,216.491,209.629,203.321,197.5,192.107,187.091,182.411,178.031,173.92,170.052,166.402,162.951,159.682,156.578,153.626,150.813,148.129,145.564,143.109,140.756,138.499,136.331,134.246,132.238,130.304,128.438,126.637,124.897,123.214,121.585,120.008,118.48,116.998,115.559,114.163,112.806,111.487,110.204,108.956,107.74,106.557,105.403,104.278,103.181,102.111,101.066,100.046,99.0488,98.0747,97.1225,96.1913,95.2804,94.3891,93.5166,92.6624,91.8258,91.0061,90.2029,89.4157,88.6438,87.8868,87.1442,86.4157,85.7007,84.9988,84.3097,83.633,82.9684,82.3154,81.6737,81.0431,80.4232,79.8137,79.2144,78.6249,78.045,77.4745,76.9132,76.3607,75.8168
583.762,566.081,547.422,527.699,506.852,484.876,461.866,438.068,413.919,390.017,367.016,345.469,325.725,307.905,291.961,277.743,265.061,253.718,243.534,234.347,226.02,218.436,211.497,205.118,199.231,193.777,188.705,183.974,179.546,175.39,171.48,167.792,164.304,161.001,157.865,154.882,152.041,149.33,146.739,144.26,141.885,139.606,137.417,135.312,133.285,131.333,129.45,127.632,125.875,124.177,122.534,120.942,119.4,117.905,116.454,115.045,113.676,112.345,111.052,109.792,108.567,107.373,106.209,105.075,103.968,102.889,101.835,100.806,99.8013,98.8191,97.859,96.9202,96.0018,95.1031,94.2235,93.3623,92.5189,91.6926,90.8829,90.0892,89.3111,88.5481,87.7996,87.0652,86.3445,85.6371,84.9425,84.2604,83.5905,82.9323,82.2856,81.65,81.0253,80.411,79.807,79.2129,78.6286,78.0536,77.4879,76.9311,76.3831
584.534,566.965,548.44,528.877,508.221,486.466,463.703,440.166,416.267,392.572,369.712,348.232,328.487,310.617,294.59,280.272,267.483,256.034,245.747,236.464,228.047,220.38,213.363,206.914,200.961,195.446,190.319,185.536,181.06,176.86,172.908,169.181,165.657,162.319,159.151,156.138,153.269,150.531,147.915,145.411,143.013,140.712,138.502,136.377,134.332,132.361,130.46,128.626,126.853,125.14,123.482,121.876,120.32,118.811,117.347,115.926,114.546,113.204,111.898,110.628,109.392,108.188,107.015,105.871,104.755,103.667,102.604,101.567,100.553,99.5631,98.5951,97.6486,96.7227,95.8167,94.9299,94.0618,93.2115,92.3786,91.5624,90.7624,89.9781,89.2089,88.4545,87.7143,86.9879,86.2749,85.5748,84.8874,84.2122,83.5489,82.8972,82.2566,81.627,81.0079,80.3992,79.8006,79.2117,78.6323,78.0622,77.5012,76.9489
585.299,567.839,549.445,530.038,509.567,488.027,465.505,442.222,418.566,395.078,372.362,350.955,331.217,313.303,297.199,282.786,269.895,258.342,247.955,238.577,230.071,222.321,215.227,208.707,202.69,197.115,191.932,187.097,182.573,178.328,174.335,170.569,167.009,163.637,160.437,157.394,154.496,151.731,149.089,146.562,144.14,141.818,139.587,137.442,135.377,133.389,131.471,129.619,127.831,126.102,124.429,122.809,121.239,119.717,118.241,116.807,115.415,114.061,112.745,111.464,110.217,109.003,107.82,106.666,105.541,104.444,103.373,102.327,101.305,100.307,99.3307,98.3765,97.4431,96.5298,95.6359,94.7608,93.9037,93.0641,92.2414,91.4351,90.6446,89.8694,89.109,88.3629,87.6308,86.9122,86.2067,85.514,84.8335,84.1651,83.5082,82.8627,82.2283,81.6045,80.9911,80.3878,79.7944,79.2106,78.6361,78.0708,77.5143
586.057,568.704,550.437,531.184,510.892,489.561,467.273,444.236,420.819,397.536,374.967,353.638,333.914,315.963,299.788,285.285,272.295,260.642,250.156,240.684,232.091,224.259,217.09,210.499,204.417,198.782,193.544,188.657,184.086,179.797,175.762,171.957,168.361,164.955,161.723,158.65,155.723,152.931,150.264,147.712,145.267,142.923,140.671,138.506,136.423,134.416,132.48,130.612,128.808,127.064,125.376,123.742,122.158,120.623,119.134,117.688,116.283,114.918,113.591,112.299,111.042,109.818,108.624,107.461,106.327,105.221,104.141,103.086,102.056,101.05,100.066,99.1039,98.163,97.2424,96.3414,95.4593,94.5955,93.7492,92.92,92.1074,91.3106,90.5293,89.763,89.0111,88.2733,87.5492,86.8382,86.1401,85.4544,84.7808,84.1189,83.4685,82.8291,82.2006,81.5825,80.9746,80.3767,79.7885,79.2097,78.64,78.0794
586.807,569.559,551.418,532.313,512.197,491.069,469.007,446.211,423.028,399.947,377.527,356.281,336.577,318.596,302.357,287.769,274.683,262.933,252.351,242.787,234.107,226.194,218.949,212.29,206.143,200.448,195.155,190.217,185.598,181.264,177.188,173.344,169.712,166.272,163.008,159.904,156.949,154.13,151.438,148.862,146.394,144.027,141.755,139.57,137.468,135.443,133.49,131.605,129.785,128.025,126.322,124.674,123.077,121.528,120.026,118.568,117.151,115.775,114.436,113.134,111.866,110.632,109.429,108.256,107.113,105.997,104.908,103.845,102.807,101.792,100.801,99.8309,98.8825,97.9546,97.0465,96.1574,95.2867,94.4339,93.5982,92.7792,91.9762,91.1888,90.4166,89.6589,88.9154,88.1857,87.4692,86.7658,86.0748,85.3961,84.7292,84.0738,83.4296,82.7962,82.1735,81.561,80.9586,80.3659,79.7828,79.2089,78.644
587.551,570.406,552.387,533.427,513.482,492.552,470.711,448.148,425.194,402.314,380.043,358.885,339.207,321.202,304.905,290.236,277.06,265.214,254.539,244.885,236.119,228.126,220.807,214.078,207.867,202.113,196.764,191.776,187.109,182.731,178.613,174.731,171.063,167.588,164.292,161.159,158.175,155.329,152.611,150.011,147.52,145.132,142.838,140.634,138.512,136.469,134.499,132.597,130.761,128.986,127.268,125.605,123.995,122.433,120.918,119.447,118.019,116.631,115.281,113.968,112.69,111.445,110.232,109.05,107.897,106.773,105.675,104.604,103.557,102.534,101.535,100.557,99.6016,98.6663,97.7511,96.855,95.9776,95.118,94.2759,93.4505,92.6414,91.8479,91.0697,90.3062,89.5571,88.8217,88.0998,87.391,86.6948,86.0109,85.339,84.6786,84.0296,83.3915,82.7641,82.147,81.5401,80.943,80.3555,79.7773,79.2082
588.288,571.244,553.345,534.527,514.749,494.01,472.383,450.048,427.318,404.636,382.516,361.449,341.803,323.782,307.431,292.687,279.424,267.486,256.719,246.976,238.126,230.054,222.661,215.864,209.589,203.777,198.373,193.333,188.619,184.197,180.038,176.117,172.412,168.904,165.576,162.412,159.4,156.528,153.784,151.159,148.646,146.235,143.921,141.697,139.556,137.495,135.507,133.589,131.736,129.946,128.214,126.537,124.912,123.337,121.809,120.327,118.886,117.487,116.126,114.802,113.513,112.258,111.036,109.844,108.682,107.548,106.442,105.362,104.307,103.276,102.268,101.283,100.32,99.3776,98.4552,97.5522,96.6679,95.8018,94.9531,94.1214,93.306,92.5065,91.7224,90.9531,90.1982,89.4574,88.73,88.0158,87.3144,86.6254,85.9484,85.2831,84.6292,83.9863,83.3542,82.7326,82.1212,81.5197,80.9278,80.3454,79.7721
589.018,572.073,554.291,535.612,515.996,495.444,474.026,451.913,429.402,406.915,384.948,363.975,344.367,326.334,309.936,295.122,281.775,269.749,258.892,249.062,240.129,231.979,224.513,217.648,211.31,205.438,199.98,194.889,190.128,185.662,181.462,177.502,173.761,170.219,166.859,163.666,160.625,157.725,154.956,152.307,149.771,147.339,145.003,142.759,140.6,138.52,136.515,134.58,132.711,130.905,129.158,127.467,125.829,124.241,122.7,121.205,119.753,118.342,116.97,115.635,114.336,113.071,111.838,110.637,109.466,108.323,107.208,106.119,105.056,104.017,103.002,102.009,101.038,100.088,99.1588,98.2489,97.3578,96.485,95.6299,94.7918,93.9703,93.1647,92.3746,91.5995,90.839,90.0925,89.3597,88.6402,87.9335,87.2394,86.5573,85.8871,85.2284,84.5808,83.944,83.3178,82.7018,82.0959,81.4997,80.913,80.3355
589.742,572.894,555.227,536.684,517.226,496.856,475.641,453.743,431.447,409.153,387.338,366.464,346.898,328.859,312.419,297.539,284.112,272,261.057,251.142,242.127,233.9,226.362,219.429,213.028,207.098,201.585,196.444,191.636,187.126,182.885,178.887,175.11,171.534,168.142,164.918,161.849,158.922,156.128,153.455,150.895,148.441,146.085,143.821,141.642,139.544,137.522,135.57,133.686,131.865,130.103,128.397,126.745,125.144,123.591,122.083,120.619,119.196,117.813,116.467,115.158,113.883,112.64,111.43,110.249,109.097,107.973,106.876,105.805,104.758,103.734,102.734,101.756,100.799,99.862,98.9451,98.0472,97.1678,96.3062,95.4618,94.634,93.8224,93.0264,92.2455,91.4793,90.7273,89.989,89.2641,88.5522,87.8529,87.1659,86.4907,85.8271,85.1748,84.5333,83.9025,83.2821,82.6717,82.0712,81.4802,80.8986
590.46,573.707,556.153,537.742,518.438,498.245,477.228,455.541,433.454,411.351,389.687,368.914,349.396,331.356,314.879,299.938,286.436,274.241,263.214,253.215,244.12,235.817,228.207,221.207,214.744,208.756,203.189,197.998,193.143,188.589,184.307,180.27,176.457,172.848,169.424,166.17,163.072,160.119,157.299,154.602,152.019,149.543,147.166,144.882,142.685,140.569,138.529,136.56,134.66,132.823,131.046,129.327,127.661,126.047,124.481,122.961,121.485,120.05,118.656,117.3,115.98,114.694,113.442,112.222,111.032,109.871,108.738,107.633,106.553,105.498,104.467,103.459,102.473,101.508,100.565,99.6408,98.7362,97.8501,96.982,96.1313,95.2973,94.4797,93.6777,92.891,92.1191,91.3615,90.6178,89.8876,89.1705,88.4661,87.774,87.0939,86.4254,85.7683,85.1222,84.4869,83.8619,83.2472,82.6423,82.047,81.4612
591.171,574.512,557.068,538.787,519.634,499.614,478.788,457.306,435.425,413.51,391.998,371.328,351.861,333.826,317.318,302.32,288.746,276.472,265.361,255.281,246.108,237.729,230.049,222.983,216.458,210.412,204.792,199.55,194.648,190.05,185.727,181.653,177.804,174.16,170.704,167.421,164.295,161.315,158.469,155.748,153.142,150.645,148.247,145.943,143.726,141.592,139.535,137.55,135.633,133.781,131.99,130.256,128.576,126.949,125.37,123.838,122.35,120.904,119.498,118.131,116.801,115.505,114.243,113.013,111.814,110.644,109.503,108.389,107.3,106.237,105.198,104.183,103.189,102.218,101.267,100.336,99.4246,98.5319,97.6574,96.8003,95.9602,95.1365,94.3286,93.5361,92.7585,91.9954,91.2462,90.5107,89.7883,89.0788,88.3816,87.6966,87.0233,86.3615,85.7107,85.0708,84.4414,83.8222,83.213,82.6135,82.0234
591.876,575.309,557.973,539.819,520.813,500.961,480.323,459.041,437.36,415.63,394.27,373.705,354.294,336.268,319.733,304.683,291.041,278.69,267.5,257.341,248.089,239.637,231.887,224.755,218.169,212.066,206.392,201.101,196.152,191.511,187.147,183.034,179.15,175.472,171.985,168.671,165.517,162.51,159.639,156.893,154.265,151.745,149.327,147.003,144.767,142.615,140.54,138.539,136.606,134.739,132.932,131.184,129.491,127.85,126.258,124.714,123.214,121.757,120.34,118.962,117.621,116.316,115.044,113.804,112.596,111.417,110.267,109.144,108.048,106.976,105.93,104.906,103.906,102.927,101.969,101.031,100.113,99.2133,98.3323,97.4689,96.6226,95.7928,94.979,94.1807,93.3974,92.6287,91.8742,91.1333,90.4057,89.691,88.9889,88.2989,87.6208,86.9542,86.2988,85.6543,85.0204,84.3968,83.7832,83.1795,82.5852
592.576,576.099,558.869,540.838,521.976,502.288,481.833,460.746,439.262,417.713,396.504,376.047,356.694,338.683,322.126,307.029,293.322,280.898,269.63,259.393,250.066,241.541,233.722,226.525,219.878,213.718,207.991,202.65,197.655,192.97,188.566,184.415,180.494,176.783,173.264,169.92,166.738,163.704,160.807,158.038,155.387,152.845,150.406,148.062,145.808,143.637,141.545,139.527,137.578,135.695,133.874,132.112,130.405,128.751,127.147,125.59,124.078,122.609,121.181,119.793,118.441,117.125,115.844,114.595,113.377,112.189,111.03,109.899,108.794,107.715,106.66,105.629,104.621,103.635,102.67,101.725,100.8,99.8942,99.0067,98.137,97.2845,96.4486,95.6289,94.8249,94.0359,93.2617,92.5016,91.7554,91.0226,90.3028,89.5957,88.9008,88.2178,87.5465,86.8864,86.2373,85.5989,84.9709,84.3531,83.7451,83.1466
593.269,576.881,559.755,541.846,523.124,503.596,483.319,462.422,441.13,419.76,398.701,378.354,359.063,341.071,324.497,309.355,295.588,283.093,271.751,261.437,252.036,243.439,235.552,228.291,221.584,215.367,209.587,204.197,199.156,194.428,189.983,185.794,181.838,178.093,174.542,171.169,167.958,164.897,161.976,159.182,156.508,153.945,151.485,149.121,146.848,144.659,142.549,140.514,138.55,136.652,134.816,133.039,131.319,129.651,128.034,126.465,124.941,123.461,122.022,120.623,119.261,117.935,116.643,115.385,114.158,112.961,111.793,110.654,109.54,108.453,107.391,106.352,105.336,104.343,103.37,102.419,101.487,100.575,99.6806,98.8046,97.9459,97.104,96.2784,95.4685,94.6739,93.8941,93.1287,92.3771,91.6391,90.9142,90.202,89.5022,88.8144,88.1384,87.4736,86.82,86.1771,85.5447,84.9225,84.3102,83.7077
593.957,577.656,560.632,542.841,524.257,504.885,484.781,464.07,442.966,421.773,400.863,380.625,361.401,343.431,326.844,311.663,297.839,285.276,273.861,263.474,254,245.332,237.378,230.054,223.287,217.014,211.182,205.743,200.655,195.884,191.399,187.172,183.18,179.402,175.82,172.416,169.177,166.09,163.143,160.325,157.628,155.043,152.562,150.179,147.887,145.68,143.553,141.501,139.521,137.607,135.757,133.966,132.232,130.551,128.921,127.34,125.804,124.312,122.862,121.452,120.08,118.744,117.442,116.174,114.938,113.732,112.556,111.407,110.286,109.191,108.12,107.074,106.051,105.05,104.071,103.112,102.174,101.254,100.354,99.4717,98.6068,97.7589,96.9274,96.1118,95.3115,94.5261,93.7552,92.9984,92.2551,91.5251,90.8079,90.1032,89.4106,88.7298,88.0604,87.4022,86.7548,86.118,85.4915,84.875,84.2682
594.639,578.424,561.5,543.825,525.375,506.156,486.221,465.691,444.77,423.751,402.99,382.863,363.707,345.764,329.168,313.952,300.074,287.447,275.962,265.503,255.957,247.221,239.2,231.813,224.987,218.659,212.774,207.286,202.153,197.339,192.814,188.549,184.522,180.71,177.096,173.663,170.396,167.282,164.309,161.468,158.748,156.141,153.64,151.236,148.925,146.7,144.556,142.488,140.491,138.562,136.697,134.892,133.144,131.45,129.807,128.214,126.666,125.163,123.702,122.281,120.898,119.552,118.241,116.963,115.718,114.503,113.318,112.161,111.031,109.928,108.85,107.796,106.765,105.757,104.77,103.805,102.86,101.934,101.027,100.138,99.2673,98.4134,97.5759,96.7545,95.9486,95.1577,94.3814,93.6192,92.8707,92.1356,91.4134,90.7037,90.0063,89.3208,88.6468,87.984,87.3322,86.691,86.0601,85.4394,84.8284
595.316,579.184,562.359,544.798,526.479,507.409,487.639,467.286,446.545,425.696,405.082,385.068,365.982,348.07,331.469,316.221,302.293,289.605,278.052,267.523,257.908,249.103,241.017,233.568,226.683,220.3,214.364,208.827,203.649,198.793,194.227,189.925,185.862,182.017,178.372,174.909,171.613,168.473,165.475,162.61,159.867,157.238,154.716,152.293,149.963,147.72,145.558,143.473,141.461,139.516,137.636,135.817,134.056,132.348,130.693,129.087,127.528,126.013,124.541,123.109,121.716,120.36,119.039,117.751,116.497,115.273,114.079,112.914,111.776,110.664,109.578,108.517,107.479,106.463,105.47,104.497,103.545,102.613,101.699,100.804,99.9273,99.0673,98.224,97.3968,96.5852,95.7888,95.007,94.2395,93.4859,92.7456,92.0184,91.3039,90.6016,89.9113,89.2327,88.5654,87.909,87.2635,86.6283,86.0033,85.3882
595.987,579.938,563.209,545.76,527.57,508.645,489.036,468.855,448.291,427.609,407.141,387.24,368.227,350.349,333.747,318.472,304.497,291.751,280.132,269.535,259.851,250.98,242.83,235.32,228.377,221.939,215.952,210.367,205.143,200.244,195.639,191.299,187.201,183.323,179.646,176.153,172.83,169.663,166.64,163.751,160.985,158.335,155.792,153.349,151,148.738,146.56,144.458,142.43,140.47,138.575,136.742,134.967,133.246,131.578,129.96,128.389,126.863,125.379,123.937,122.533,121.167,119.836,118.539,117.275,116.043,114.84,113.666,112.52,111.4,110.306,109.237,108.192,107.169,106.168,105.189,104.23,103.291,102.371,101.47,100.587,99.7208,98.8716,98.0386,97.2213,96.4194,95.6322,94.8594,94.1005,93.3552,92.623,91.9035,91.1965,90.5015,89.8182,89.1463,88.4855,87.8355,87.1961,86.5668,85.9476
596.652,580.686,564.051,546.711,528.646,509.864,490.413,470.4,450.008,429.491,409.167,389.38,370.443,352.6,336.002,320.703,306.685,293.883,282.202,271.538,261.788,252.851,244.638,237.067,230.067,223.575,217.537,211.904,206.635,201.694,197.049,192.672,188.539,184.627,180.919,177.397,174.046,170.852,167.804,164.89,162.102,159.43,156.866,154.404,152.036,149.757,147.56,145.442,143.398,141.423,139.514,137.666,135.877,134.144,132.463,130.832,129.249,127.712,126.217,124.764,123.35,121.973,120.633,119.326,118.053,116.811,115.6,114.418,113.263,112.136,111.034,109.957,108.904,107.874,106.866,105.88,104.915,103.969,103.043,102.135,101.246,100.374,99.5186,98.6799,97.857,97.0495,96.257,95.4788,94.7148,93.9643,93.2271,92.5027,91.7909,91.0911,90.4032,89.7268,89.0616,88.4072,87.7634,87.1299,86.5065
597.313,581.426,564.884,547.652,529.71,511.066,491.769,471.921,451.697,431.342,411.162,391.488,372.628,354.826,338.234,322.914,308.857,296.002,284.26,273.533,263.717,254.716,246.441,238.81,231.753,225.208,219.119,213.439,208.125,203.142,198.458,194.043,189.875,185.931,182.191,178.639,175.26,172.04,168.967,166.03,163.219,160.525,157.94,155.458,153.071,150.774,148.56,146.426,144.366,142.375,140.451,138.589,136.787,135.04,133.347,131.704,130.109,128.56,127.054,125.59,124.166,122.779,121.429,120.113,118.831,117.58,116.36,115.169,114.006,112.871,111.761,110.677,109.616,108.579,107.564,106.571,105.599,104.647,103.714,102.8,101.904,101.026,100.165,99.3208,98.4922,97.6792,96.8812,96.0978,95.3285,94.573,93.8308,93.1015,92.3848,91.6804,90.9878,90.3069,89.6372,88.9784,88.3303,87.6926,87.065
597.968,582.16,565.71,548.582,530.761,512.253,493.106,473.419,453.36,433.164,413.126,393.565,374.784,357.025,340.442,325.106,311.012,298.107,286.308,275.518,265.639,256.575,248.238,240.549,233.436,226.838,220.699,214.971,209.613,204.588,199.864,195.413,191.21,187.233,183.462,179.881,176.474,173.227,170.129,167.168,164.334,161.619,159.014,156.512,154.106,151.791,149.56,147.409,145.332,143.327,141.388,139.512,137.696,135.936,134.23,132.575,130.968,129.407,127.891,126.416,124.981,123.584,122.224,120.899,119.607,118.348,117.119,115.92,114.749,113.605,112.488,111.395,110.328,109.283,108.261,107.261,106.282,105.323,104.384,103.464,102.562,101.678,100.811,99.9611,99.127,98.3084,97.505,96.7163,95.9418,95.1812,94.434,93.6998,92.9784,92.2692,91.572,90.8865,90.2123,89.5492,88.8968,88.2549,87.6232
