N2 Viscosity [uPa_s] CoolProp
18.8337,12.389,11.9531,11.7676,11.6847,11.6576,11.6653,11.6965,11.7447,11.8055,11.8761,11.9545,12.039,12.1285,12.2223,12.3195,12.4197,12.5223,12.6271,12.7337,12.8418,12.9512,13.0618,13.1734,13.2859,13.399,13.5128,13.6271,13.7419,13.857,13.9724,14.0881,14.204,14.32,14.4362,14.5524,14.6687,14.785,14.9013,15.0176,15.1337,15.2499,15.3659,15.4817,15.5975,15.7131,15.8286,15.9439,16.059,16.1739,16.2886,16.4031,16.5174,16.6315,16.7453,16.859,16.9723,17.0855,17.1984,17.311,17.4234,17.5355,17.6474,17.759,17.8703,17.9814,18.0922,18.2027,18.313,18.423,18.5327,18.6422,18.7514,18.8603,18.9689,19.0773,19.1854,19.2932,19.4007,19.508,19.615,19.7217,19.8281,19.9343,20.0402,20.1458,20.2512,20.3563,20.4611,20.5656,20.6699,20.7739,20.8777,20.9812,21.0844,21.1874,21.2901,21.3926,21.4947,21.5967,21.6984
25.7439,12.7168,12.1402,11.9046,11.7953,11.7514,11.7474,11.77,11.8115,11.8669,11.933,12.0076,12.0889,12.1757,12.267,12.362,12.4602,12.5612,12.6643,12.7695,12.8763,12.9845,13.094,13.2045,13.316,13.4282,13.5411,13.6546,13.7686,13.8831,13.9978,14.1129,14.2281,14.3436,14.4592,14.5749,14.6907,14.8065,14.9224,15.0382,15.1539,15.2696,15.3853,15.5008,15.6162,15.7314,15.8466,15.9615,16.0763,16.1909,16.3054,16.4196,16.5336,16.6474,16.761,16.8744,16.9875,17.1004,17.2131,17.3255,17.4376,17.5496,17.6612,17.7726,17.8838,17.9947,18.1053,18.2157,18.3258,18.4356,18.5451,18.6544,18.7635,18.8722,18.9807,19.0889,19.1968,19.3045,19.4119,19.519,19.6259,19.7325,19.8388,19.9448,20.0506,20.1561,20.2614,20.3663,20.4711,20.5755,20.6797,20.7836,20.8872,20.9906,21.0938,21.1966,21.2993,21.4016,21.5037,21.6056,21.7071
27.3688,13.1255,12.3482,12.0518,11.912,11.8495,11.8327,11.8459,11.8802,11.9299,11.9913,12.0619,12.1398,12.2237,12.3125,12.4053,12.5015,12.6006,12.7021,12.8058,12.9112,13.0182,13.1265,13.236,13.3464,13.4577,13.5698,13.6825,13.7957,13.9094,14.0235,14.1378,14.2525,14.3674,14.4824,14.5976,14.7129,14.8282,14.9436,15.059,15.1743,15.2896,15.4048,15.5199,15.635,15.7499,15.8647,15.9793,16.0938,16.2081,16.3222,16.4362,16.5499,16.6634,16.7768,16.8899,17.0028,17.1154,17.2279,17.3401,17.452,17.5637,17.6752,17.7864,17.8973,18.008,18.1185,18.2287,18.3386,18.4482,18.5576,18.6667,18.7756,18.8842,18.9925,19.1006,19.2084,19.3159,19.4232,19.5302,19.6369,19.7433,19.8495,19.9555,20.0611,20.1665,20.2716,20.3765,20.4811,20.5854,20.6895,20.7933,20.8968,21.0001,21.1032,21.2059,21.3085,21.4107,21.5127,21.6145,21.716
28.514,13.6638,12.5818,12.2105,12.0355,11.9521,11.9213,11.9244,11.9509,11.9945,12.051,12.1174,12.1918,12.2727,12.3588,12.4492,12.5434,12.6406,12.7405,12.8426,12.9466,13.0523,13.1594,13.2678,13.3772,13.4876,13.5988,13.7106,13.823,13.936,14.0493,14.1631,14.2771,14.3914,14.5059,14.6205,14.7353,14.8501,14.965,15.0799,15.1948,15.3097,15.4245,15.5393,15.6539,15.7685,15.8829,15.9972,16.1114,16.2254,16.3392,16.4529,16.5663,16.6796,16.7927,16.9055,17.0182,17.1306,17.2428,17.3547,17.4665,17.578,17.6892,17.8002,17.911,18.0215,18.1317,18.2417,18.3515,18.4609,18.5702,18.6791,18.7878,18.8963,19.0044,19.1124,19.22,19.3274,19.4345,19.5414,19.6479,19.7543,19.8603,19.9661,20.0717,20.1769,20.2819,20.3867,20.4912,20.5954,20.6994,20.8031,20.9065,21.0097,21.1126,21.2153,21.3177,21.4199,21.5218,21.6234,21.7249
29.4318,14.4366,12.8471,12.3824,12.1664,12.0596,12.0134,12.0056,12.0238,12.0609,12.1121,12.1742,12.2449,12.3226,12.4059,12.494,12.5859,12.6813,12.7794,12.8799,12.9825,13.0869,13.1928,13.3,13.4084,13.5178,13.628,13.739,13.8506,13.9628,14.0755,14.1885,14.3019,14.4156,14.5295,14.6436,14.7578,14.8722,14.9866,15.101,15.2155,15.3299,15.4444,15.5587,15.673,15.7872,15.9013,16.0153,16.1291,16.2428,16.3563,16.4697,16.5828,16.6958,16.8086,16.9212,17.0336,17.1458,17.2578,17.3695,17.481,17.5923,17.7033,17.8141,17.9247,18.035,18.1451,18.2549,18.3644,18.4737,18.5828,18.6916,18.8001,18.9084,19.0164,19.1242,19.2317,19.3389,19.4459,19.5526,19.6591,19.7653,19.8712,19.9769,20.0823,20.1874,20.2923,20.3969,20.5013,20.6054,20.7093,20.8129,20.9162,21.0193,21.1221,21.2247,21.327,21.4291,21.5309,21.6325,21.7338
30.2118,15.7073,13.1528,12.5693,12.3055,12.1723,12.1093,12.0895,12.0989,12.1291,12.1747,12.2322,12.2991,12.3734,12.4539,12.5394,12.6292,12.7225,12.8188,12.9177,13.0189,13.1219,13.2265,13.3326,13.4399,13.5483,13.6576,13.7677,13.8785,13.99,14.1019,14.2143,14.327,14.44,14.5534,14.6669,14.7806,14.8944,15.0083,15.1223,15.2363,15.3504,15.4644,15.5783,15.6922,15.8061,15.9198,16.0334,16.1469,16.2603,16.3735,16.4866,16.5995,16.7122,16.8247,16.9371,17.0492,17.1611,17.2729,17.3844,17.4957,17.6067,17.7175,17.8281,17.9385,18.0486,18.1585,18.2681,18.3775,18.4866,18.5955,18.7041,18.8125,18.9206,19.0285,19.1361,19.2434,19.3505,19.4574,19.5639,19.6703,19.7763,19.8821,19.9877,20.0929,20.198,20.3027,20.4072,20.5115,20.6155,20.7192,20.8227,20.9259,21.0289,21.1317,21.2341,21.3363,21.4383,21.54,21.6415,21.7427
30.8978,18.0193,13.5108,12.7737,12.4537,12.2908,12.2091,12.1764,12.1763,12.1991,12.2388,12.2915,12.3543,12.4253,12.5027,12.5857,12.6731,12.7644,12.8589,12.9561,13.0557,13.1573,13.2607,13.3656,13.4718,13.5792,13.6875,13.7967,13.9067,14.0173,14.1285,14.2402,14.3523,14.4647,14.5774,14.6904,14.8035,14.9168,15.0303,15.1438,15.2573,15.3709,15.4845,15.5981,15.7116,15.8251,15.9385,16.0517,16.1649,16.278,16.3909,16.5036,16.6162,16.7287,16.8409,16.953,17.0649,17.1766,17.2881,17.3993,17.5104,17.6212,17.7318,17.8422,17.9524,18.0623,18.172,18.2814,18.3906,18.4996,18.6083,18.7167,18.8249,18.9329,19.0406,19.1481,19.2552,19.3622,19.4689,19.5753,19.6815,19.7874,19.8931,19.9985,20.1037,20.2086,20.3132,20.4176,20.5217,20.6256,20.7292,20.8326,20.9357,21.0386,21.1412,21.2436,21.3457,21.4476,21.5492,21.6506,21.7518
31.5148,20.8377,13.9381,12.9985,12.612,12.4154,12.3132,12.2665,12.2561,12.2711,12.3046,12.3522,12.4108,12.4781,12.5525,12.6327,12.7178,12.8069,12.8995,12.995,13.093,13.1932,13.2953,13.3989,13.504,13.6104,13.7177,13.8261,13.9352,14.045,14.1554,14.2664,14.3778,14.4896,14.6017,14.7141,14.8267,14.9395,15.0524,15.1654,15.2785,15.3917,15.5048,15.618,15.7311,15.8442,15.9572,16.0702,16.183,16.2957,16.4083,16.5208,16.6331,16.7453,16.8572,16.9691,17.0807,17.1921,17.3034,17.4144,17.5252,17.6358,17.7462,17.8564,17.9663,18.0761,18.1855,18.2948,18.4038,18.5126,18.6211,18.7294,18.8374,18.9452,19.0528,19.1601,19.2671,19.3739,19.4805,19.5868,19.6928,19.7986,19.9041,20.0094,20.1144,20.2192,20.3237,20.428,20.532,20.6358,20.7393,20.8426,20.9456,21.0484,21.1509,21.2532,21.3552,21.457,21.5585,21.6598,21.7608
32.0784,22.9169,14.4591,13.2473,12.7815,12.5467,12.4217,12.3598,12.3384,12.3451,12.372,12.4143,12.4684,12.532,12.6031,12.6805,12.7631,12.8501,12.9407,13.0344,13.1308,13.2295,13.3303,13.4327,13.5366,13.6419,13.7483,13.8557,13.9639,14.0729,14.1826,14.2928,14.4035,14.5147,14.6262,14.738,14.85,14.9623,15.0747,15.1872,15.2999,15.4126,15.5253,15.6381,15.7508,15.8635,15.9762,16.0887,16.2012,16.3136,16.4259,16.5381,16.6501,16.7619,16.8737,16.9852,17.0966,17.2077,17.3187,17.4295,17.5401,17.6505,17.7607,17.8707,17.9804,18.0899,18.1992,18.3083,18.4171,18.5257,18.634,18.7421,18.85,18.9577,19.065,19.1722,19.2791,19.3857,19.4921,19.5983,19.7042,19.8098,19.9152,20.0204,20.1253,20.2299,20.3343,20.4385,20.5424,20.646,20.7494,20.8526,20.9555,21.0582,21.1606,21.2627,21.3647,21.4663,21.5678,21.669,21.7699
32.5994,24.4222,15.1082,13.5242,12.9634,12.6852,12.535,12.4565,12.4234,12.4211,12.4411,12.4777,12.5272,12.5869,12.6547,12.7292,12.8092,12.8939,12.9825,13.0744,13.1691,13.2663,13.3657,13.4668,13.5696,13.6738,13.7792,13.8856,13.993,14.1011,14.21,14.3195,14.4295,14.54,14.6509,14.7621,14.8735,14.9853,15.0972,15.2092,15.3214,15.4336,15.5459,15.6583,15.7706,15.8829,15.9952,16.1074,16.2196,16.3316,16.4436,16.5555,16.6672,16.7787,16.8902,17.0014,17.1125,17.2235,17.3342,17.4448,17.5551,17.6653,17.7753,17.885,17.9945,18.1038,18.2129,18.3218,18.4304,18.5389,18.647,18.755,18.8627,18.9701,19.0774,19.1843,19.2911,19.3976,19.5038,19.6098,19.7156,19.8211,19.9264,20.0314,20.1362,20.2407,20.345,20.449,20.5528,20.6563,20.7596,20.8626,20.9654,21.068,21.1703,21.2724,21.3742,21.4758,21.5771,21.6782,21.7791
33.0854,25.602,15.9275,13.8347,13.1593,12.8315,12.6534,12.5569,12.5111,12.4994,12.512,12.5427,12.5873,12.6429,12.7072,12.7786,12.856,12.9383,13.0248,13.1149,13.2079,13.3036,13.4015,13.5014,13.603,13.706,13.8104,13.9158,14.0223,14.1296,14.2377,14.3464,14.4557,14.5655,14.6758,14.7864,14.8973,15.0084,15.1198,15.2314,15.343,15.4548,15.5667,15.6786,15.7906,15.9025,16.0144,16.1263,16.2381,16.3498,16.4614,16.573,16.6844,16.7957,16.9068,17.0178,17.1286,17.2393,17.3498,17.4601,17.5702,17.6802,17.7899,17.8994,18.0088,18.1179,18.2268,18.3354,18.4439,18.5521,18.6601,18.7679,18.8754,18.9827,19.0897,19.1966,19.3032,19.4095,19.5156,19.6215,19.7271,19.8325,19.9376,20.0425,20.1471,20.2515,20.3557,20.4596,20.5632,20.6667,20.7698,20.8728,20.9754,21.0779,21.1801,21.2821,21.3838,21.4852,21.5865,21.6875,21.7882
33.5421,26.5802,16.9515,14.185,13.3708,12.9863,12.7772,12.6611,12.6016,12.5798,12.5846,12.6091,12.6487,12.6999,12.7606,12.8289,12.9036,12.9835,13.0678,13.1559,13.2472,13.3413,13.4378,13.5363,13.6367,13.7386,13.8419,13.9464,14.0519,14.1584,14.2656,14.3736,14.4822,14.5913,14.7009,14.8109,14.9212,15.0318,15.1426,15.2537,15.3649,15.4762,15.5876,15.6991,15.8106,15.9222,16.0337,16.1452,16.2567,16.3681,16.4794,16.5906,16.7017,16.8127,16.9235,17.0342,17.1448,17.2552,17.3655,17.4755,17.5854,17.6951,17.8046,17.9139,18.0231,18.132,18.2406,18.3491,18.4574,18.5654,18.6732,18.7808,18.8882,18.9953,19.1022,19.2089,19.3153,19.4215,19.5274,19.6332,19.7386,19.8439,19.9489,20.0536,20.1581,20.2624,20.3664,20.4702,20.5737,20.677,20.7801,20.8829,20.9855,21.0878,21.1899,21.2918,21.3934,21.4948,21.5959,21.6968,21.7975
33.9737,27.4221,18.1638,14.5825,13.5999,13.1503,12.9068,12.7693,12.6952,12.6626,12.6592,12.6771,12.7113,12.7581,12.815,12.8801,12.9519,13.0293,13.1114,13.1976,13.2871,13.3795,13.4745,13.5717,13.6708,13.7715,13.8737,13.9772,14.0818,14.1874,14.2938,14.401,14.5089,14.6173,14.7262,14.8356,14.9453,15.0553,15.1657,15.2762,15.3869,15.4978,15.6087,15.7198,15.8309,15.942,16.0532,16.1643,16.2754,16.3864,16.4974,16.6083,16.7191,16.8298,16.9404,17.0508,17.1611,17.2712,17.3812,17.4911,17.6007,17.7102,17.8195,17.9285,18.0374,18.1461,18.2546,18.3629,18.471,18.5788,18.6864,18.7939,18.901,19.008,19.1147,19.2212,19.3275,19.4335,19.5393,19.6449,19.7502,19.8553,19.9602,20.0648,20.1692,20.2733,20.3772,20.4809,20.5843,20.6875,20.7904,20.8931,20.9956,21.0978,21.1998,21.3015,21.4031,21.5043,21.6054,21.7062,21.8067
34.3837,28.1656,19.4663,15.0357,13.8485,13.3243,13.0426,12.8818,12.7918,12.7478,12.7356,12.7467,12.7753,12.8175,12.8704,12.9321,13.001,13.0758,13.1557,13.2397,13.3274,13.4182,13.5117,13.6074,13.7052,13.8048,13.9059,14.0084,14.112,14.2167,14.3223,14.4287,14.5358,14.6435,14.7518,14.8605,14.9696,15.0791,15.1888,15.2989,15.4091,15.5194,15.63,15.7406,15.8513,15.962,16.0728,16.1835,16.2942,16.4049,16.5156,16.6262,16.7366,16.847,16.9573,17.0675,17.1775,17.2874,17.3971,17.5067,17.6161,17.7253,17.8344,17.9432,18.0519,18.1604,18.2687,18.3767,18.4846,18.5923,18.6997,18.807,18.914,19.0208,19.1273,19.2337,19.3398,19.4456,19.5513,19.6567,19.7619,19.8668,19.9716,20.076,20.1803,20.2843,20.3881,20.4916,20.5949,20.698,20.8008,20.9034,21.0057,21.1078,21.2097,21.3114,21.4128,21.5139,21.6149,21.7156,21.8161
34.7748,28.8345,20.7346,15.5527,14.1192,13.5092,13.185,12.9987,12.8917,12.8355,12.8141,12.8179,12.8406,12.8779,12.9268,12.9851,13.0509,13.1231,13.2005,13.2825,13.3683,13.4574,13.5492,13.6436,13.7401,13.8384,13.9384,14.0398,14.1425,14.2463,14.351,14.4566,14.563,14.67,14.7775,14.8856,14.9941,15.103,15.2122,15.3217,15.4314,15.5413,15.6514,15.7615,15.8718,15.9821,16.0925,16.2029,16.3132,16.4236,16.5339,16.6441,16.7543,16.8644,16.9744,17.0842,17.194,17.3036,17.4131,17.5224,17.6315,17.7405,17.8493,17.958,18.0665,18.1747,18.2828,18.3907,18.4984,18.6058,18.7131,18.8201,18.927,19.0336,19.14,19.2461,19.3521,19.4578,19.5633,19.6686,19.7736,19.8784,19.983,20.0874,20.1915,20.2953,20.399,20.5024,20.6056,20.7085,20.8112,20.9137,21.0159,21.1179,21.2197,21.3212,21.4225,21.5236,21.6244,21.725,21.8254
35.1491,29.4448,21.897,16.1403,14.4143,13.7059,13.3343,13.1202,12.995,12.9257,12.8946,12.8908,12.9074,12.9396,12.9843,13.0389,13.1016,13.171,13.246,13.3258,13.4097,13.497,13.5873,13.6802,13.7753,13.8724,13.9713,14.0716,14.1733,14.2761,14.38,14.4848,14.5904,14.6966,14.8035,14.9109,15.0188,15.1271,15.2358,15.3447,15.4539,15.5633,15.6729,15.7826,15.8925,16.0024,16.1123,16.2223,16.3323,16.4423,16.5523,16.6622,16.7721,16.8818,16.9915,17.1011,17.2106,17.3199,17.4291,17.5382,17.6471,17.7558,17.8644,17.9728,18.0811,18.1891,18.297,18.4047,18.5122,18.6194,18.7265,18.8334,18.94,19.0465,19.1527,19.2587,19.3645,19.4701,19.5754,19.6805,19.7854,19.8901,19.9945,20.0987,20.2027,20.3064,20.41,20.5132,20.6163,20.7191,20.8217,20.924,21.0262,21.1281,21.2297,21.3312,21.4323,21.5333,21.634,21.7346,21.8348
35.5084,30.0077,22.938,16.8008,14.7366,13.9154,13.4911,13.2467,13.1018,13.0186,12.9772,12.9654,12.9755,13.0025,13.0428,13.0936,13.1531,13.2196,13.2922,13.3698,13.4516,13.5371,13.6258,13.7172,13.8109,13.9068,14.0044,14.1037,14.2044,14.3063,14.4093,14.5132,14.618,14.7235,14.8297,14.9365,15.0437,15.1514,15.2595,15.3679,15.4766,15.5855,15.6946,15.8039,15.9133,16.0228,16.1323,16.2419,16.3516,16.4612,16.5708,16.6804,16.7899,16.8994,17.0088,17.1181,17.2272,17.3363,17.4453,17.5541,17.6627,17.7712,17.8796,17.9878,18.0958,18.2036,18.3113,18.4188,18.526,18.6331,18.74,18.8467,18.9532,19.0594,19.1655,19.2713,19.377,19.4824,19.5875,19.6925,19.7973,19.9018,20.0061,20.1101,20.214,20.3176,20.421,20.5241,20.6271,20.7297,20.8322,20.9345,21.0365,21.1382,21.2398,21.3411,21.4422,21.5431,21.6437,21.7441,21.8443
35.8544,30.5315,23.8683,17.5286,15.0886,14.1388,13.6558,13.3784,13.2122,13.1143,13.062,13.0417,13.0451,13.0667,13.1023,13.1492,13.2054,13.269,13.339,13.4143,13.4941,13.5777,13.6647,13.7546,13.8469,13.9415,14.038,14.1361,14.2358,14.3367,14.4388,14.5419,14.6459,14.7506,14.8561,14.9622,15.0688,15.1759,15.2834,15.3913,15.4994,15.6078,15.7165,15.8253,15.9342,16.0433,16.1525,16.2617,16.3709,16.4802,16.5895,16.6987,16.8079,16.9171,17.0261,17.1351,17.244,17.3528,17.4615,17.57,17.6785,17.7867,17.8948,18.0028,18.1106,18.2182,18.3257,18.4329,18.54,18.6469,18.7536,18.8601,18.9664,19.0725,19.1783,19.284,19.3895,19.4947,19.5998,19.7046,19.8092,19.9135,20.0177,20.1216,20.2253,20.3288,20.432,20.5351,20.6379,20.7404,20.8428,20.9449,21.0468,21.1485,21.2499,21.3511,21.4521,21.5529,21.6534,21.7537,21.8538
36.1883,31.0224,24.7044,18.3089,15.4727,14.377,13.8289,13.5155,13.3266,13.2129,13.149,13.1198,13.1163,13.1321,13.1629,13.2058,13.2585,13.3191,13.3865,13.4594,13.5371,13.6188,13.7041,13.7924,13.8833,13.9766,14.0718,14.1689,14.2674,14.3674,14.4686,14.5708,14.674,14.778,14.8827,14.9881,15.0941,15.2006,15.3075,15.4148,15.5224,15.6303,15.7385,15.8468,15.9553,16.064,16.1727,16.2815,16.3904,16.4993,16.6082,16.7171,16.826,16.9348,17.0436,17.1523,17.2609,17.3694,17.4778,17.5861,17.6943,17.8023,17.9102,18.0179,18.1255,18.2329,18.3401,18.4472,18.554,18.6607,18.7672,18.8735,18.9796,19.0856,19.1913,19.2968,19.4021,19.5071,19.612,19.7167,19.8211,19.9253,20.0294,20.1331,20.2367,20.34,20.4432,20.5461,20.6487,20.7512,20.8534,20.9554,21.0572,21.1587,21.2601,21.3612,21.462,21.5627,21.6631,21.7633,21.8633
36.5111,31.4852,25.4625,19.1195,15.8906,14.6312,14.011,13.6583,13.4448,13.3144,13.2383,13.1999,13.1889,13.1987,13.2247,13.2634,13.3124,13.37,13.4346,13.5051,13.5806,13.6605,13.744,13.8307,13.9201,14.012,14.106,14.2019,14.2994,14.3984,14.4986,14.6,14.7023,14.8056,14.9096,15.0143,15.1196,15.2255,15.3318,15.4385,15.5456,15.653,15.7606,15.8685,15.9766,16.0848,16.1931,16.3015,16.41,16.5186,16.6271,16.7357,16.8442,16.9527,17.0612,17.1696,17.2779,17.3861,17.4943,17.6023,17.7102,17.818,17.9256,18.0331,18.1404,18.2476,18.3546,18.4615,18.5681,18.6746,18.7809,18.8871,18.993,19.0987,19.2043,19.3096,19.4147,19.5196,19.6243,19.7289,19.8331,19.9372,20.0411,20.1447,20.2482,20.3514,20.4543,20.5571,20.6597,20.762,20.8641,20.966,21.0676,21.1691,21.2703,21.3713,21.472,21.5726,21.6729,21.773,21.8729
36.8239,31.9235,26.1555,19.936,16.3431,14.9023,14.2025,13.8071,13.5673,13.419,13.33,13.2817,13.2631,13.2667,13.2875,13.3219,13.3673,13.4216,13.4834,13.5514,13.6247,13.7026,13.7843,13.8693,13.9573,14.0478,14.1406,14.2353,14.3317,14.4296,14.5289,14.6294,14.7309,14.8334,14.9366,15.0407,15.1453,15.2505,15.3562,15.4624,15.5689,15.6758,15.783,15.8904,15.998,16.1057,16.2136,16.3217,16.4298,16.5379,16.6461,16.7543,16.8625,16.9707,17.0789,17.187,17.295,17.4029,17.5108,17.6185,17.7262,17.8337,17.9411,18.0484,18.1555,18.2624,18.3692,18.4759,18.5823,18.6886,18.7947,18.9007,19.0064,19.112,19.2173,19.3225,19.4274,19.5322,19.6367,19.7411,19.8452,19.9492,20.0529,20.1564,20.2597,20.3627,20.4656,20.5682,20.6706,20.7728,20.8748,20.9766,21.0781,21.1794,21.2805,21.3814,21.4821,21.5825,21.6827,21.7827,21.8825
37.1274,32.3406,26.7942,20.738,16.8294,15.1914,14.4039,13.9621,13.694,13.5268,13.4241,13.3656,13.3389,13.336,13.3515,13.3814,13.4229,13.474,13.5329,13.5983,13.6694,13.7452,13.8251,13.9085,13.9949,14.084,14.1755,14.269,14.3643,14.4612,14.5595,14.6591,14.7597,14.8614,14.9639,15.0672,15.1712,15.2758,15.3809,15.4865,15.5924,15.6988,15.8054,15.9123,16.0195,16.1268,16.2343,16.3419,16.4496,16.5574,16.6652,16.7731,16.881,16.9888,17.0967,17.2044,17.3122,17.4198,17.5274,17.6349,17.7423,17.8496,17.9567,18.0637,18.1706,18.2773,18.3839,18.4903,18.5966,18.7027,18.8086,18.9143,19.0199,19.1253,19.2304,19.3354,19.4402,19.5448,19.6492,19.7534,19.8574,19.9611,20.0647,20.1681,20.2712,20.3741,20.4769,20.5794,20.6817,20.7837,20.8856,20.9872,21.0886,21.1899,21.2908,21.3916,21.4922,21.5925,21.6926,21.7925,21.8922
37.4225,32.7388,27.3871,21.5116,17.3471,15.4992,14.6158,14.1237,13.8252,13.6378,13.5207,13.4514,13.4163,13.4067,13.4166,13.4419,13.4795,13.5271,13.583,13.6459,13.7146,13.7883,13.8663,13.948,14.0329,14.1206,14.2107,14.303,14.3972,14.493,14.5904,14.689,14.7888,14.8897,14.9914,15.094,15.1973,15.3012,15.4057,15.5107,15.6161,15.7219,15.8281,15.9345,16.0412,16.148,16.2551,16.3623,16.4696,16.577,16.6845,16.792,16.8995,17.007,17.1145,17.222,17.3295,17.4368,17.5441,17.6513,17.7585,17.8655,17.9724,18.0792,18.1858,18.2923,18.3987,18.5049,18.6109,18.7168,18.8225,18.9281,19.0334,19.1386,19.2436,19.3484,19.453,19.5575,19.6617,19.7657,19.8696,19.9732,20.0766,20.1798,20.2828,20.3856,20.4882,20.5906,20.6927,20.7947,20.8964,20.9979,21.0992,21.2003,21.3012,21.4018,21.5023,21.6025,21.7025,21.8023,21.9019
37.7096,33.1203,27.9408,22.2494,17.8918,15.8262,14.8385,14.292,13.9611,13.7522,13.6199,13.5393,13.4954,13.4788,13.483,13.5034,13.5369,13.5811,13.6339,13.6941,13.7604,13.832,13.908,13.988,14.0713,14.1575,14.2463,14.3373,14.4304,14.5251,14.6215,14.7192,14.8181,14.9181,15.0191,15.121,15.2236,15.3268,15.4307,15.5351,15.64,15.7452,15.8508,15.9568,16.063,16.1694,16.276,16.3828,16.4897,16.5967,16.7038,16.811,16.9182,17.0253,17.1325,17.2397,17.3468,17.4539,17.5609,17.6679,17.7747,17.8815,17.9881,18.0947,18.2011,18.3074,18.4135,18.5195,18.6253,18.731,18.8365,18.9419,19.047,19.152,19.2569,19.3615,19.466,19.5702,19.6743,19.7781,19.8818,19.9853,20.0886,20.1916,20.2945,20.3971,20.4996,20.6018,20.7039,20.8057,20.9073,21.0087,21.1099,21.2108,21.3116,21.4121,21.5124,21.6126,21.7125,21.8121,21.9116
37.9894,33.4868,28.4608,22.9487,18.4575,16.1725,15.0726,14.4674,14.1017,13.87,13.7217,13.6292,13.5762,13.5523,13.5505,13.566,13.5953,13.6358,13.6855,13.7429,13.8068,13.8761,13.9502,14.0284,14.1101,14.1948,14.2822,14.372,14.4639,14.5576,14.6529,14.7496,14.8477,14.9469,15.0471,15.1482,15.25,15.3527,15.4559,15.5597,15.664,15.7687,15.8738,15.9792,16.0849,16.1909,16.2971,16.4035,16.51,16.6166,16.7233,16.8301,16.9369,17.0438,17.1506,17.2575,17.3643,17.4711,17.5778,17.6845,17.7911,17.8976,18.004,18.1103,18.2164,18.3225,18.4284,18.5342,18.6398,18.7453,18.8506,18.9557,19.0607,19.1655,19.2702,19.3746,19.4789,19.583,19.6869,19.7906,19.8941,19.9975,20.1006,20.2035,20.3062,20.4087,20.511,20.6131,20.715,20.8167,20.9182,21.0195,21.1205,21.2214,21.322,21.4224,21.5227,21.6227,21.7225,21.822,21.9214
38.2625,33.8397,28.9515,23.6096,19.037,16.538,15.3183,14.6501,14.2472,13.9914,13.8262,13.7213,13.6587,13.6272,13.6192,13.6296,13.6545,13.6913,13.7378,13.7923,13.8537,13.9208,13.9929,14.0692,14.1492,14.2325,14.3185,14.407,14.4977,14.5903,14.6845,14.7803,14.8775,14.9758,15.0752,15.1755,15.2767,15.3787,15.4813,15.5844,15.6881,15.7923,15.8969,16.0018,16.107,16.2126,16.3183,16.4242,16.5303,16.6366,16.7429,16.8493,16.9558,17.0623,17.1688,17.2754,17.3819,17.4884,17.5948,17.7012,17.8075,17.9138,18.0199,18.126,18.2319,18.3377,18.4434,18.5489,18.6544,18.7596,18.8647,18.9697,19.0745,19.1791,19.2836,19.3878,19.4919,19.5959,19.6996,19.8032,19.9065,20.0097,20.1126,20.2154,20.318,20.4204,20.5225,20.6245,20.7263,20.8278,20.9292,21.0303,21.1313,21.232,21.3325,21.4328,21.5329,21.6328,21.7325,21.832,21.9312
38.5291,34.1803,29.4165,24.2339,19.6232,16.9219,15.576,14.8403,14.3979,14.1165,13.9335,13.8155,13.7429,13.7035,13.6891,13.6942,13.7147,13.7476,13.7908,13.8424,13.9012,13.9661,14.0361,14.1105,14.1888,14.2705,14.3551,14.4423,14.5318,14.6232,14.7165,14.8113,14.9075,15.005,15.1036,15.2032,15.3036,15.4049,15.5068,15.6094,15.7125,15.8161,15.9201,16.0245,16.1293,16.2343,16.3396,16.4451,16.5508,16.6566,16.7626,16.8686,16.9748,17.0809,17.1871,17.2934,17.3996,17.5058,17.6119,17.718,17.8241,17.93,18.0359,18.1417,18.2474,18.353,18.4585,18.5638,18.669,18.774,18.8789,18.9837,19.0883,19.1927,19.297,19.4011,19.505,19.6088,19.7124,19.8157,19.9189,20.0219,20.1248,20.2274,20.3298,20.432,20.5341,20.6359,20.7375,20.839,20.9402,21.0412,21.142,21.2426,21.343,21.4432,21.5432,21.643,21.7426,21.8419,21.9411
38.7898,34.5096,29.8588,24.8241,20.2091,17.3229,15.8458,15.0383,14.5537,14.2453,14.0437,13.912,13.829,13.7814,13.7603,13.7599,13.7757,13.8047,13.8445,13.8932,13.9493,14.0118,14.0797,14.1523,14.2289,14.3089,14.3921,14.478,14.5662,14.6565,14.7487,14.8425,14.9378,15.0344,15.1322,15.231,15.3307,15.4312,15.5325,15.6345,15.737,15.84,15.9435,16.0474,16.1517,16.2563,16.3611,16.4662,16.5714,16.6769,16.7824,16.8881,16.9939,17.0997,17.2056,17.3115,17.4174,17.5232,17.6291,17.7349,17.8407,17.9464,18.052,18.1576,18.263,18.3684,18.4736,18.5787,18.6837,18.7885,18.8932,18.9978,19.1022,19.2064,19.3105,19.4144,19.5182,19.6218,19.7252,19.8284,19.9314,20.0343,20.1369,20.2394,20.3417,20.4438,20.5457,20.6474,20.7489,20.8502,20.9513,21.0522,21.1529,21.2533,21.3536,21.4537,21.5536,21.6532,21.7527,21.852,21.951
39.0449,34.8287,30.281,25.383,20.7892,17.7393,16.1276,15.2442,14.715,14.378,14.1567,14.0107,13.9168,13.8607,13.8328,13.8267,13.8378,13.8627,13.8989,13.9445,13.998,14.0581,14.1238,14.1944,14.2693,14.3478,14.4294,14.5139,14.6009,14.6901,14.7812,14.874,14.9683,15.064,15.161,15.259,15.358,15.4578,15.5584,15.6597,15.7617,15.8641,15.9671,16.0705,16.1742,16.2783,16.3827,16.4873,16.5922,16.6972,16.8024,16.9077,17.0131,17.1185,17.2241,17.3296,17.4352,17.5408,17.6464,17.7519,17.8574,17.9628,18.0682,18.1735,18.2787,18.3838,18.4888,18.5937,18.6985,18.8031,18.9076,19.0119,19.1161,19.2202,19.3241,19.4278,19.5314,19.6348,19.738,19.8411,19.944,20.0467,20.1492,20.2515,20.3536,20.4556,20.5573,20.6589,20.7603,20.8614,20.9624,21.0632,21.1637,21.2641,21.3642,21.4642,21.564,21.6635,21.7629,21.862,21.961
39.2948,35.1382,30.685,25.9134,21.3589,18.1687,16.4214,15.4581,14.8817,14.5146,14.2726,14.1117,14.0065,13.9415,13.9065,13.8945,13.9007,13.9215,13.9541,13.9966,14.0473,14.1049,14.1684,14.2371,14.3101,14.387,14.4671,14.5503,14.636,14.7239,14.8139,14.9057,14.9991,15.0939,15.19,15.2872,15.3854,15.4846,15.5845,15.6852,15.7865,15.8884,15.9908,16.0936,16.1969,16.3005,16.4044,16.5086,16.613,16.7176,16.8224,16.9273,17.0324,17.1375,17.2427,17.3479,17.4532,17.5585,17.6637,17.769,17.8742,17.9794,18.0845,18.1895,18.2945,18.3993,18.5041,18.6088,18.7133,18.8177,18.922,19.0262,19.1302,19.234,19.3377,19.4413,19.5447,19.6479,19.751,19.8539,19.9566,20.0591,20.1615,20.2636,20.3656,20.4674,20.569,20.6705,20.7717,20.8727,20.9735,21.0742,21.1746,21.2749,21.3749,21.4748,21.5744,21.6739,21.7731,21.8721,21.971
39.5397,35.439,31.0727,26.4177,21.9151,18.6085,16.7267,15.6801,15.054,14.6552,14.3916,14.2151,14.0981,14.0239,13.9815,13.9635,13.9646,13.9811,14.01,14.0493,14.0971,14.1522,14.2135,14.2802,14.3513,14.4265,14.5052,14.5869,14.6713,14.7581,14.847,14.9377,15.0301,15.124,15.2192,15.3157,15.4131,15.5115,15.6108,15.7108,15.8115,15.9128,16.0147,16.117,16.2197,16.3228,16.4263,16.53,16.634,16.7382,16.8426,16.9471,17.0518,17.1566,17.2614,17.3663,17.4713,17.5762,17.6812,17.7862,17.8911,17.996,18.1008,18.2056,18.3103,18.4149,18.5195,18.6239,18.7282,18.8324,18.9365,19.0404,19.1443,19.2479,19.3514,19.4548,19.558,19.6611,19.764,19.8667,19.9692,20.0716,20.1738,20.2758,20.3777,20.4793,20.5808,20.6821,20.7832,20.8841,20.9848,21.0853,21.1856,21.2857,21.3856,21.4854,21.5849,21.6842,21.7833,21.8823,21.981
39.7799,35.7318,31.4456,26.8985,22.4558,19.0559,17.0432,15.9103,15.2319,14.7998,14.5136,14.3208,14.1916,14.1079,14.0579,14.0336,14.0295,14.0416,14.0667,14.1026,14.1476,14.2001,14.2591,14.3237,14.393,14.4665,14.5436,14.6239,14.707,14.7925,14.8803,14.97,15.0614,15.1544,15.2487,15.3443,15.441,15.5387,15.6373,15.7366,15.8367,15.9374,16.0387,16.1405,16.2427,16.3453,16.4483,16.5516,16.6551,16.7589,16.8629,16.967,17.0713,17.1757,17.2802,17.3848,17.4894,17.5941,17.6988,17.8034,17.9081,18.0127,18.1173,18.2218,18.3263,18.4306,18.5349,18.6391,18.7432,18.8472,18.9511,19.0548,19.1584,19.2619,19.3652,19.4684,19.5714,19.6743,19.777,19.8796,19.982,20.0842,20.1862,20.2881,20.3898,20.4913,20.5926,20.6937,20.7947,20.8955,20.996,21.0964,21.1966,21.2966,21.3964,21.496,21.5954,21.6946,21.7936,21.8925,21.9911
40.0156,36.0169,31.8052,27.3578,22.9798,19.5081,17.37,16.1486,15.4156,14.9486,14.6387,14.4289,14.287,14.1934,14.1355,14.1048,14.0954,14.1029,14.1241,14.1567,14.1987,14.2486,14.3052,14.3677,14.4351,14.5068,14.5824,14.6612,14.7429,14.8272,14.9138,15.0025,15.0929,15.1849,15.2784,15.3732,15.4691,15.566,15.6639,15.7626,15.862,15.9621,16.0628,16.1641,16.2658,16.3679,16.4704,16.5732,16.6763,16.7797,16.8833,16.987,17.091,17.195,17.2992,17.4034,17.5077,17.612,17.7164,17.8208,17.9251,18.0295,18.1338,18.2381,18.3423,18.4464,18.5504,18.6544,18.7583,18.862,18.9657,19.0692,19.1726,19.2759,19.3791,19.482,19.5849,19.6876,19.7901,19.8925,19.9947,20.0968,20.1987,20.3004,20.4019,20.5033,20.6045,20.7055,20.8063,20.9069,21.0073,21.1076,21.2077,21.3075,21.4072,21.5067,21.606,21.7051,21.804,21.9027,22.0012
40.2472,36.2951,32.1524,27.7975,23.4868,19.9623,17.7063,16.3948,15.6051,15.1017,14.767,14.5395,14.3844,14.2806,14.2145,14.1772,14.1622,14.1651,14.1823,14.2114,14.2503,14.2976,14.3518,14.4121,14.4776,14.5476,14.6215,14.6988,14.7792,14.8623,14.9477,15.0352,15.1246,15.2157,15.3083,15.4022,15.4973,15.5935,15.6907,15.7887,15.8875,15.987,16.0872,16.1879,16.289,16.3907,16.4927,16.595,16.6977,16.8006,16.9038,17.0072,17.1107,17.2144,17.3182,17.4221,17.5261,17.6301,17.7341,17.8382,17.9423,18.0464,18.1504,18.2544,18.3583,18.4622,18.566,18.6698,18.7734,18.877,18.9804,19.0837,19.1869,19.29,19.3929,19.4958,19.5984,19.7009,19.8033,19.9055,20.0076,20.1095,20.2112,20.3127,20.4141,20.5153,20.6164,20.7172,20.8179,20.9184,21.0187,21.1188,21.2188,21.3185,21.4181,21.5174,21.6166,21.7156,21.8144,21.913,22.0114
40.4747,36.5666,32.4884,28.2194,23.9766,20.4161,18.051,16.6488,15.8004,15.2589,14.8984,14.6526,14.4837,14.3693,14.2949,14.2507,14.23,14.2281,14.2412,14.2668,14.3026,14.3471,14.3989,14.457,14.5205,14.5887,14.661,14.7368,14.8158,14.8976,14.9818,15.0683,15.1566,15.2468,15.3384,15.4315,15.5258,15.6213,15.7177,15.8151,15.9132,16.0121,16.1117,16.2118,16.3124,16.4135,16.5151,16.617,16.7192,16.8217,16.9244,17.0274,17.1306,17.2339,17.3373,17.4409,17.5445,17.6482,17.752,17.8557,17.9595,18.0633,18.1671,18.2708,18.3745,18.4781,18.5817,18.6852,18.7886,18.8919,18.9952,19.0983,19.2013,19.3042,19.4069,19.5095,19.612,19.7143,19.8165,19.9186,20.0205,20.1222,20.2238,20.3251,20.4264,20.5274,20.6283,20.729,20.8296,20.9299,21.0301,21.1301,21.2299,21.3295,21.429,21.5282,21.6273,21.7261,21.8248,21.9233,22.0216
40.6985,36.832,32.814,28.6249,24.4496,20.8672,18.403,16.9104,16.0014,15.4204,15.0331,14.7681,14.5851,14.4597,14.3766,14.3253,14.2989,14.292,14.3009,14.3228,14.3555,14.3972,14.4465,14.5024,14.5638,14.6302,14.7008,14.7751,14.8527,14.9332,15.0162,15.1015,15.1889,15.278,15.3688,15.461,15.5545,15.6492,15.7449,15.8416,15.9391,16.0373,16.1363,16.2358,16.336,16.4366,16.5376,16.639,16.7408,16.8429,16.9452,17.0478,17.1505,17.2535,17.3566,17.4598,17.5631,17.6665,17.7699,17.8734,17.9769,18.0804,18.1838,18.2873,18.3907,18.4941,18.5975,18.7007,18.8039,18.907,19.01,19.1129,19.2157,19.3184,19.4209,19.5234,19.6257,19.7278,19.8298,19.9317,20.0334,20.135,20.2364,20.3376,20.4387,20.5396,20.6403,20.7409,20.8413,20.9415,21.0416,21.1414,21.2411,21.3406,21.4399,21.539,21.638,21.7367,21.8353,21.9336,22.0318
40.9186,37.0916,33.13,29.0154,24.9063,21.3138,18.761,17.1792,16.2081,15.5862,15.1711,14.8862,14.6884,14.5517,14.4597,14.4012,14.3687,14.3568,14.3614,14.3796,14.409,14.4478,14.4946,14.5482,14.6076,14.6721,14.741,14.8138,14.8899,14.9691,15.0509,15.1351,15.2214,15.3095,15.3993,15.4907,15.5834,15.6773,15.7723,15.8682,15.9651,16.0627,16.1611,16.2601,16.3596,16.4597,16.5602,16.6612,16.7625,16.8641,16.9661,17.0682,17.1706,17.2732,17.3759,17.4788,17.5817,17.6848,17.7879,17.8911,17.9943,18.0975,18.2007,18.3039,18.4071,18.5102,18.6133,18.7163,18.8193,18.9221,19.0249,19.1276,19.2302,19.3327,19.435,19.5373,19.6394,19.7413,19.8432,19.9449,20.0464,20.1478,20.249,20.3501,20.4511,20.5518,20.6524,20.7528,20.8531,20.9532,21.0531,21.1528,21.2523,21.3517,21.4509,21.5499,21.6487,21.7473,21.8458,21.944,22.0421
41.1353,37.3457,33.4371,29.3921,25.3476,21.7545,19.1236,17.4547,16.4205,15.7563,15.3123,15.0068,14.7938,14.6455,14.5441,14.4782,14.4395,14.4224,14.4227,14.437,14.4631,14.499,14.5432,14.5944,14.6518,14.7144,14.7816,14.8527,14.9275,15.0053,15.0859,15.1689,15.2541,15.3412,15.4301,15.5206,15.6124,15.7055,15.7998,15.8951,15.9912,16.0883,16.186,16.2844,16.3834,16.483,16.583,16.6835,16.7844,16.8855,16.987,17.0888,17.1908,17.293,17.3953,17.4978,17.6005,17.7032,17.806,17.9089,18.0118,18.1147,18.2176,18.3206,18.4235,18.5263,18.6292,18.732,18.8347,18.9373,19.0399,19.1424,19.2447,19.347,19.4492,19.5512,19.6531,19.7549,19.8566,19.9581,20.0595,20.1607,20.2618,20.3627,20.4635,20.5641,20.6645,20.7648,20.8649,20.9648,21.0646,21.1642,21.2636,21.3628,21.4619,21.5608,21.6595,21.758,21.8563,21.9545,22.0524
41.3487,37.5947,33.736,29.7561,25.774,22.1881,19.4895,17.7365,16.6384,15.9307,15.4568,15.13,14.9013,14.7408,14.63,14.5564,14.5114,14.489,14.4847,14.4952,14.5178,14.5507,14.5923,14.6412,14.6964,14.7571,14.8225,14.8921,14.9653,15.0418,15.1211,15.2029,15.2871,15.3732,15.4611,15.5507,15.6417,15.734,15.8275,15.9221,16.0176,16.1139,16.2111,16.3089,16.4074,16.5064,16.606,16.7059,16.8063,16.9071,17.0081,17.1095,17.2111,17.3129,17.4149,17.517,17.6193,17.7217,17.8242,17.9267,18.0293,18.132,18.2346,18.3373,18.4399,18.5426,18.6452,18.7477,18.8502,18.9526,19.0549,19.1572,19.2594,19.3614,19.4634,19.5652,19.667,19.7686,19.87,19.9714,20.0726,20.1736,20.2746,20.3753,20.4759,20.5764,20.6767,20.7768,20.8768,20.9766,21.0762,21.1757,21.2749,21.3741,21.473,21.5717,21.6703,21.7687,21.8669,21.965,22.0628
41.5589,37.8388,34.0271,30.1083,26.1863,22.6138,19.8575,18.024,16.8616,16.1093,15.6045,15.2558,15.0108,14.8379,14.7173,14.6357,14.5842,14.5564,14.5475,14.554,14.5732,14.6031,14.6419,14.6884,14.7414,14.8001,14.8638,14.9317,15.0035,15.0786,15.1566,15.2373,15.3203,15.4054,15.4924,15.581,15.6712,15.7627,15.8554,15.9493,16.0441,16.1398,16.2363,16.3336,16.4315,16.53,16.629,16.7285,16.8284,16.9287,17.0294,17.1303,17.2315,17.3329,17.4345,17.5363,17.6383,17.7403,17.8425,17.9447,18.047,18.1494,18.2517,18.3541,18.4565,18.5589,18.6612,18.7635,18.8657,18.9679,19.0701,19.1721,19.274,19.3759,19.4777,19.5793,19.6808,19.7823,19.8836,19.9847,20.0858,20.1866,20.2874,20.388,20.4884,20.5887,20.6889,20.7889,20.8887,20.9884,21.0878,21.1872,21.2863,21.3853,21.4841,21.5827,21.6812,21.7795,21.8776,21.9755,22.0732
41.7661,38.0784,34.3111,30.4497,26.5853,23.031,20.2264,18.3165,17.09,16.2921,15.7556,15.3842,15.1224,14.9367,14.806,14.7163,14.6581,14.6247,14.6111,14.6135,14.6292,14.6559,14.692,14.736,14.7869,14.8436,14.9054,14.9717,15.0419,15.1156,15.1924,15.2718,15.3537,15.4378,15.5238,15.6115,15.7008,15.7915,15.8835,15.9766,16.0708,16.1658,16.2617,16.3584,16.4557,16.5537,16.6522,16.7512,16.8506,16.9505,17.0507,17.1512,17.252,17.353,17.4543,17.5557,17.6573,17.759,17.8608,17.9628,18.0648,18.1668,18.2689,18.371,18.4731,18.5752,18.6773,18.7794,18.8814,18.9833,19.0852,19.1871,19.2888,19.3904,19.492,19.5935,19.6948,19.796,19.8971,19.9981,20.099,20.1997,20.3003,20.4007,20.501,20.6012,20.7012,20.801,20.9007,21.0002,21.0995,21.1987,21.2977,21.3966,21.4953,21.5938,21.6921,21.7903,21.8882,21.986,22.0837
41.9704,38.3135,34.5882,30.7809,26.9718,23.4393,20.595,18.6136,17.3233,16.4791,15.9099,15.5152,15.236,15.0371,14.8961,14.7981,14.7331,14.6939,14.6754,14.6737,14.6858,14.7094,14.7426,14.7842,14.8327,14.8874,14.9474,15.012,15.0807,15.153,15.2284,15.3067,15.3874,15.4704,15.5555,15.6423,15.7307,15.8206,15.9118,16.0041,16.0976,16.192,16.2873,16.3833,16.4801,16.5775,16.6755,16.774,16.873,16.9724,17.0721,17.1722,17.2726,17.3732,17.4741,17.5752,17.6764,17.7778,17.8793,17.9809,18.0826,18.1844,18.2862,18.388,18.4898,18.5917,18.6935,18.7953,18.8971,18.9988,19.1005,19.2021,19.3036,19.405,19.5064,19.6077,19.7088,19.8099,19.9108,20.0116,20.1123,20.2128,20.3132,20.4135,20.5136,20.6136,20.7135,20.8132,20.9127,21.0121,21.1113,21.2103,21.3092,21.4079,21.5065,21.6049,21.7031,21.8011,21.899,21.9966,22.0942
42.172,38.5445,34.8591,31.1027,27.3465,23.8386,20.9623,18.9143,17.5612,16.67,16.0675,15.6487,15.3518,15.1393,14.9876,14.881,14.809,14.764,14.7406,14.7346,14.743,14.7633,14.7938,14.8327,14.8791,14.9317,14.9898,15.0527,15.1198,15.1907,15.2648,15.3418,15.4214,15.5033,15.5873,15.6732,15.7607,15.8498,15.9402,16.0318,16.1246,16.2183,16.313,16.4084,16.5046,16.6015,16.6989,16.7969,16.8954,16.9944,17.0937,17.1933,17.2933,17.3936,17.494,17.5947,17.6956,17.7967,17.8979,17.9992,18.1005,18.202,18.3035,18.4051,18.5066,18.6082,18.7098,18.8113,18.9129,19.0144,19.1158,19.2172,19.3185,19.4197,19.5209,19.6219,19.7229,19.8237,19.9245,20.0251,20.1256,20.226,20.3262,20.4263,20.5263,20.6261,20.7258,20.8254,20.9248,21.024,21.1231,21.222,21.3207,21.4193,21.5177,21.616,21.7141,21.812,21.9097,22.0073,22.1047
42.3709,38.7715,35.1239,31.4156,27.71,24.2287,21.3275,19.2182,17.8035,16.8649,16.2283,15.7849,15.4697,15.2432,15.0805,14.9652,14.886,14.8351,14.8065,14.7962,14.8008,14.8179,14.8454,14.8818,14.9258,14.9763,15.0325,15.0937,15.1592,15.2286,15.3014,15.3771,15.4556,15.5364,15.6194,15.7044,15.791,15.8792,15.9688,16.0597,16.1517,16.2448,16.3388,16.4337,16.5293,16.6256,16.7225,16.82,16.918,17.0165,17.1153,17.2146,17.3141,17.414,17.5141,17.6144,17.715,17.8157,17.9165,18.0175,18.1186,18.2197,18.3209,18.4222,18.5235,18.6248,18.7261,18.8274,18.9287,19.03,19.1312,19.2323,19.3334,19.4344,19.5354,19.6362,19.737,19.8377,19.9382,20.0387,20.139,20.2392,20.3393,20.4392,20.539,20.6387,20.7382,20.8376,20.9369,21.036,21.1349,21.2337,21.3323,21.4307,21.529,21.6271,21.7251,21.8229,21.9205,22.018,22.1152
42.5672,38.9948,35.3831,31.7203,28.063,24.6098,21.6898,19.5245,18.0498,17.0637,16.3923,15.9236,15.5896,15.3488,15.1749,15.0506,14.9641,14.907,14.8733,14.8585,14.8593,14.873,14.8976,14.9313,14.9729,15.0214,15.0756,15.1351,15.199,15.2669,15.3382,15.4128,15.49,15.5698,15.6517,15.7357,15.8215,15.9088,15.9976,16.0878,16.1791,16.2715,16.3648,16.459,16.5541,16.6498,16.7462,16.8432,16.9407,17.0387,17.1371,17.2359,17.3351,17.4345,17.5342,17.6342,17.7344,17.8347,17.9352,18.0359,18.1366,18.2375,18.3384,18.4394,18.5404,18.6415,18.7425,18.8436,18.9446,19.0457,19.1466,19.2476,19.3484,19.4492,19.55,19.6506,19.7512,19.8517,19.952,20.0523,20.1524,20.2525,20.3524,20.4522,20.5518,20.6513,20.7507,20.8499,20.949,21.048,21.1468,21.2454,21.3439,21.4422,21.5404,21.6384,21.7362,21.8339,21.9314,22.0287,22.1259
42.761,39.2145,35.637,32.0173,28.4062,24.9819,22.0485,19.8324,18.2998,17.2661,16.5594,16.0648,15.7116,15.4561,15.2708,15.1372,15.0432,14.9798,14.9408,14.9216,14.9184,14.9287,14.9502,14.9813,15.0205,15.0668,15.1191,15.1767,15.239,15.3054,15.3754,15.4486,15.5247,15.6033,15.6843,15.7673,15.8521,15.9386,16.0266,16.116,16.2066,16.2983,16.391,16.4846,16.579,16.6742,16.77,16.8665,16.9635,17.061,17.159,17.2574,17.3561,17.4551,17.5545,17.6541,17.7539,17.8539,17.9541,18.0544,18.1548,18.2554,18.356,18.4567,18.5575,18.6582,18.759,18.8598,18.9606,19.0614,19.1621,19.2628,19.3635,19.4641,19.5646,19.6651,19.7654,19.8657,19.9659,20.066,20.1659,20.2658,20.3655,20.4652,20.5646,20.664,20.7632,20.8623,20.9612,21.06,21.1587,21.2572,21.3555,21.4537,21.5517,21.6496,21.7473,21.8449,21.9422,22.0395,22.1365
42.9525,39.4307,35.8858,32.3071,28.74,25.3452,22.4032,20.1415,18.5531,17.472,16.7296,16.2086,15.8357,15.5652,15.368,15.2251,15.1233,15.0535,15.0092,14.9853,14.9782,14.985,15.0034,15.0318,15.0685,15.1126,15.1629,15.2187,15.2794,15.3442,15.4128,15.4848,15.5596,15.6372,15.717,15.799,15.8829,15.9686,16.0558,16.1444,16.2342,16.3252,16.4172,16.5102,16.6041,16.6987,16.794,16.8899,16.9865,17.0835,17.181,17.2789,17.3772,17.4759,17.5748,17.674,17.7735,17.8731,17.973,18.073,18.1731,18.2733,18.3737,18.4741,18.5745,18.6751,18.7756,18.8761,18.9767,19.0772,19.1777,19.2782,19.3786,19.479,19.5793,19.6796,19.7797,19.8798,19.9798,20.0797,20.1795,20.2792,20.3787,20.4782,20.5775,20.6767,20.7758,20.8747,20.9735,21.0721,21.1706,21.269,21.3672,21.4653,21.5632,21.6609,21.7585,21.8559,21.9532,22.0503,22.1472
43.1417,39.6437,36.1299,32.59,29.065,25.7,22.7534,20.451,18.8094,17.6812,16.9027,16.3549,15.9619,15.6759,15.4667,15.3141,15.2045,15.1282,15.0783,15.0497,15.0385,15.0418,15.0571,15.0827,15.117,15.1588,15.2071,15.2611,15.32,15.3834,15.4505,15.5211,15.5948,15.6712,15.75,15.831,15.914,15.9987,16.0851,16.1729,16.262,16.3523,16.4437,16.536,16.6293,16.7233,16.8181,16.9135,17.0095,17.1061,17.2031,17.3006,17.3985,17.4967,17.5953,17.6941,17.7932,17.8925,17.992,18.0916,18.1914,18.2914,18.3914,18.4915,18.5917,18.692,18.7922,18.8925,18.9928,19.0931,19.1934,19.2936,19.3938,19.494,19.5941,19.6941,19.7941,19.894,19.9938,20.0935,20.1931,20.2926,20.392,20.4913,20.5904,20.6895,20.7884,20.8872,20.9858,21.0843,21.1827,21.2809,21.3789,21.4769,21.5746,21.6722,21.7697,21.867,21.9641,22.0611,22.1579
43.3287,39.8535,36.3695,32.8665,29.3817,26.0464,23.0987,20.7605,19.0682,17.8936,17.0788,16.5037,16.0901,15.7884,15.5668,15.4044,15.2867,15.2037,15.1482,15.1148,15.0995,15.0992,15.1113,15.1341,15.1659,15.2054,15.2517,15.3038,15.361,15.4228,15.4885,15.5578,15.6302,15.7054,15.7832,15.8632,15.9452,16.0291,16.1146,16.2016,16.29,16.3796,16.4703,16.562,16.6546,16.7481,16.8423,16.9372,17.0327,17.1288,17.2253,17.3224,17.4198,17.5176,17.6158,17.7142,17.813,17.9119,18.0111,18.1104,18.2099,18.3095,18.4092,18.5091,18.609,18.7089,18.8089,18.909,19.009,19.1091,19.2091,19.3091,19.4091,19.509,19.6089,19.7088,19.8085,19.9082,20.0078,20.1074,20.2068,20.3061,20.4053,20.5044,20.6034,20.7023,20.801,20.8997,20.9982,21.0965,21.1947,21.2928,21.3907,21.4885,21.5861,21.6836,21.7809,21.8781,21.9751,22.072,22.1687
43.5136,40.0603,36.6047,33.1369,29.6905,26.3849,23.4391,21.0693,19.3291,18.109,17.2576,16.6548,16.2203,15.9026,15.6684,15.4959,15.37,15.2802,15.2189,15.1807,15.1611,15.1571,15.166,15.1859,15.2151,15.2524,15.2966,15.3468,15.4023,15.4625,15.5268,15.5947,15.6659,15.7399,15.8166,15.8956,15.9767,16.0596,16.1443,16.2305,16.3181,16.407,16.497,16.5881,16.6801,16.773,16.8666,16.961,17.056,17.1516,17.2477,17.3443,17.4413,17.5387,17.6364,17.7345,17.8328,17.9314,18.0302,18.1292,18.2284,18.3277,18.4271,18.5267,18.6263,18.726,18.8257,18.9255,19.0253,19.1251,19.2249,19.3247,19.4244,19.5241,19.6238,19.7235,19.823,19.9225,20.0219,20.1213,20.2205,20.3196,20.4187,20.5176,20.6165,20.7152,20.8138,20.9122,21.0106,21.1088,21.2068,21.3048,21.4025,21.5002,21.5977,21.695,21.7922,21.8893,21.9862,22.0829,22.1795
43.6964,40.2643,36.8358,33.4015,29.992,26.7155,23.7741,21.377,19.5918,18.3271,17.4392,16.8084,16.3525,16.0184,15.7714,15.5886,15.4543,15.3575,15.2905,15.2472,15.2234,15.2156,15.2213,15.2382,15.2649,15.2998,15.3419,15.3902,15.4439,15.5025,15.5653,15.6319,15.7018,15.7746,15.8502,15.9282,16.0083,16.0903,16.1742,16.2596,16.3464,16.4346,16.5239,16.6143,16.7057,16.798,16.8911,16.9849,17.0794,17.1745,17.2701,17.3663,17.4628,17.5598,17.6572,17.7548,17.8528,17.951,18.0495,18.1481,18.247,18.346,18.4451,18.5443,18.6437,18.7431,18.8426,18.9421,19.0416,19.1412,19.2407,19.3403,19.4398,19.5393,19.6388,19.7382,19.8376,19.9368,20.0361,20.1352,20.2343,20.3332,20.4321,20.5309,20.6295,20.7281,20.8265,20.9248,21.023,21.1211,21.219,21.3168,21.4144,21.5119,21.6093,21.7065,21.8036,21.9005,21.9973,22.0939,22.1903
43.8772,40.4654,37.063,33.6608,30.2864,27.0387,24.1038,21.6832,19.8559,18.5476,17.6233,16.9643,16.4868,16.1359,15.8758,15.6824,15.5396,15.4358,15.3628,15.3145,15.2863,15.2747,15.277,15.291,15.315,15.3475,15.3875,15.4339,15.4858,15.5428,15.6041,15.6693,15.7379,15.8096,15.884,15.961,16.0401,16.1212,16.2042,16.2888,16.3749,16.4623,16.551,16.6407,16.7315,16.8232,16.9157,17.009,17.1029,17.1975,17.2927,17.3884,17.4845,17.5811,17.678,17.7753,17.8729,17.9707,18.0688,18.1672,18.2657,18.3643,18.4632,18.5621,18.6611,18.7603,18.8595,18.9587,19.058,19.1573,19.2566,19.356,19.4553,19.5545,19.6538,19.753,19.8522,19.9512,20.0503,20.1492,20.2481,20.3469,20.4456,20.5442,20.6427,20.741,20.8393,20.9375,21.0355,21.1334,21.2312,21.3288,21.4263,21.5237,21.6209,21.718,21.815,21.9117,22.0084,22.1049,22.2012
44.0561,40.6639,37.2865,33.9148,30.5741,27.3546,24.4281,21.9875,20.121,18.7705,17.81,17.1224,16.6229,16.2551,15.9816,15.7775,15.626,15.515,15.4359,15.3824,15.3498,15.3343,15.3332,15.3443,15.3656,15.3957,15.4335,15.4779,15.5281,15.5834,15.6432,15.7069,15.7743,15.8448,15.9181,15.994,16.0721,16.1523,16.2344,16.3182,16.4035,16.4902,16.5782,16.6673,16.7574,16.8485,16.9404,17.0332,17.1266,17.2207,17.3154,17.4106,17.5063,17.6024,17.6989,17.7958,17.893,17.9905,18.0883,18.1863,18.2844,18.3828,18.4813,18.5799,18.6787,18.7775,18.8765,18.9755,19.0745,19.1735,19.2726,19.3717,19.4708,19.5698,19.6689,19.7679,19.8668,19.9657,20.0645,20.1633,20.262,20.3606,20.4591,20.5575,20.6558,20.7541,20.8522,20.9502,21.048,21.1458,21.2434,21.3409,21.4383,21.5355,21.6326,21.7296,21.8264,21.923,22.0196,22.1159,22.2121
44.2332,40.8598,37.5064,34.164,30.8555,27.6637,24.747,22.2896,20.3868,18.9954,17.999,17.2827,16.761,16.3759,16.0888,15.8738,15.7134,15.595,15.5098,15.4511,15.4139,15.3945,15.39,15.398,15.4166,15.4443,15.4798,15.5222,15.5706,15.6242,15.6825,15.7449,15.8109,15.8802,15.9523,16.0272,16.1043,16.1836,16.2648,16.3478,16.4323,16.5182,16.6055,16.6939,16.7834,16.8739,16.9653,17.0574,17.1504,17.2439,17.3381,17.4329,17.5281,17.6238,17.72,17.8164,17.9133,18.0104,18.1078,18.2054,18.3033,18.4013,18.4995,18.5979,18.6963,18.7949,18.8935,18.9922,19.091,19.1898,19.2887,19.3875,19.4863,19.5852,19.684,19.7828,19.8815,19.9802,20.0788,20.1774,20.2759,20.3743,20.4727,20.5709,20.6691,20.7671,20.8651,20.9629,21.0606,21.1582,21.2557,21.3531,21.4503,21.5474,21.6443,21.7412,21.8378,21.9344,22.0308,22.127,22.2231
44.4084,41.0533,37.7229,34.4084,31.1309,27.9661,25.0604,22.5892,20.6528,19.2221,18.1902,17.4452,16.901,16.4983,16.1974,15.9713,15.8019,15.676,15.5845,15.5204,15.4787,15.4553,15.4473,15.4521,15.468,15.4932,15.5265,15.5669,15.6135,15.6654,15.7221,15.783,15.8477,15.9158,15.9868,16.0606,16.1367,16.2151,16.2954,16.3775,16.4612,16.5464,16.633,16.7207,16.8096,16.8995,16.9902,17.0819,17.1742,17.2673,17.361,17.4553,17.5501,17.6454,17.7411,17.8372,17.9336,18.0304,18.1274,18.2247,18.3222,18.4199,18.5178,18.6158,18.714,18.8123,18.9107,19.0091,19.1076,19.2062,19.3048,19.4034,19.502,19.6006,19.6992,19.7978,19.8963,19.9948,20.0932,20.1916,20.2899,20.3881,20.4863,20.5844,20.6824,20.7802,20.878,20.9757,21.0733,21.1707,21.268,21.3652,21.4623,21.5593,21.6561,21.7528,21.8493,21.9457,22.042,22.1381,22.2341
44.5819,41.2444,37.9361,34.6485,31.4006,28.2621,25.3684,22.886,20.9189,19.4504,18.3835,17.6097,17.0428,16.6223,16.3073,16.07,15.8913,15.7579,15.6599,15.5904,15.544,15.5166,15.505,15.5068,15.5198,15.5425,15.5736,15.612,15.6566,15.7069,15.762,15.8215,15.8848,15.9516,16.0215,16.0942,16.1693,16.2467,16.3261,16.4074,16.4903,16.5748,16.6606,16.7477,16.8359,16.9251,17.0153,17.1064,17.1982,17.2908,17.384,17.4778,17.5722,17.667,17.7623,17.858,17.954,18.0504,18.1471,18.244,18.3412,18.4386,18.5362,18.6339,18.7318,18.8298,18.9279,19.026,19.1243,19.2226,19.3209,19.4193,19.5177,19.6161,19.7144,19.8128,19.9111,20.0094,20.1076,20.2058,20.3039,20.402,20.5,20.5979,20.6957,20.7934,20.891,20.9885,21.0859,21.1832,21.2804,21.3775,21.4744,21.5712,21.6679,21.7645,21.8609,21.9572,22.0533,22.1493,22.2451
44.7538,41.4332,38.1462,34.8843,31.6649,28.5521,25.6711,23.1799,21.1847,19.6801,18.5787,17.7762,17.1864,16.7479,16.4186,16.1698,15.9818,15.8406,15.7362,15.6612,15.61,15.5785,15.5633,15.5619,15.5721,15.5923,15.621,15.6573,15.7001,15.7486,15.8021,15.8602,15.9222,15.9877,16.0564,16.128,16.2021,16.2785,16.357,16.4375,16.5196,16.6033,16.6884,16.7748,16.8623,16.951,17.0406,17.1311,17.2224,17.3144,17.4071,17.5005,17.5944,17.6888,17.7836,17.8789,17.9746,18.0706,18.1669,18.2635,18.3603,18.4574,18.5546,18.652,18.7496,18.8473,18.9451,19.0431,19.141,19.2391,19.3372,19.4353,19.5334,19.6316,19.7298,19.8279,19.926,20.0241,20.1221,20.2201,20.318,20.4159,20.5137,20.6114,20.7091,20.8066,20.9041,21.0014,21.0987,21.1958,21.2928,21.3897,21.4865,21.5832,21.6798,21.7762,21.8725,21.9686,22.0646,22.1605,22.2562
44.9239,41.6198,38.3533,35.116,31.924,28.8361,25.9686,23.4707,21.4499,19.9108,18.7758,17.9446,17.3318,16.8751,16.5313,16.2709,16.0733,15.9243,15.8132,15.7326,15.6766,15.6409,15.6221,15.6174,15.6247,15.6424,15.6688,15.703,15.7439,15.7906,15.8426,15.8991,15.9597,16.024,16.0915,16.162,16.2351,16.3105,16.3881,16.4677,16.549,16.6319,16.7163,16.802,16.8889,16.9769,17.0659,17.1558,17.2466,17.3381,17.4303,17.5232,17.6166,17.7106,17.805,17.8999,17.9952,18.0908,18.1867,18.283,18.3795,18.4762,18.5731,18.6703,18.7675,18.865,18.9625,19.0601,19.1578,19.2556,19.3535,19.4514,19.5493,19.6472,19.7451,19.843,19.9409,20.0388,20.1367,20.2344,20.3322,20.4299,20.5275,20.625,20.7225,20.8199,20.9171,21.0143,21.1114,21.2084,21.3053,21.4021,21.4987,21.5952,21.6916,21.7879,21.8841,21.9801,22.076,22.1717,22.2673
45.0925,41.8042,38.5575,35.3439,32.1781,29.1146,26.2608,23.7583,21.7143,20.1424,18.9744,18.1148,17.4789,17.0038,16.6453,16.373,16.1658,16.0088,15.891,15.8047,15.7439,15.7039,15.6814,15.6734,15.6778,15.6928,15.717,15.749,15.7879,15.8329,15.8832,15.9383,15.9975,16.0605,16.1268,16.1962,16.2682,16.3427,16.4194,16.4981,16.5786,16.6607,16.7444,16.8294,16.9156,17.003,17.0914,17.1807,17.2709,17.362,17.4537,17.546,17.639,17.7325,17.8265,17.921,18.0159,18.1111,18.2067,18.3026,18.3987,18.4951,18.5917,18.6885,18.7855,18.8826,18.9799,19.0773,19.1747,19.2723,19.3698,19.4675,19.5652,19.6628,19.7605,19.8583,19.9559,20.0536,20.1512,20.2488,20.3464,20.4439,20.5413,20.6387,20.736,20.8332,20.9303,21.0273,21.1242,21.2211,21.3178,21.4144,21.5109,21.6073,21.7036,21.7997,21.8957,21.9916,22.0874,22.183,22.2785
45.2596,41.9866,38.7589,35.5681,32.4276,29.3876,26.5481,24.0425,21.9776,20.3747,19.1746,18.2867,17.6276,17.1339,16.7606,16.4763,16.2593,16.0942,15.9696,15.8775,15.8117,15.7675,15.7412,15.7299,15.7313,15.7437,15.7655,15.7953,15.8323,15.8755,15.9242,15.9777,16.0356,16.0972,16.1624,16.2306,16.3016,16.3751,16.4508,16.5286,16.6083,16.6897,16.7726,16.8569,16.9424,17.0292,17.117,17.2058,17.2954,17.3859,17.4771,17.569,17.6615,17.7546,17.8481,17.9422,18.0367,18.1315,18.2267,18.3223,18.4181,18.5141,18.6104,18.7069,18.8036,18.9004,18.9974,19.0945,19.1917,19.2889,19.3863,19.4837,19.5811,19.6786,19.776,19.8735,19.971,20.0684,20.1659,20.2633,20.3606,20.4579,20.5552,20.6524,20.7495,20.8465,20.9435,21.0403,21.1371,21.2338,21.3304,21.4268,21.5232,21.6194,21.7155,21.8116,21.9074,22.0032,22.0988,22.1943,22.2897
45.4251,42.1669,38.9576,35.7888,32.6725,29.6554,26.8304,24.3233,22.2396,20.6074,19.3761,18.4602,17.7779,17.2655,16.8771,16.5807,16.3538,16.1804,16.049,15.951,15.8802,15.8316,15.8014,15.7868,15.7853,15.795,15.8143,15.842,15.877,15.9184,15.9654,16.0174,16.0738,16.1342,16.1981,16.2652,16.3351,16.4076,16.4824,16.5593,16.6382,16.7188,16.8009,16.8845,16.9694,17.0555,17.1427,17.2309,17.32,17.4099,17.5006,17.592,17.6841,17.7767,17.8698,17.9635,18.0575,18.152,18.2469,18.342,18.4375,18.5332,18.6292,18.7254,18.8217,18.9183,19.0149,19.1117,19.2087,19.3057,19.4028,19.4999,19.5971,19.6943,19.7916,19.8888,19.9861,20.0833,20.1806,20.2778,20.3749,20.4721,20.5691,20.6661,20.7631,20.8599,20.9567,21.0534,21.15,21.2465,21.343,21.4393,21.5355,21.6316,21.7276,21.8234,21.9192,22.0148,22.1103,22.2057,22.3009
45.5892,42.3454,39.1538,36.006,32.9132,29.9183,27.1079,24.6006,22.5002,20.8404,19.5788,18.6352,17.9298,17.3985,16.995,16.6863,16.4493,16.2675,16.1291,16.0252,15.9493,15.8962,15.8622,15.8442,15.8396,15.8466,15.8635,15.889,15.922,15.9615,16.0069,16.0573,16.1123,16.1714,16.2341,16.3,16.3688,16.4403,16.5142,16.5902,16.6682,16.748,16.8294,16.9123,16.9965,17.082,17.1685,17.2561,17.3447,17.4341,17.5243,17.6152,17.7068,17.7989,17.8916,17.9848,18.0785,18.1726,18.2671,18.3619,18.457,18.5524,18.648,18.7439,18.8399,18.9362,19.0326,19.1291,19.2257,19.3225,19.4193,19.5162,19.6132,19.7102,19.8072,19.9042,20.0013,20.0983,20.1953,20.2923,20.3893,20.4862,20.5831,20.6799,20.7767,20.8734,20.97,21.0665,21.163,21.2593,21.3556,21.4518,21.5478,21.6438,21.7396,21.8353,21.931,22.0265,22.1218,22.2171,22.3122
45.7519,42.522,39.3474,36.22,33.1497,30.1764,27.3806,24.8745,22.7592,21.0734,19.7825,18.8117,18.0831,17.5329,17.1141,16.7929,16.5457,16.3555,16.21,16.1,16.0189,15.9614,15.9235,15.902,15.8944,15.8986,15.913,15.9363,15.9673,16.005,16.0486,16.0975,16.1511,16.2088,16.2702,16.335,16.4027,16.4732,16.5461,16.6213,16.6984,16.7774,16.858,16.9402,17.0237,17.1085,17.1945,17.2815,17.3695,17.4584,17.548,17.6384,17.7295,17.8212,17.9135,18.0063,18.0996,18.1933,18.2873,18.3818,18.4765,18.5716,18.6669,18.7624,18.8582,18.9541,19.0503,19.1465,19.2429,19.3394,19.4359,19.5326,19.6293,19.7261,19.8228,19.9197,20.0165,20.1133,20.2101,20.3069,20.4037,20.5004,20.5971,20.6938,20.7903,20.8869,20.9833,21.0797,21.176,21.2722,21.3683,21.4643,21.5602,21.656,21.7517,21.8473,21.9428,22.0381,22.1334,22.2285,22.3235
45.9132,42.6967,39.5387,36.4309,33.3823,30.4299,27.6489,25.1448,23.0163,21.3063,19.9871,18.9895,18.2379,17.6687,17.2344,16.9007,16.6431,16.4443,16.2916,16.1756,16.0892,16.0271,15.9852,15.9602,15.9495,15.951,15.9629,15.9839,16.0129,16.0487,16.0906,16.1379,16.19,16.2464,16.3066,16.3702,16.4368,16.5063,16.5782,16.6525,16.7288,16.8069,16.8868,16.9682,17.0511,17.1352,17.2206,17.307,17.3944,17.4827,17.5719,17.6618,17.7524,17.8437,17.9355,18.0279,18.1207,18.214,18.3077,18.4018,18.4962,18.5909,18.6859,18.7811,18.8766,18.9722,19.068,19.164,19.2601,19.3563,19.4526,19.549,19.6455,19.742,19.8386,19.9352,20.0318,20.1284,20.225,20.3216,20.4182,20.5147,20.6112,20.7077,20.8041,20.9004,20.9967,21.0929,21.189,21.2851,21.381,21.4769,21.5726,21.6683,21.7639,21.8593,21.9546,22.0499,22.145,22.24,22.3348
46.0731,42.8697,39.7277,36.6388,33.6111,30.6791,27.9127,25.4116,23.2716,21.5389,20.1925,19.1685,18.3939,17.8058,17.3559,17.0094,16.7415,16.534,16.374,16.2517,16.1601,16.0934,16.0475,16.0189,16.0051,16.0037,16.0132,16.0319,16.0587,16.0927,16.1329,16.1786,16.2292,16.2842,16.3431,16.4056,16.4711,16.5395,16.6105,16.6838,16.7593,16.8366,16.9157,16.9964,17.0786,17.1621,17.2468,17.3326,17.4194,17.5072,17.5958,17.6853,17.7754,17.8662,17.9576,18.0495,18.1419,18.2348,18.3282,18.4219,18.5159,18.6103,18.7049,18.7998,18.895,18.9903,19.0858,19.1815,19.2773,19.3733,19.4694,19.5655,19.6617,19.758,19.8543,19.9507,20.0471,20.1435,20.2399,20.3363,20.4327,20.529,20.6253,20.7216,20.8178,20.914,21.0101,21.1061,21.2021,21.298,21.3938,21.4895,21.5851,21.6806,21.776,21.8713,21.9665,22.0616,22.1566,22.2515,22.3462
46.2317,43.041,39.9144,36.8438,33.8362,30.9239,28.1721,25.6748,23.5249,21.771,20.3984,19.3487,18.5513,17.9441,17.4785,17.1193,16.8407,16.6245,16.4571,16.3286,16.2315,16.1602,16.1102,16.0781,16.0611,16.0569,16.0637,16.0802,16.1049,16.137,16.1754,16.2195,16.2687,16.3223,16.3799,16.4411,16.5056,16.573,16.643,16.7154,16.7899,16.8665,16.9448,17.0248,17.1062,17.189,17.2731,17.3583,17.4446,17.5318,17.6199,17.7088,17.7985,17.8888,17.9797,18.0712,18.1633,18.2558,18.3487,18.442,18.5357,18.6297,18.7241,18.8186,18.9135,19.0085,19.1037,19.1991,19.2947,19.3904,19.4862,19.5821,19.678,19.7741,19.8702,19.9663,20.0625,20.1587,20.2549,20.351,20.4472,20.5434,20.6395,20.7356,20.8316,20.9276,21.0236,21.1194,21.2152,21.3109,21.4066,21.5021,21.5976,21.693,21.7883,21.8834,21.9785,22.0734,22.1683,22.263,22.3576
46.3891,43.2106,40.099,37.046,34.0579,31.1647,28.4274,25.9346,23.7761,22.0025,20.6048,19.5298,18.7099,18.0836,17.6023,17.2301,16.9409,16.7158,16.5409,16.4061,16.3036,16.2275,16.1734,16.1377,16.1174,16.1104,16.1147,16.1288,16.1514,16.1815,16.2182,16.2607,16.3083,16.3606,16.4169,16.4769,16.5402,16.6066,16.6756,16.747,16.8207,16.8964,16.974,17.0532,17.134,17.2161,17.2996,17.3842,17.4698,17.5565,17.6441,17.7325,17.8216,17.9115,18.002,18.0931,18.1847,18.2768,18.3693,18.4623,18.5556,18.6493,18.7433,18.8375,18.932,19.0268,19.1217,19.2168,19.3121,19.4075,19.503,19.5987,19.6944,19.7902,19.8861,19.982,20.0779,20.1739,20.2699,20.3659,20.4618,20.5578,20.6537,20.7496,20.8455,20.9413,21.0371,21.1328,21.2284,21.324,21.4194,21.5148,21.6102,21.7054,21.8005,21.8955,21.9905,22.0853,22.18,22.2746,22.3691
46.5452,43.3787,40.2815,37.2455,34.2762,31.4016,28.6787,26.1909,24.0251,22.2333,20.8116,19.7119,18.8697,18.2243,17.7273,17.342,17.042,16.8079,16.6255,16.4842,16.3762,16.2954,16.2371,16.1977,16.1742,16.1642,16.1659,16.1777,16.1982,16.2263,16.2612,16.3021,16.3482,16.399,16.4541,16.5129,16.5751,16.6403,16.7084,16.7789,16.8517,16.9266,17.0033,17.0818,17.1618,17.2433,17.3261,17.4101,17.4952,17.5813,17.6684,17.7562,17.8449,17.9343,18.0243,18.115,18.2062,18.2979,18.39,18.4826,18.5756,18.6689,18.7625,18.8565,18.9507,19.0451,19.1397,19.2345,19.3295,19.4247,19.52,19.6153,19.7108,19.8064,19.902,19.9977,20.0934,20.1892,20.2849,20.3807,20.4765,20.5723,20.668,20.7637,20.8594,20.955,21.0506,21.1462,21.2416,21.337,21.4323,21.5276,21.6228,21.7178,21.8128,21.9077,22.0025,22.0972,22.1917,22.2862,22.3805
46.7002,43.5452,40.462,37.4424,34.4913,31.6347,28.9259,26.4438,24.2718,22.4632,21.0185,19.8948,19.0305,18.3662,17.8533,17.4549,17.144,16.9008,16.7107,16.563,16.4494,16.3638,16.3013,16.2582,16.2314,16.2185,16.2175,16.2269,16.2453,16.2714,16.3045,16.3437,16.3883,16.4377,16.4915,16.549,16.6101,16.6743,16.7413,16.8109,16.8828,16.9568,17.0328,17.1105,17.1898,17.2706,17.3528,17.4362,17.5207,17.6062,17.6927,17.7801,17.8683,17.9572,18.0468,18.137,18.2277,18.319,18.4108,18.503,18.5956,18.6886,18.7819,18.8755,18.9694,19.0635,19.1578,19.2524,19.3471,19.4419,19.5369,19.6321,19.7273,19.8226,19.918,20.0135,20.109,20.2045,20.3001,20.3956,20.4912,20.5868,20.6823,20.7779,20.8734,20.9688,21.0642,21.1596,21.2549,21.3501,21.4453,21.5404,21.6354,21.7303,21.8251,21.9199,22.0145,22.1091,22.2035,22.2978,22.3921
46.8539,43.7101,40.6406,37.6368,34.7033,31.8642,29.1694,26.6934,24.5163,22.692,21.2255,20.0784,19.1923,18.5091,17.9803,17.5687,17.2469,16.9945,16.7967,16.6424,16.5232,16.4327,16.3659,16.3191,16.2889,16.2731,16.2695,16.2764,16.2926,16.3168,16.3481,16.3856,16.4287,16.4766,16.529,16.5854,16.6453,16.7084,16.7744,16.843,16.9141,16.9872,17.0624,17.1394,17.218,17.2981,17.3796,17.4624,17.5463,17.6313,17.7172,17.8041,17.8917,17.9802,18.0693,18.1591,18.2494,18.3403,18.4317,18.5235,18.6157,18.7084,18.8013,18.8946,18.9881,19.0819,19.176,19.2702,19.3647,19.4593,19.554,19.6489,19.7438,19.8389,19.9341,20.0293,20.1246,20.2199,20.3152,20.4106,20.506,20.6013,20.6967,20.792,20.8874,20.9826,21.0779,21.1731,21.2682,21.3633,21.4583,21.5532,21.6481,21.7428,21.8375,21.9321,22.0266,22.121,22.2153,22.3095,22.4036
47.0065,43.8736,40.8172,37.8289,34.9124,32.0902,29.4092,26.9396,24.7584,22.9198,21.4325,20.2627,19.3551,18.6531,18.1083,17.6835,17.3506,17.089,16.8834,16.7225,16.5975,16.5021,16.4311,16.3804,16.3469,16.3281,16.3218,16.3263,16.3403,16.3625,16.3919,16.4277,16.4692,16.5158,16.5668,16.6219,16.6807,16.7427,16.8077,16.8754,16.9455,17.0178,17.0922,17.1684,17.2462,17.3257,17.4065,17.4886,17.572,17.6564,17.7418,17.8281,17.9153,18.0033,18.0919,18.1812,18.2712,18.3616,18.4526,18.5441,18.6359,18.7282,18.8208,18.9137,19.007,19.1005,19.1942,19.2882,19.3823,19.4766,19.5711,19.6657,19.7604,19.8553,19.9502,20.0452,20.1402,20.2353,20.3305,20.4256,20.5208,20.616,20.7111,20.8063,20.9014,20.9965,21.0916,21.1866,21.2815,21.3764,21.4713,21.5661,21.6608,21.7554,21.8499,21.9444,22.0388,22.133,22.2272,22.3213,22.4152
47.158,44.0357,40.992,38.0185,35.1185,32.3128,29.6453,27.1825,24.9981,23.1464,21.6394,20.4475,19.5188,18.798,18.2374,17.7992,17.4552,17.1843,16.9708,16.8031,16.6725,16.572,16.4966,16.4421,16.4053,16.3834,16.3744,16.3764,16.3882,16.4084,16.4359,16.4701,16.51,16.5551,16.6048,16.6587,16.7162,16.7772,16.8411,16.9078,16.977,17.0485,17.122,17.1975,17.2746,17.3534,17.4335,17.5151,17.5978,17.6816,17.7665,17.8523,17.939,18.0264,18.1146,18.2035,18.293,18.3831,18.4736,18.5647,18.6562,18.7481,18.8404,18.933,19.0259,19.1191,19.2125,19.3062,19.4,19.4941,19.5883,19.6826,19.7771,19.8717,19.9664,20.0611,20.1559,20.2508,20.3457,20.4407,20.5356,20.6306,20.7256,20.8205,20.9155,21.0104,21.1053,21.2001,21.2949,21.3897,21.4844,21.579,21.6735,21.768,21.8624,21.9567,22.0509,22.1451,22.2391,22.333,22.4269
47.3083,44.1963,41.1651,38.206,35.3219,32.5321,29.878,27.4222,25.2355,23.3718,21.8459,20.6327,19.6832,18.9439,18.3674,17.9159,17.5606,17.2803,17.0589,16.8844,16.7479,16.6425,16.5627,16.5043,16.464,16.4391,16.4273,16.4269,16.4364,16.4545,16.4802,16.5127,16.551,16.5946,16.643,16.6956,16.752,16.8118,16.8747,16.9404,17.0087,17.0793,17.1521,17.2267,17.3031,17.3812,17.4607,17.5416,17.6237,17.7069,17.7913,17.8765,17.9627,18.0497,18.1374,18.2259,18.3149,18.4046,18.4948,18.5854,18.6766,18.7681,18.86,18.9523,19.0449,19.1377,19.2309,19.3242,19.4178,19.5116,19.6055,19.6996,19.7938,19.8882,19.9826,20.0771,20.1717,20.2664,20.3611,20.4558,20.5506,20.6453,20.7401,20.8349,20.9296,21.0244,21.1191,21.2137,21.3084,21.4029,21.4975,21.5919,21.6863,21.7807,21.8749,21.9691,22.0631,22.1571,22.251,22.3448,22.4385
47.4576,44.3556,41.3364,38.3913,35.5225,32.7483,30.1073,27.6587,25.4704,23.5957,22.0522,20.8183,19.8484,19.0907,18.4983,18.0334,17.6669,17.377,17.1476,16.9663,16.824,16.7134,16.6292,16.5669,16.5231,16.4951,16.4806,16.4777,16.4849,16.501,16.5248,16.5555,16.5922,16.6344,16.6814,16.7327,16.7879,16.8466,16.9085,16.9732,17.0406,17.1103,17.1822,17.2561,17.3318,17.4091,17.488,17.5682,17.6497,17.7324,17.8161,17.9009,17.9866,18.0731,18.1603,18.2483,18.3369,18.4262,18.5159,18.6062,18.697,18.7882,18.8797,18.9717,19.0639,19.1565,19.2493,19.3424,19.4357,19.5291,19.6228,19.7166,19.8106,19.9047,19.9989,20.0932,20.1875,20.282,20.3764,20.471,20.5655,20.6601,20.7547,20.8492,20.9438,21.0384,21.1329,21.2274,21.3219,21.4163,21.5106,21.6049,21.6992,21.7933,21.8874,21.9815,22.0754,22.1692,22.263,22.3567,22.4502
47.6059,44.5136,41.506,38.5744,35.7206,32.9615,30.3333,27.8921,25.7029,23.8183,22.2579,21.0041,20.0142,19.2383,18.6301,18.1517,17.7739,17.4745,17.237,17.0488,16.9005,16.7849,16.6961,16.6299,16.5826,16.5515,16.5342,16.5288,16.5337,16.5477,16.5696,16.5985,16.6337,16.6743,16.7199,16.77,16.824,16.8816,16.9424,17.0062,17.0726,17.1414,17.2125,17.2856,17.3605,17.4372,17.5153,17.5949,17.6758,17.7579,17.8411,17.9253,18.0105,18.0965,18.1833,18.2708,18.359,18.4478,18.5372,18.6271,18.7175,18.8083,18.8995,18.9911,19.083,19.1753,19.2678,19.3606,19.4536,19.5468,19.6402,19.7337,19.8274,19.9213,20.0152,20.1093,20.2034,20.2976,20.3919,20.4862,20.5805,20.6749,20.7693,20.8637,20.958,21.0524,21.1468,21.2411,21.3354,21.4296,21.5238,21.618,21.712,21.8061,21.9,21.9939,22.0877,22.1814,22.275,22.3685,22.462
47.7531,44.6703,41.674,38.7556,35.9162,33.1717,30.5562,28.1225,25.933,24.0393,22.4632,21.1901,20.1807,19.3867,18.7627,18.2709,17.8817,17.5727,17.3271,17.1319,16.9777,16.8568,16.7635,16.6933,16.6425,16.6082,16.5881,16.5801,16.5828,16.5946,16.6146,16.6418,16.6753,16.7145,16.7587,16.8074,16.8602,16.9167,16.9765,17.0392,17.1047,17.1727,17.2429,17.3152,17.3894,17.4653,17.5428,17.6218,17.7021,17.7836,17.8662,17.9499,18.0345,18.12,18.2064,18.2934,18.3812,18.4696,18.5585,18.6481,18.7381,18.8285,18.9194,19.0106,19.1022,19.1941,19.2863,19.3788,19.4715,19.5644,19.6576,19.7509,19.8443,19.9379,20.0316,20.1254,20.2193,20.3133,20.4073,20.5014,20.5956,20.6897,20.7839,20.8781,20.9723,21.0665,21.1607,21.2548,21.3489,21.443,21.5371,21.631,21.725,21.8188,21.9126,22.0063,22.1,22.1936,22.2871,22.3805,22.4738
47.8994,44.8257,41.8404,38.9347,36.1094,33.3791,30.776,28.35,26.1606,24.2589,22.6678,21.3762,20.3476,19.5359,18.8962,18.3909,17.9903,17.6716,17.4178,17.2156,17.0553,16.9292,16.8314,16.7571,16.7028,16.6653,16.6423,16.6318,16.6321,16.6419,16.6599,16.6853,16.7172,16.7549,16.7977,16.8451,16.8967,16.952,17.0107,17.0725,17.137,17.2041,17.2735,17.345,17.4184,17.4936,17.5705,17.6488,17.7284,17.8093,17.8914,17.9745,18.0587,18.1437,18.2295,18.3161,18.4034,18.4914,18.58,18.6691,18.7587,18.8488,18.9393,19.0302,19.1215,19.2131,19.305,19.3971,19.4895,19.5822,19.675,19.7681,19.8612,19.9546,20.048,20.1416,20.2353,20.329,20.4229,20.5168,20.6107,20.7046,20.7986,20.8926,20.9866,21.0806,21.1746,21.2686,21.3625,21.4565,21.5503,21.6441,21.7379,21.8316,21.9253,22.0189,22.1124,22.2058,22.2991,22.3924,22.4856
48.0447,44.9799,42.0053,39.1119,36.3002,33.5838,30.9927,28.5745,26.3859,24.4768,22.8717,21.5623,20.5151,19.6857,19.0304,18.5116,18.0996,17.7712,17.5091,17.2999,17.1335,17.0021,16.8997,16.8214,16.7634,16.7227,16.6969,16.6838,16.6817,16.6894,16.7055,16.7291,16.7593,16.7954,16.8368,16.8829,16.9333,16.9875,17.0451,17.1058,17.1694,17.2356,17.3042,17.3749,17.4476,17.522,17.5982,17.6758,17.7549,17.8352,17.9167,17.9993,18.0829,18.1674,18.2528,18.3389,18.4258,18.5133,18.6015,18.6902,18.7794,18.8691,18.9593,19.0499,19.1408,19.2321,19.3237,19.4155,19.5076,19.6,19.6926,19.7853,19.8782,19.9713,20.0645,20.1579,20.2513,20.3449,20.4385,20.5321,20.6258,20.7196,20.8134,20.9072,21.001,21.0948,21.1886,21.2824,21.3762,21.4699,21.5636,21.6573,21.7509,21.8445,21.938,22.0314,22.1248,22.218,22.3113,22.4044,22.4974
48.189,45.133,42.1687,39.2873,36.4888,33.7858,31.2066,28.7962,26.6088,24.6931,23.0748,21.7483,20.6829,19.8362,19.1654,18.6332,18.2096,17.8715,17.601,17.3847,17.2122,17.0755,16.9684,16.886,16.8244,16.7805,16.7517,16.736,16.7316,16.7371,16.7512,16.773,16.8016,16.8362,16.8762,16.9209,16.9701,17.0231,17.0796,17.1394,17.202,17.2673,17.335,17.4049,17.4768,17.5506,17.626,17.703,17.7814,17.8611,17.9421,18.0241,18.1072,18.1912,18.2761,18.3618,18.4482,18.5353,18.623,18.7114,18.8002,18.8896,18.9794,19.0696,19.1602,19.2511,19.3424,19.434,19.5258,19.6179,19.7101,19.8026,19.8953,19.9881,20.0811,20.1742,20.2674,20.3607,20.4541,20.5475,20.641,20.7346,20.8282,20.9218,21.0154,21.1091,21.2027,21.2963,21.3899,21.4835,21.577,21.6705,21.764,21.8574,21.9507,22.044,22.1372,22.2303,22.3234,22.4164,22.5093
48.3324,45.2848,42.3307,39.4609,36.6752,33.9852,31.4177,29.0151,26.8293,24.9078,23.2771,21.9342,20.851,19.9873,19.301,18.7554,18.3204,17.9725,17.6936,17.4701,17.2914,17.1493,17.0375,16.951,16.8858,16.8386,16.8069,16.7886,16.7818,16.7851,16.7973,16.8172,16.8441,16.8772,16.9157,16.9591,17.007,17.0589,17.1143,17.1731,17.2347,17.2991,17.366,17.4351,17.5062,17.5792,17.654,17.7303,17.8081,17.8872,17.9676,18.0491,18.1316,18.2151,18.2995,18.3847,18.4707,18.5574,18.6447,18.7326,18.8211,18.9101,18.9995,19.0894,19.1796,19.2703,19.3612,19.4525,19.544,19.6358,19.7278,19.82,19.9124,20.005,20.0977,20.1906,20.2835,20.3766,20.4698,20.563,20.6563,20.7496,20.843,20.9364,21.0299,21.1233,21.2168,21.3102,21.4036,21.497,21.5904,21.6837,21.777,21.8703,21.9635,22.0566,22.1497,22.2427,22.3356,22.4284,22.5212
48.4748,45.4355,42.4912,39.6327,36.8595,34.1822,31.6261,29.2313,27.0474,25.1208,23.4785,22.1199,21.0195,20.1389,19.4374,18.8784,18.4318,18.074,17.7868,17.5561,17.3711,17.2237,17.1071,17.0164,16.9475,16.8971,16.8624,16.8414,16.8322,16.8333,16.8435,16.8616,16.8868,16.9183,16.9554,16.9975,17.0441,17.0948,17.1492,17.2069,17.2676,17.3311,17.397,17.4653,17.5357,17.608,17.682,17.7577,17.8348,17.9134,17.9931,18.0741,18.1561,18.2391,18.323,18.4078,18.4933,18.5795,18.6664,18.754,18.842,18.9306,19.0197,19.1092,19.1992,19.2895,19.3801,19.471,19.5623,19.6538,19.7455,19.8374,19.9296,20.0219,20.1144,20.207,20.2997,20.3926,20.4855,20.5785,20.6716,20.7647,20.8579,20.9511,21.0444,21.1376,21.2309,21.3242,21.4174,21.5106,21.6038,21.697,21.7901,21.8832,21.9763,22.0693,22.1622,22.255,22.3478,22.4405,22.5332
48.6164,45.5852,42.6503,39.8028,37.0417,34.3767,31.8318,29.4448,27.2632,25.3321,23.679,22.3053,21.1881,20.291,19.5743,19.002,18.5439,18.1763,17.8806,17.6426,17.4514,17.2984,17.1771,17.0823,17.0096,16.9558,16.9182,16.8945,16.8829,16.8818,16.89,16.9063,16.9298,16.9597,16.9953,17.0361,17.0814,17.1309,17.1842,17.2409,17.3006,17.3631,17.4283,17.4957,17.5653,17.6368,17.7102,17.7852,17.8617,17.9396,18.0188,18.0992,18.1807,18.2632,18.3466,18.4309,18.5159,18.6018,18.6882,18.7754,18.8631,18.9513,19.04,19.1292,19.2187,19.3087,19.399,19.4897,19.5806,19.6718,19.7633,19.8549,19.9468,20.0389,20.1311,20.2235,20.316,20.4086,20.5013,20.5941,20.6869,20.7799,20.8729,20.9659,21.0589,21.152,21.2451,21.3381,21.4312,21.5243,21.6173,21.7103,21.8033,21.8962,21.9891,22.0819,22.1747,22.2674,22.3601,22.4527,22.5452
48.7571,45.7337,42.8081,39.9713,37.2219,34.569,32.0349,29.6557,27.4768,25.5417,23.8785,22.4903,21.3569,20.4435,19.7119,19.1263,18.6567,18.2791,17.9749,17.7296,17.5321,17.3737,17.2476,17.1484,17.0721,17.0149,16.9743,16.9479,16.9339,16.9306,16.9367,16.9511,16.9729,17.0012,17.0354,17.0748,17.1189,17.1672,17.2194,17.275,17.3337,17.3954,17.4596,17.5262,17.595,17.6658,17.7385,17.8128,17.8887,17.966,18.0446,18.1244,18.2054,18.2873,18.3703,18.4541,18.5387,18.6241,18.7101,18.7968,18.8841,18.972,19.0603,19.1492,19.2384,19.328,19.418,19.5084,19.599,19.6899,19.7811,19.8725,19.9641,20.0559,20.1479,20.24,20.3322,20.4246,20.5171,20.6097,20.7023,20.7951,20.8878,20.9807,21.0735,21.1664,21.2593,21.3522,21.4451,21.538,21.6308,21.7237,21.8165,21.9093,22.002,22.0947,22.1873,22.2799,22.3724,22.4648,22.5572
48.897,45.8812,42.9646,40.1382,37.4001,34.7589,32.2355,29.8642,27.688,25.7495,24.0769,22.675,21.5257,20.5965,19.85,19.2512,18.7701,18.3826,18.0698,17.8172,17.6133,17.4493,17.3184,17.215,17.1348,17.0744,17.0308,17.0016,16.9851,16.9796,16.9836,16.9962,17.0163,17.043,17.0757,17.1137,17.1565,17.2036,17.2547,17.3092,17.367,17.4277,17.4911,17.5569,17.6249,17.6949,17.7669,17.8405,17.9157,17.9924,18.0704,18.1497,18.2301,18.3116,18.394,18.4774,18.5615,18.6465,18.7321,18.8184,18.9053,18.9928,19.0808,19.1692,19.2581,19.3474,19.4371,19.5271,19.6174,19.7081,19.799,19.8901,19.9814,20.073,20.1647,20.2566,20.3486,20.4407,20.533,20.6253,20.7178,20.8103,20.9029,20.9955,21.0881,21.1808,21.2735,21.3663,21.459,21.5517,21.6444,21.7371,21.8297,21.9223,22.0149,22.1074,22.1999,22.2924,22.3847,22.477,22.5692
49.036,46.0276,43.1198,40.3035,37.5765,34.9467,32.4338,30.0701,27.897,25.9557,24.2743,22.8592,21.6946,20.7498,19.9887,19.3767,18.884,18.4866,18.1653,17.9053,17.695,17.5255,17.3897,17.282,17.198,17.1341,17.0875,17.0556,17.0366,17.0288,17.0308,17.0415,17.0598,17.0849,17.1161,17.1528,17.1943,17.2402,17.2901,17.3436,17.4004,17.4602,17.5227,17.5876,17.6548,17.7241,17.7954,17.8683,17.9429,18.019,18.0964,18.1751,18.255,18.3359,18.4179,18.5007,18.5844,18.6689,18.7541,18.84,18.9265,19.0136,19.1012,19.1893,19.2779,19.3669,19.4562,19.5459,19.636,19.7263,19.8169,19.9077,19.9988,20.0901,20.1815,20.2732,20.365,20.4569,20.5489,20.641,20.7333,20.8256,20.9179,21.0104,21.1028,21.1953,21.2878,21.3804,21.4729,21.5655,21.658,21.7505,21.843,21.9355,22.0279,22.1203,22.2126,22.3049,22.3971,22.4892,22.5813
49.1742,46.173,43.2738,40.4673,37.7511,35.1323,32.6296,30.2736,28.1039,26.1601,24.4705,23.043,21.8635,20.9034,20.1278,19.5027,18.9986,18.5912,18.2613,17.9939,17.7772,17.602,17.4613,17.3493,17.2615,17.1942,17.1445,17.1099,17.0884,17.0783,17.0782,17.087,17.1036,17.1271,17.1568,17.192,17.2323,17.277,17.3257,17.3782,17.434,17.4928,17.5544,17.6185,17.6849,17.7535,17.824,17.8962,17.9702,18.0456,18.1225,18.2006,18.2799,18.3603,18.4418,18.5242,18.6074,18.6915,18.7762,18.8617,18.9478,19.0345,19.1218,19.2095,19.2977,19.3864,19.4754,19.5648,19.6545,19.7446,19.8349,19.9254,20.0163,20.1073,20.1985,20.2899,20.3814,20.4731,20.5649,20.6568,20.7488,20.8409,20.9331,21.0253,21.1175,21.2099,21.3022,21.3945,21.4869,21.5793,21.6716,21.764,21.8563,21.9486,22.0409,22.1331,22.2253,22.3174,22.4095,22.5015,22.5935
49.3116,46.3174,43.4266,40.6296,37.9238,35.3159,32.8232,30.4748,28.3085,26.3627,24.6656,23.2261,22.0324,21.0573,20.2674,19.6293,19.1138,18.6964,18.3579,18.083,17.8598,17.679,17.5334,17.417,17.3253,17.2546,17.2018,17.1644,17.1404,17.128,17.1259,17.1327,17.1475,17.1694,17.1976,17.2314,17.2704,17.3139,17.3615,17.4129,17.4677,17.5255,17.5862,17.6495,17.7151,17.7829,17.8527,17.9243,17.9975,18.0724,18.1486,18.2262,18.305,18.3849,18.4658,18.5477,18.6305,18.7141,18.7984,18.8835,18.9692,19.0555,19.1424,19.2298,19.3177,19.406,19.4947,19.5837,19.6732,19.7629,19.8529,19.9432,20.0337,20.1245,20.2155,20.3066,20.3979,20.4893,20.5809,20.6726,20.7644,20.8563,20.9482,21.0402,21.1323,21.2244,21.3166,21.4087,21.5009,21.5931,21.6853,21.7775,21.8696,21.9618,22.0539,22.146,22.238,22.33,22.4219,22.5138,22.6056
49.4482,46.4609,43.5782,40.7904,38.0949,35.4975,33.0145,30.6737,28.511,26.5636,24.8595,23.4087,22.2011,21.2114,20.4074,19.7564,19.2295,18.8021,18.455,18.1726,17.9429,17.7564,17.6058,17.4851,17.3895,17.3153,17.2594,17.2192,17.1926,17.178,17.1737,17.1786,17.1917,17.2119,17.2386,17.271,17.3087,17.3509,17.3974,17.4477,17.5015,17.5584,17.6182,17.6806,17.7454,17.8124,17.8815,17.9524,18.025,18.0992,18.1749,18.2519,18.3301,18.4094,18.4899,18.5713,18.6536,18.7368,18.8207,18.9053,18.9907,19.0766,19.1631,19.2501,19.3376,19.4256,19.514,19.6027,19.6918,19.7813,19.871,19.961,20.0513,20.1418,20.2325,20.3234,20.4144,20.5056,20.597,20.6884,20.78,20.8717,20.9634,21.0552,21.1471,21.239,21.331,21.423,21.515,21.607,21.699,21.791,21.883,21.975,22.067,22.1589,22.2508,22.3426,22.4344,22.5261,22.6178
49.584,46.6034,43.7286,40.9499,38.2643,35.6771,33.2037,30.8703,28.7114,26.7628,25.0522,23.5906,22.3696,21.3656,20.5477,19.884,19.3457,18.9084,18.5526,18.2626,18.0264,17.8343,17.6786,17.5535,17.454,17.3763,17.3173,17.2743,17.2452,17.2282,17.2218,17.2248,17.236,17.2546,17.2798,17.3108,17.3471,17.3881,17.4335,17.4827,17.5354,17.5914,17.6503,17.7118,17.7758,17.8421,17.9104,17.9806,18.0526,18.1262,18.2012,18.2776,18.3553,18.4341,18.5141,18.595,18.6768,18.7595,18.843,18.9273,19.0122,19.0977,19.1838,19.2705,19.3577,19.4453,19.5333,19.6218,19.7106,19.7997,19.8892,19.9789,20.0689,20.1591,20.2496,20.3402,20.431,20.522,20.6131,20.7043,20.7957,20.8871,20.9787,21.0703,21.162,21.2537,21.3455,21.4373,21.5291,21.6209,21.7128,21.8046,21.8965,21.9883,22.0801,22.1718,22.2636,22.3553,22.4469,22.5385,22.63
49.7191,46.745,43.8779,41.108,38.432,35.8548,33.3908,31.0648,28.9097,26.9602,25.2437,23.7719,22.5379,21.52,20.6884,20.0121,19.4624,19.0152,18.6507,18.3532,18.1104,17.9125,17.7518,17.6222,17.5188,17.4376,17.3754,17.3296,17.2979,17.2786,17.2701,17.2711,17.2806,17.2975,17.3211,17.3507,17.3857,17.4255,17.4697,17.5178,17.5695,17.6245,17.6825,17.7432,17.8064,17.8719,17.9395,18.009,18.0803,18.1532,18.2276,18.3035,18.3806,18.4589,18.5383,18.6187,18.7001,18.7824,18.8654,18.9492,19.0337,19.1189,19.2047,19.291,19.3778,19.465,19.5528,19.6409,19.7294,19.8182,19.9074,19.9968,20.0866,20.1765,20.2667,20.3571,20.4476,20.5384,20.6293,20.7203,20.8114,20.9026,20.994,21.0854,21.1769,21.2684,21.36,21.4516,21.5432,21.6349,21.7266,21.8182,21.9099,22.0016,22.0932,22.1848,22.2764,22.3679,22.4594,22.5509,22.6423
49.8534,46.8857,44.0261,41.2647,38.5982,36.0307,33.5758,31.2571,29.106,27.156,25.434,23.9524,22.706,21.6745,20.8295,20.1406,19.5796,19.1224,18.7492,18.4442,18.1948,17.9912,17.8254,17.6914,17.584,17.4993,17.4339,17.3852,17.3509,17.3293,17.3186,17.3177,17.3253,17.3406,17.3627,17.3908,17.4244,17.463,17.506,17.553,17.6037,17.6578,17.7148,17.7747,17.837,17.9017,17.9686,18.0374,18.108,18.1803,18.2541,18.3294,18.406,18.4837,18.5626,18.6426,18.7235,18.8053,18.8879,18.9713,19.0554,19.1402,19.2255,19.3115,19.3979,19.4849,19.5723,19.6601,19.7483,19.8368,19.9257,20.0148,20.1043,20.194,20.2839,20.374,20.4643,20.5548,20.6455,20.7363,20.8272,20.9182,21.0093,21.1005,21.1918,21.2831,21.3745,21.466,21.5574,21.6489,21.7404,21.8319,21.9234,22.0149,22.1064,22.1978,22.2893,22.3807,22.472,22.5633,22.6546
49.987,47.0255,44.1732,41.4202,38.7628,36.2047,33.7588,31.4474,29.3003,27.35,25.623,24.1322,22.8738,21.829,20.9708,20.2695,19.6973,19.2302,18.8483,18.5357,18.2797,18.0702,17.8994,17.7608,17.6495,17.5612,17.4926,17.4411,17.4042,17.3802,17.3673,17.3644,17.3702,17.3838,17.4044,17.4311,17.4634,17.5007,17.5425,17.5884,17.6381,17.6911,17.7473,17.8062,17.8678,17.9317,17.9978,18.0659,18.1359,18.2075,18.2808,18.3554,18.4314,18.5087,18.5871,18.6665,18.7469,18.8283,18.9105,18.9934,19.0771,19.1615,19.2465,19.3321,19.4182,19.5048,19.5918,19.6793,19.7672,19.8554,19.944,20.0329,20.122,20.2115,20.3011,20.391,20.4811,20.5713,20.6617,20.7523,20.843,20.9338,21.0247,21.1157,21.2068,21.2979,21.3891,21.4804,21.5716,21.663,21.7543,21.8456,21.937,22.0283,22.1196,22.2109,22.3022,22.3934,22.4846,22.5758,22.6669
50.1198,47.1645,44.3193,41.5744,38.9259,36.3771,33.9399,31.6356,29.4926,27.5423,25.8107,24.3113,23.0412,21.9836,21.1123,20.3987,19.8154,19.3384,18.9478,18.6276,18.3649,18.1497,17.9737,17.8306,17.7153,17.6234,17.5516,17.4972,17.4577,17.4313,17.4163,17.4114,17.4154,17.4273,17.4462,17.4715,17.5024,17.5385,17.5791,17.6239,17.6726,17.7246,17.7798,17.8379,17.8987,17.9618,18.0272,18.0946,18.1638,18.2349,18.3075,18.3815,18.457,18.5337,18.6116,18.6905,18.7705,18.8513,18.9331,19.0156,19.0989,19.1829,19.2675,19.3527,19.4384,19.5247,19.6114,19.6986,19.7862,19.8741,19.9624,20.051,20.1398,20.229,20.3184,20.408,20.4978,20.5879,20.678,20.7684,20.8588,20.9494,21.0401,21.1309,21.2218,21.3127,21.4038,21.4948,21.5859,21.677,21.7682,21.8594,21.9505,22.0417,22.1329,22.224,22.3151,22.4062,22.4973,22.5883,22.6793
50.252,47.3026,44.4643,41.7273,39.0875,36.5477,34.1191,31.8218,29.6831,27.733,25.9971,24.4895,23.2083,22.1381,21.2541,20.5283,19.9339,19.447,19.0478,18.7199,18.4506,18.2295,18.0484,17.9008,17.7814,17.6859,17.6109,17.5535,17.5114,17.4826,17.4655,17.4585,17.4607,17.4709,17.4883,17.5121,17.5416,17.5764,17.6159,17.6596,17.7072,17.7583,17.8125,17.8698,17.9297,17.992,18.0566,18.1233,18.1919,18.2623,18.3342,18.4077,18.4826,18.5588,18.6361,18.7146,18.7941,18.8745,18.9558,19.0379,19.1208,19.2043,19.2886,19.3734,19.4588,19.5447,19.6311,19.7179,19.8052,19.8928,19.9808,20.0691,20.1577,20.2466,20.3357,20.4251,20.5147,20.6044,20.6944,20.7845,20.8747,20.9651,21.0556,21.1462,21.2369,21.3276,21.4184,21.5093,21.6002,21.6912,21.7821,21.8731,21.9641,22.0551,22.1461,22.2371,22.3281,22.419,22.51,22.6008,22.6917
50.3835,47.4398,44.6083,41.8791,39.2477,36.7167,34.2965,32.0061,29.8716,27.922,26.1823,24.6668,23.375,22.2925,21.396,20.6583,20.0529,19.5561,19.1482,18.8127,18.5367,18.3097,18.1235,17.9713,17.8478,17.7487,17.6705,17.6102,17.5654,17.5342,17.5148,17.5059,17.5062,17.5147,17.5305,17.5528,17.581,17.6145,17.6528,17.6954,17.7419,17.792,17.8454,17.9017,17.9607,18.0223,18.0862,18.1521,18.2201,18.2898,18.3611,18.434,18.5083,18.584,18.6608,18.7387,18.8177,18.8977,18.9785,19.0602,19.1427,19.2259,19.3097,19.3942,19.4792,19.5648,19.6508,19.7373,19.8243,19.9116,19.9993,20.0873,20.1756,20.2642,20.3531,20.4422,20.5316,20.6211,20.7108,20.8007,20.8907,20.9808,21.0711,21.1615,21.252,21.3425,21.4331,21.5238,21.6146,21.7053,21.7961,21.8869,21.9778,22.0686,22.1595,22.2503,22.3411,22.4319,22.5227,22.6134,22.7041
50.5143,47.5763,44.7514,42.0297,39.4066,36.8841,34.472,32.1884,30.0582,28.1093,26.3662,24.8433,23.5412,22.4469,21.5381,20.7885,20.1722,19.6656,19.249,18.9059,18.6232,18.3903,18.1989,18.0421,17.9145,17.8118,17.7303,17.667,17.6196,17.586,17.5644,17.5534,17.5519,17.5587,17.5729,17.5937,17.6206,17.6528,17.6898,17.7313,17.7768,17.8259,17.8783,17.9337,17.9919,18.0527,18.1158,18.1811,18.2483,18.3174,18.3881,18.4604,18.5341,18.6092,18.6855,18.763,18.8415,18.921,19.0014,19.0826,19.1647,19.2475,19.3309,19.415,19.4997,19.5849,19.6706,19.7568,19.8434,19.9304,20.0178,20.1056,20.1936,20.2819,20.3705,20.4594,20.5485,20.6378,20.7272,20.8169,20.9067,20.9966,21.0867,21.1768,21.2671,21.3575,21.4479,21.5384,21.6289,21.7195,21.8101,21.9008,21.9915,22.0821,22.1728,22.2635,22.3542,22.4448,22.5354,22.626,22.7166
50.6445,47.7119,44.8934,42.1791,39.564,37.0499,34.6459,32.369,30.2431,28.295,26.5488,25.019,23.707,22.6011,21.6803,20.9191,20.2919,19.7755,19.3502,18.9995,18.71,18.4713,18.2746,18.1132,17.9816,17.8752,17.7904,17.7242,17.6741,17.638,17.6142,17.6012,17.5978,17.6028,17.6154,17.6348,17.6602,17.6912,17.727,17.7674,17.8118,17.8599,17.9113,17.9659,18.0233,18.0832,18.1456,18.2101,18.2766,18.345,18.4152,18.4869,18.56,18.6345,18.7103,18.7873,18.8653,18.9443,19.0243,19.1051,19.1867,19.2691,19.3522,19.4359,19.5202,19.6051,19.6905,19.7763,19.8626,19.9493,20.0364,20.1239,20.2116,20.2997,20.388,20.4766,20.5655,20.6545,20.7437,20.8331,20.9227,21.0124,21.1023,21.1922,21.2823,21.3725,21.4627,21.553,21.6434,21.7338,21.8242,21.9147,22.0052,22.0957,22.1862,22.2767,22.3672,22.4577,22.5482,22.6386,22.7291
50.774,47.8467,45.0346,42.3274,39.7201,37.2142,34.818,32.5477,30.4262,28.4791,26.73,25.1937,23.8723,22.7552,21.8226,21.0498,20.4119,19.8858,19.4518,19.0934,18.7973,18.5526,18.3507,18.1847,18.0489,17.9388,17.8507,17.7815,17.7287,17.6902,17.6642,17.6491,17.6438,17.6471,17.6581,17.676,17.7001,17.7297,17.7643,17.8035,17.8469,17.894,17.9445,17.9981,18.0547,18.1138,18.1754,18.2392,18.3051,18.3728,18.4423,18.5134,18.586,18.66,18.7352,18.8117,18.8892,18.9678,19.0473,19.1277,19.2089,19.2908,19.3735,19.4569,19.5408,19.6253,19.7104,19.7959,19.8819,19.9683,20.0551,20.1422,20.2297,20.3175,20.4056,20.4939,20.5825,20.6713,20.7603,20.8494,20.9388,21.0283,21.1179,21.2077,21.2975,21.3875,21.4775,21.5676,21.6578,21.748,21.8383,21.9286,22.0189,22.1093,22.1996,22.29,22.3804,22.4707,22.561,22.6513,22.7416
50.9028,47.9808,45.1748,42.4746,39.875,37.377,34.9884,32.7247,30.6075,28.6616,26.91,25.3675,24.037,22.9091,21.9649,21.1808,20.5322,19.9965,19.5539,19.1878,18.8849,18.6343,18.4271,18.2564,18.1165,18.0028,17.9113,17.8392,17.7836,17.7427,17.7144,17.6973,17.69,17.6916,17.701,17.7174,17.74,17.7684,17.8018,17.8398,17.8821,17.9282,17.9778,18.0305,18.0862,18.1446,18.2054,18.2684,18.3336,18.4007,18.4695,18.54,18.612,18.6855,18.7602,18.8361,18.9132,18.9913,19.0703,19.1503,19.2311,19.3126,19.3949,19.4779,19.5615,19.6456,19.7303,19.8155,19.9012,19.9873,20.0738,20.1606,20.2478,20.3353,20.4231,20.5112,20.5995,20.6881,20.7768,20.8658,20.9549,21.0442,21.1336,21.2231,21.3128,21.4026,21.4924,21.5823,21.6723,21.7624,21.8524,21.9426,22.0327,22.1229,22.2131,22.3033,22.3935,22.4837,22.5739,22.664,22.7541
51.031,48.1141,45.3141,42.6207,40.0286,37.5383,35.1572,32.8999,30.787,28.8426,27.0887,25.5404,24.2012,23.0628,22.1073,21.312,20.6529,20.1075,19.6562,19.2826,18.9729,18.7163,18.5039,18.3285,18.1844,18.067,17.9722,17.897,17.8388,17.7953,17.7648,17.7456,17.7365,17.7363,17.744,17.7589,17.7801,17.8072,17.8394,17.8763,17.9175,17.9625,18.0111,18.063,18.1178,18.1754,18.2354,18.2978,18.3622,18.4286,18.4968,18.5667,18.6382,18.711,18.7852,18.8606,18.9372,19.0148,19.0934,19.173,19.2533,19.3345,19.4164,19.499,19.5822,19.666,19.7503,19.8352,19.9205,20.0063,20.0925,20.1791,20.266,20.3532,20.4408,20.5286,20.6167,20.705,20.7935,20.8822,20.9711,21.0601,21.1493,21.2387,21.3281,21.4177,21.5073,21.597,21.6868,21.7767,21.8666,21.9566,22.0466,22.1366,22.2266,22.3166,22.4067,22.4967,22.5867,22.6767,22.7667
51.1586,48.2467,45.4525,42.7657,40.1809,37.6982,35.3245,33.0735,30.965,29.022,27.2661,25.7123,24.3648,23.2162,22.2497,21.4434,20.7738,20.2189,19.759,19.3777,19.0612,18.7986,18.5809,18.4009,18.2527,18.1314,18.0333,17.9551,17.8941,17.8482,17.8153,17.7941,17.783,17.7811,17.7872,17.8006,17.8204,17.8461,17.8771,17.9128,17.9529,17.997,18.0446,18.0956,18.1496,18.2063,18.2656,18.3272,18.3909,18.4567,18.5242,18.5935,18.6644,18.7367,18.8103,18.8852,18.9613,19.0385,19.1166,19.1957,19.2756,19.3564,19.4379,19.5201,19.6029,19.6864,19.7704,19.8549,19.94,20.0254,20.1113,20.1976,20.2842,20.3712,20.4584,20.546,20.6338,20.7219,20.8101,20.8986,20.9873,21.0761,21.1651,21.2542,21.3435,21.4328,21.5223,21.6118,21.7014,21.7911,21.8808,21.9706,22.0604,22.1503,22.2401,22.33,22.4199,22.5098,22.5997,22.6895,22.7794
