CH4 Viscosity [uPa_s] CoolProp
16.6965,10.6927,10.2268,10.0318,9.9476,9.92278,9.93431,9.97,10.0227,10.0877,10.162,10.2435,10.3306,10.4221,10.5172,10.6151,10.7153,10.8173,10.9209,11.0257,11.1315,11.2381,11.3454,11.4532,11.5613,11.6698,11.7785,11.8873,11.9962,12.1051,12.2141,12.3229,12.4317,12.5404,12.649,12.7574,12.8656,12.9736,13.0814,13.189,13.2964,13.4035,13.5104,13.6171,13.7235,13.8296,13.9354,14.041,14.1463,14.2514,14.3561,14.4606,14.5648,14.6688,14.7724,14.8758,14.9789,15.0817,15.1842,15.2864,15.3884,15.4901,15.5915,15.6927,15.7935,15.8941,15.9944,16.0945,16.1943,16.2938,16.393,16.492,16.5908,16.6892,16.7874,16.8854,16.9831,17.0805,17.1777,17.2746,17.3713,17.4677,17.5639,17.6598,17.7555,17.851,17.9462,18.0412,18.136,18.2305,18.3247,18.4188,18.5126,18.6062,18.6996,18.7927,18.8856,18.9783,19.0708,19.163,19.2551
21.0648,11.0314,10.4158,10.167,10.0543,10.0115,10.0107,10.0373,10.083,10.1425,10.2123,10.2901,10.374,10.4628,10.5555,10.6514,10.7498,10.8503,10.9524,11.056,11.1606,11.2662,11.3725,11.4794,11.5868,11.6945,11.8025,11.9107,12.019,12.1274,12.2358,12.3442,12.4525,12.5607,12.6689,12.7769,12.8847,12.9924,13.0999,13.2072,13.3143,13.4211,13.5277,13.6341,13.7402,13.8461,13.9517,14.0571,14.1622,14.267,14.3716,14.4759,14.5799,14.6836,14.7871,14.8903,14.9932,15.0959,15.1982,15.3003,15.4021,15.5037,15.605,15.706,15.8067,15.9072,16.0074,16.1073,16.207,16.3064,16.4055,16.5044,16.603,16.7013,16.7994,16.8973,16.9949,17.0922,17.1893,17.2861,17.3827,17.479,17.5751,17.671,17.7666,17.862,17.9571,18.052,18.1467,18.2411,18.3353,18.4293,18.523,18.6165,18.7098,18.8029,18.8957,18.9884,19.0808,19.1729,19.2649
22.1964,11.4523,10.6264,10.3127,10.1674,10.1047,10.0904,10.1071,10.1453,10.1989,10.264,10.3378,10.4184,10.5044,10.5947,10.6884,10.785,10.8838,10.9845,11.0867,11.1902,11.2947,11.4,11.506,11.6125,11.7195,11.8268,11.9343,12.042,12.1498,12.2577,12.3656,12.4734,12.5813,12.689,12.7966,12.9041,13.0114,13.1185,13.2255,13.3322,13.4388,13.5451,13.6512,13.7571,13.8627,13.9681,14.0732,14.1781,14.2827,14.3871,14.4912,14.595,14.6986,14.8019,14.9049,15.0076,15.1101,15.2123,15.3143,15.4159,15.5173,15.6185,15.7193,15.8199,15.9203,16.0203,16.1201,16.2197,16.319,16.418,16.5167,16.6152,16.7135,16.8115,16.9092,17.0067,17.1039,17.2009,17.2977,17.3941,17.4904,17.5864,17.6822,17.7777,17.873,17.968,18.0629,18.1574,18.2518,18.3459,18.4398,18.5335,18.6269,18.7201,18.8131,18.9059,18.9984,19.0908,19.1829,19.2748
22.9971,12.0017,10.8631,10.4703,10.2875,10.2026,10.1735,10.1796,10.2098,10.2571,10.3171,10.3868,10.4639,10.5469,10.6347,10.7262,10.8208,10.9179,11.0171,11.118,11.2202,11.3236,11.4279,11.5329,11.6386,11.7448,11.8514,11.9582,12.0653,12.1725,12.2798,12.3872,12.4946,12.602,12.7092,12.8164,12.9235,13.0305,13.1373,13.2439,13.3504,13.4566,13.5627,13.6685,13.7741,13.8795,13.9846,14.0895,14.1942,14.2986,14.4027,14.5066,14.6102,14.7136,14.8167,14.9195,15.0221,15.1244,15.2265,15.3283,15.4298,15.531,15.632,15.7328,15.8332,15.9334,16.0334,16.133,16.2324,16.3316,16.4305,16.5292,16.6275,16.7257,16.8236,16.9212,17.0186,17.1157,17.2126,17.3092,17.4056,17.5018,17.5977,17.6934,17.7888,17.884,17.979,18.0737,18.1682,18.2625,18.3565,18.4504,18.5439,18.6373,18.7304,18.8234,18.9161,19.0086,19.1008,19.1929,19.2847
23.6407,12.7752,11.1316,10.6412,10.4152,10.3056,10.2602,10.2548,10.2764,10.317,10.3717,10.437,10.5105,10.5904,10.6755,10.7647,10.8573,10.9527,11.0503,11.1497,11.2507,11.3529,11.4561,11.5603,11.6651,11.7704,11.8762,11.9824,12.0888,12.1954,12.3022,12.4091,12.516,12.6228,12.7297,12.8365,12.9432,13.0498,13.1562,13.2625,13.3686,13.4746,13.5803,13.6859,13.7912,13.8963,14.0012,14.1059,14.2103,14.3145,14.4184,14.5221,14.6255,14.7287,14.8316,14.9343,15.0367,15.1388,15.2407,15.3423,15.4437,15.5448,15.6457,15.7462,15.8466,15.9466,16.0464,16.146,16.2453,16.3443,16.4431,16.5416,16.6399,16.7379,16.8357,16.9332,17.0305,17.1275,17.2243,17.3209,17.4172,17.5132,17.609,17.7046,17.8,17.8951,17.99,18.0846,18.179,18.2732,18.3672,18.4609,18.5544,18.6477,18.7408,18.8336,18.9263,19.0187,19.1109,19.2029,19.2946
24.1893,13.9899,11.4399,10.8273,10.5513,10.4139,10.3507,10.333,10.3453,10.3788,10.4279,10.4885,10.5582,10.6349,10.7172,10.804,10.8945,10.988,11.084,11.1819,11.2816,11.3826,11.4848,11.5879,11.6918,11.7964,11.9014,12.0068,12.1126,12.2186,12.3248,12.4311,12.5375,12.6439,12.7503,12.8567,12.963,13.0692,13.1753,13.2812,13.387,13.4927,13.5981,13.7034,13.8084,13.9133,14.0179,14.1224,14.2265,14.3305,14.4342,14.5377,14.6409,14.7439,14.8466,14.9491,15.0513,15.1533,15.255,15.3565,15.4577,15.5586,15.6593,15.7598,15.86,15.9599,16.0596,16.159,16.2581,16.3571,16.4557,16.5541,16.6523,16.7502,16.8479,16.9453,17.0425,17.1394,17.2361,17.3325,17.4287,17.5247,17.6204,17.7159,17.8112,17.9062,18.001,18.0956,18.1899,18.284,18.3779,18.4715,18.565,18.6582,18.7512,18.844,18.9365,19.0289,19.121,19.2129,19.3046
24.6731,15.9579,11.7984,11.0308,10.6964,10.5279,10.4453,10.4141,10.4166,10.4425,10.4856,10.5414,10.607,10.6803,10.7597,10.8441,10.9324,11.024,11.1182,11.2147,11.313,11.4128,11.5138,11.616,11.7189,11.8226,11.9269,12.0316,12.1367,12.242,12.3476,12.4534,12.5593,12.6652,12.7711,12.8771,12.983,13.0888,13.1945,13.3001,13.4056,13.5109,13.616,13.721,13.8258,13.9304,14.0348,14.1389,14.2429,14.3466,14.4501,14.5534,14.6564,14.7592,14.8617,14.964,15.066,15.1678,15.2694,15.3707,15.4717,15.5725,15.6731,15.7734,15.8734,15.9732,16.0727,16.172,16.2711,16.3699,16.4684,16.5667,16.6647,16.7625,16.8601,16.9574,17.0545,17.1513,17.2479,17.3442,17.4403,17.5362,17.6318,17.7272,17.8224,17.9173,18.012,18.1065,18.2008,18.2948,18.3886,18.4822,18.5755,18.6687,18.7616,18.8543,18.9468,19.039,19.1311,19.2229,19.3146
25.1093,17.9855,12.222,11.254,10.8515,10.6481,10.5441,10.4983,10.4903,10.5082,10.5449,10.5956,10.657,10.7268,10.8032,10.8849,10.971,11.0606,11.153,11.2479,11.3448,11.4434,11.5433,11.6443,11.7464,11.8492,11.9526,12.0566,12.161,12.2657,12.3707,12.4759,12.5812,12.6867,12.7921,12.8976,13.0031,13.1085,13.2139,13.3191,13.4242,13.5292,13.6341,13.7387,13.8432,13.9476,14.0517,14.1556,14.2593,14.3628,14.4661,14.5691,14.6719,14.7745,14.8769,14.979,15.0808,15.1825,15.2838,15.385,15.4859,15.5865,15.6869,15.787,15.8869,15.9866,16.086,16.1851,16.284,16.3827,16.4811,16.5793,16.6772,16.7749,16.8723,16.9695,17.0665,17.1632,17.2597,17.3559,17.4519,17.5477,17.6433,17.7386,17.8336,17.9285,18.0231,18.1175,18.2117,18.3056,18.3993,18.4928,18.5861,18.6792,18.772,18.8646,18.9571,19.0492,19.1412,19.233,19.3246
25.5089,19.3635,12.7305,11.5001,11.0175,10.7749,10.6474,10.5859,10.5665,10.5759,10.6059,10.6512,10.7082,10.7742,10.8475,10.9265,11.0102,11.0978,11.1884,11.2817,11.3772,11.4744,11.5731,11.6731,11.7741,11.876,11.9786,12.0819,12.1855,12.2896,12.394,12.4986,12.6034,12.7083,12.8133,12.9184,13.0234,13.1284,13.2334,13.3382,13.443,13.5477,13.6522,13.7566,13.8608,13.9648,14.0687,14.1724,14.2758,14.3791,14.4821,14.585,14.6876,14.7899,14.8921,14.994,15.0957,15.1971,15.2983,15.3993,15.5,15.6005,15.7007,15.8007,15.9005,16,16.0993,16.1983,16.2971,16.3956,16.4939,16.5919,16.6897,16.7873,16.8846,16.9817,17.0786,17.1752,17.2716,17.3677,17.4636,17.5593,17.6547,17.7499,17.8449,17.9397,18.0342,18.1285,18.2226,18.3165,18.4101,18.5035,18.5967,18.6897,18.7825,18.875,18.9674,19.0595,19.1514,19.2431,19.3346
25.8792,20.3556,13.3499,11.7727,11.1955,10.9087,10.7553,10.6768,10.6453,10.6456,10.6685,10.7082,10.7605,10.8227,10.8927,10.9689,11.0502,11.1356,11.2244,11.316,11.41,11.5058,11.6034,11.7022,11.8023,11.9032,12.005,12.1074,12.2104,12.3138,12.4175,12.5215,12.6258,12.7302,12.8347,12.9393,13.0439,13.1485,13.253,13.3575,13.462,13.5663,13.6705,13.7746,13.8785,13.9822,14.0858,14.1892,14.2924,14.3955,14.4983,14.6009,14.7033,14.8054,14.9074,15.0091,15.1106,15.2119,15.3129,15.4137,15.5143,15.6146,15.7147,15.8145,15.9141,16.0135,16.1126,16.2115,16.3101,16.4085,16.5067,16.6046,16.7023,16.7998,16.897,16.9939,17.0907,17.1872,17.2835,17.3795,17.4753,17.5709,17.6662,17.7614,17.8563,17.9509,18.0454,18.1396,18.2336,18.3274,18.4209,18.5142,18.6074,18.7003,18.793,18.8854,18.9777,19.0697,19.1616,19.2532,19.3446
26.2256,21.1395,14.1068,12.0759,11.3868,11.0501,10.8682,10.7713,10.7268,10.7174,10.7329,10.7666,10.8141,10.8723,10.9389,11.0122,11.0909,11.1741,11.261,11.3508,11.4432,11.5377,11.634,11.7317,11.8307,11.9307,12.0316,12.1332,12.2354,12.3381,12.4412,12.5447,12.6484,12.7522,12.8562,12.9603,13.0645,13.1687,13.2728,13.377,13.481,13.585,13.6889,13.7927,13.8963,13.9997,14.1031,14.2062,14.3092,14.4119,14.5145,14.6169,14.7191,14.821,14.9228,15.0243,15.1256,15.2267,15.3276,15.4282,15.5286,15.6287,15.7287,15.8283,15.9278,16.027,16.126,16.2247,16.3233,16.4215,16.5196,16.6174,16.7149,16.8123,16.9094,17.0062,17.1028,17.1992,17.2954,17.3914,17.4871,17.5825,17.6778,17.7728,17.8676,17.9622,18.0565,18.1507,18.2446,18.3383,18.4317,18.525,18.618,18.7109,18.8035,18.8959,18.9881,19.08,19.1718,19.2634,19.3547
26.5518,21.7953,15.0035,12.4146,11.5926,11.1995,10.9864,10.8694,10.8111,10.7915,10.7991,10.8265,10.8689,10.9229,10.9859,11.0562,11.1323,11.2132,11.2981,11.3862,11.477,11.5701,11.6651,11.7616,11.8595,11.9586,12.0586,12.1593,12.2608,12.3628,12.4652,12.568,12.6711,12.7745,12.878,12.9816,13.0853,13.189,13.2928,13.3965,13.5002,13.6039,13.7074,13.8109,13.9142,14.0174,14.1204,14.2233,14.326,14.4285,14.5309,14.633,14.735,14.8367,14.9383,15.0396,15.1407,15.2416,15.3423,15.4427,15.5429,15.6429,15.7427,15.8422,15.9415,16.0406,16.1394,16.2381,16.3364,16.4346,16.5325,16.6301,16.7276,16.8248,16.9218,17.0185,17.115,17.2113,17.3074,17.4032,17.4988,17.5942,17.6894,17.7843,17.879,17.9735,18.0677,18.1618,18.2556,18.3492,18.4426,18.5358,18.6287,18.7215,18.814,18.9063,18.9984,19.0903,19.182,19.2735,19.3648
26.8609,22.364,15.9816,12.794,11.8144,11.3576,11.1101,10.9715,10.8983,10.8678,10.8671,10.888,10.925,10.9746,11.0339,11.1011,11.1745,11.253,11.3358,11.4221,11.5112,11.6029,11.6965,11.7919,11.8887,11.9867,12.0858,12.1857,12.2864,12.3877,12.4894,12.5916,12.6941,12.7969,12.8999,13.003,13.1063,13.2096,13.3129,13.4163,13.5196,13.6229,13.7261,13.8292,13.9322,14.0351,14.1378,14.2404,14.3429,14.4452,14.5473,14.6492,14.7509,14.8525,14.9538,15.0549,15.1558,15.2565,15.357,15.4573,15.5574,15.6572,15.7568,15.8562,15.9553,16.0542,16.1529,16.2514,16.3496,16.4477,16.5454,16.643,16.7403,16.8374,16.9343,17.0309,17.1273,17.2235,17.3194,17.4151,17.5106,17.6059,17.701,17.7958,17.8904,17.9848,18.079,18.1729,18.2667,18.3602,18.4535,18.5466,18.6395,18.7321,18.8246,18.9168,19.0088,19.1007,19.1923,19.2837,19.3749
27.1551,22.8695,16.9549,13.2197,12.0537,11.5249,11.2395,11.0776,10.9884,10.9464,10.9369,10.9509,10.9824,11.0274,11.0829,11.1468,11.2174,11.2935,11.3741,11.4585,11.546,11.6361,11.7284,11.8225,11.9182,12.0152,12.1133,12.2124,12.3123,12.4128,12.5139,12.6154,12.7173,12.8195,12.922,13.0246,13.1274,13.2302,13.3332,13.4361,13.5391,13.642,13.7449,13.8476,13.9503,14.0529,14.1554,14.2577,14.3599,14.4619,14.5638,14.6655,14.767,14.8683,14.9694,15.0703,15.1711,15.2716,15.3719,15.472,15.5719,15.6715,15.771,15.8702,15.9692,16.0679,16.1665,16.2648,16.3629,16.4608,16.5584,16.6559,16.753,16.85,16.9468,17.0433,17.1396,17.2356,17.3315,17.4271,17.5225,17.6177,17.7126,17.8074,17.9019,17.9962,18.0902,18.1841,18.2778,18.3712,18.4644,18.5574,18.6502,18.7428,18.8352,18.9273,19.0193,19.111,19.2026,19.2939,19.3851
27.4365,23.3269,17.8623,13.696,12.3123,11.7021,11.3751,11.1878,11.0817,11.0274,11.0087,11.0154,11.0411,11.0813,11.1329,11.1933,11.261,11.3346,11.413,11.4955,11.5812,11.6697,11.7606,11.8535,11.9481,12.044,12.1412,12.2394,12.3384,12.4382,12.5385,12.6394,12.7407,12.8423,12.9442,13.0464,13.1487,13.2511,13.3536,13.4561,13.5587,13.6612,13.7638,13.8662,13.9686,14.0709,14.173,14.2751,14.377,14.4788,14.5804,14.6818,14.7831,14.8842,14.9851,15.0858,15.1863,15.2867,15.3868,15.4867,15.5864,15.6859,15.7852,15.8842,15.9831,16.0817,16.1801,16.2783,16.3762,16.474,16.5715,16.6688,16.7658,16.8627,16.9593,17.0557,17.1519,17.2478,17.3436,17.4391,17.5344,17.6295,17.7243,17.8189,17.9134,18.0076,18.1015,18.1953,18.2889,18.3822,18.4753,18.5683,18.661,18.7535,18.8458,18.9379,19.0297,19.1214,19.2129,19.3042,19.3952
27.7063,23.7464,18.6732,14.2242,12.5916,11.8898,11.5171,11.3025,11.1781,11.1109,11.0824,11.0816,11.1012,11.1364,11.1838,11.2407,11.3054,11.3764,11.4525,11.533,11.6169,11.7039,11.7933,11.8849,11.9783,12.0731,12.1693,12.2666,12.3648,12.4638,12.5634,12.6636,12.7643,12.8653,12.9667,13.0683,13.1701,13.2721,13.3741,13.4763,13.5784,13.6806,13.7828,13.8849,13.9869,14.0889,14.1908,14.2926,14.3942,14.4957,14.5971,14.6983,14.7993,14.9002,15.0009,15.1014,15.2017,15.3018,15.4018,15.5015,15.601,15.7003,15.7994,15.8983,15.997,16.0955,16.1937,16.2918,16.3896,16.4872,16.5846,16.6817,16.7787,16.8754,16.9719,17.0682,17.1642,17.2601,17.3557,17.4511,17.5463,17.6413,17.736,17.8306,17.9249,18.019,18.1129,18.2065,18.3,18.3933,18.4863,18.5792,18.6718,18.7642,18.8564,18.9484,19.0402,19.1318,19.2232,19.3144,19.4054
27.966,24.1353,19.3867,14.7989,12.8934,12.0888,11.6658,11.4217,11.2779,11.1968,11.1581,11.1493,11.1626,11.1926,11.2357,11.289,11.3506,11.4189,11.4927,11.571,11.6531,11.7384,11.8264,11.9167,12.0088,12.1026,12.1978,12.2941,12.3915,12.4897,12.5886,12.6881,12.7881,12.8886,12.9894,13.0904,13.1917,13.2932,13.3948,13.4966,13.5983,13.7001,13.8019,13.9037,14.0054,14.1071,14.2087,14.3101,14.4115,14.5127,14.6138,14.7148,14.8156,14.9163,15.0167,15.117,15.2171,15.3171,15.4168,15.5164,15.6157,15.7148,15.8138,15.9125,16.011,16.1094,16.2075,16.3053,16.403,16.5005,16.5977,16.6948,16.7916,16.8882,16.9845,17.0807,17.1766,17.2724,17.3679,17.4632,17.5583,17.6531,17.7478,17.8422,17.9364,18.0304,18.1242,18.2178,18.3112,18.4044,18.4973,18.5901,18.6826,18.7749,18.8671,18.959,19.0507,19.1423,19.2336,19.3247,19.4156
28.2165,24.4987,20.0171,15.406,13.2189,12.2997,11.8216,11.5456,11.381,11.2854,11.2358,11.2187,11.2254,11.25,11.2886,11.3382,11.3965,11.4621,11.5334,11.6096,11.6899,11.7735,11.8599,11.9488,12.0397,12.1324,12.2265,12.3219,12.4184,12.5158,12.6139,12.7127,12.8121,12.912,13.0122,13.1127,13.2135,13.3145,13.4157,13.517,13.6183,13.7198,13.8212,13.9226,14.024,14.1253,14.2266,14.3278,14.4289,14.5299,14.6307,14.7314,14.832,14.9324,15.0327,15.1327,15.2326,15.3324,15.4319,15.5313,15.6304,15.7294,15.8282,15.9267,16.0251,16.1233,16.2212,16.319,16.4165,16.5138,16.6109,16.7078,16.8045,16.901,16.9972,17.0933,17.1891,17.2847,17.3801,17.4753,17.5702,17.665,17.7595,17.8539,17.948,18.0419,18.1356,18.2291,18.3224,18.4155,18.5083,18.601,18.6935,18.7857,18.8778,18.9696,19.0613,19.1527,19.244,19.335,19.4258
28.4587,24.8406,20.5809,16.0269,13.569,12.523,11.9847,11.6743,11.4876,11.3766,11.3157,11.2898,11.2896,11.3086,11.3426,11.3882,11.4433,11.5059,11.5748,11.6488,11.7271,11.809,11.8939,11.9814,12.071,12.1625,12.2556,12.35,12.4456,12.5421,12.6395,12.7376,12.8363,12.9356,13.0352,13.1352,13.2355,13.336,13.4367,13.5376,13.6385,13.7395,13.8406,13.9417,14.0427,14.1437,14.2447,14.3456,14.4464,14.5471,14.6477,14.7481,14.8485,14.9486,15.0487,15.1485,15.2482,15.3478,15.4471,15.5463,15.6452,15.744,15.8426,15.941,16.0392,16.1372,16.235,16.3326,16.43,16.5272,16.6242,16.7209,16.8175,16.9138,17.0099,17.1058,17.2016,17.2971,17.3923,17.4874,17.5823,17.6769,17.7714,17.8656,17.9596,18.0534,18.147,18.2404,18.3336,18.4266,18.5194,18.612,18.7043,18.7965,18.8885,18.9803,19.0718,19.1632,19.2544,19.3453,19.4361
28.6934,25.1643,21.0913,16.6449,13.9437,12.7594,12.1556,11.8082,11.5979,11.4705,11.3976,11.3626,11.3552,11.3684,11.3975,11.4392,11.4908,11.5505,11.6167,11.6885,11.7648,11.8449,11.9282,12.0143,12.1026,12.1929,12.2849,12.3784,12.473,12.5687,12.6654,12.7627,12.8608,12.9593,13.0584,13.1578,13.2576,13.3576,13.4579,13.5583,13.6588,13.7594,13.8601,13.9608,14.0615,14.1622,14.2629,14.3635,14.464,14.5644,14.6647,14.7649,14.865,14.9649,15.0647,15.1644,15.2639,15.3632,15.4623,15.5613,15.6601,15.7587,15.8571,15.9554,16.0534,16.1512,16.2489,16.3463,16.4436,16.5406,16.6374,16.7341,16.8305,16.9267,17.0227,17.1185,17.2141,17.3095,17.4046,17.4996,17.5943,17.6889,17.7832,17.8773,17.9713,18.065,18.1585,18.2518,18.3449,18.4378,18.5305,18.623,18.7153,18.8073,18.8992,18.9909,19.0824,19.1737,19.2648,19.3557,19.4464
28.9212,25.472,21.5584,17.2484,14.3417,13.0093,12.3344,11.9472,11.7118,11.5672,11.4818,11.4372,11.4223,11.4294,11.4536,11.491,11.5391,11.5957,11.6594,11.7288,11.803,11.8813,11.963,12.0476,12.1346,12.2237,12.3146,12.407,12.5008,12.5956,12.6914,12.7881,12.8854,12.9833,13.0818,13.1806,13.2799,13.3794,13.4792,13.5791,13.6792,13.7795,13.8797,13.9801,14.0804,14.1808,14.2811,14.3814,14.4816,14.5818,14.6818,14.7818,14.8816,14.9813,15.0809,15.1803,15.2796,15.3787,15.4777,15.5764,15.675,15.7735,15.8717,15.9698,16.0676,16.1653,16.2628,16.3601,16.4572,16.5541,16.6508,16.7473,16.8435,16.9396,17.0355,17.1312,17.2266,17.3219,17.4169,17.5118,17.6064,17.7009,17.7951,17.8891,17.9829,18.0766,18.17,18.2632,18.3562,18.449,18.5416,18.634,18.7262,18.8182,18.91,19.0016,19.093,19.1842,19.2752,19.3661,19.4567
29.1427,25.7657,21.99,17.8287,14.7603,13.2731,12.5215,12.0917,11.8296,11.6668,11.5681,11.5136,11.4908,11.4917,11.5106,11.5438,11.5882,11.6417,11.7026,11.7696,11.8418,11.9182,11.9982,12.0813,12.167,12.2548,12.3446,12.436,12.5287,12.6227,12.7177,12.8136,12.9102,13.0075,13.1053,13.2036,13.3023,13.4013,13.5006,13.6001,13.6998,13.7996,13.8995,13.9995,14.0995,14.1995,14.2995,14.3995,14.4994,14.5993,14.6991,14.7988,14.8983,14.9978,15.0971,15.1963,15.2954,15.3943,15.493,15.5916,15.69,15.7883,15.8863,15.9842,16.0819,16.1794,16.2768,16.3739,16.4708,16.5676,16.6641,16.7605,16.8566,16.9526,17.0483,17.1439,17.2392,17.3344,17.4293,17.524,17.6186,17.7129,17.807,17.9009,17.9947,18.0882,18.1815,18.2746,18.3675,18.4602,18.5527,18.645,18.7372,18.8291,18.9208,19.0123,19.1036,19.1948,19.2857,19.3765,19.467
29.3583,26.0472,22.3918,18.3798,15.1949,13.5507,12.717,12.2417,11.9513,11.7692,11.6567,11.5917,11.5608,11.5552,11.5688,11.5974,11.6381,11.6883,11.7465,11.8111,11.8811,11.9556,12.0339,12.1154,12.1997,12.2863,12.3749,12.4652,12.557,12.6501,12.7443,12.8394,12.9353,13.0319,13.1291,13.2268,13.3249,13.4234,13.5222,13.6213,13.7205,13.8199,13.9194,14.019,14.1186,14.2183,14.318,14.4177,14.5173,14.6169,14.7164,14.8158,14.9151,15.0143,15.1134,15.2124,15.3112,15.4099,15.5085,15.6069,15.7051,15.8031,15.901,15.9987,16.0963,16.1936,16.2908,16.3878,16.4846,16.5812,16.6776,16.7738,16.8698,16.9656,17.0612,17.1566,17.2519,17.3469,17.4417,17.5363,17.6307,17.725,17.819,17.9128,18.0064,18.0998,18.193,18.286,18.3789,18.4715,18.5639,18.6561,18.7482,18.84,18.9316,19.0231,19.1143,19.2053,19.2962,19.3869,19.4773
29.5685,26.3176,22.7685,18.8987,15.6399,13.8421,12.9212,12.3974,12.0769,11.8746,11.7476,11.6718,11.6323,11.6199,11.628,11.6521,11.6888,11.7357,11.791,11.8531,11.9208,11.9934,12.0699,12.1499,12.2327,12.318,12.4055,12.4947,12.5855,12.6777,12.771,12.8653,12.9605,13.0565,13.153,13.2501,13.3477,13.4457,13.544,13.6425,13.7413,13.8403,13.9394,14.0386,14.1379,14.2372,14.3366,14.4359,14.5353,14.6345,14.7338,14.8329,14.932,15.031,15.1298,15.2286,15.3272,15.4257,15.524,15.6222,15.7202,15.8181,15.9158,16.0133,16.1107,16.2079,16.3049,16.4017,16.4983,16.5948,16.691,16.7871,16.883,16.9787,17.0741,17.1694,17.2645,17.3594,17.4541,17.5486,17.6429,17.737,17.831,17.9247,18.0182,18.1115,18.2046,18.2975,18.3902,18.4828,18.5751,18.6672,18.7592,18.8509,18.9425,19.0338,19.125,19.2159,19.3067,19.3973,19.4877
29.7737,26.5782,23.1236,19.3853,16.0893,14.1465,13.1341,12.5589,12.2066,11.9831,11.8409,11.7536,11.7054,11.6859,11.6883,11.7076,11.7403,11.7838,11.8361,11.8956,11.9611,12.0317,12.1064,12.1848,12.2662,12.3501,12.4364,12.5245,12.6143,12.7056,12.798,12.8916,12.986,13.0812,13.1772,13.2737,13.3707,13.4681,13.5659,13.664,13.7623,13.8608,13.9595,14.0584,14.1573,14.2563,14.3553,14.4543,14.5533,14.6523,14.7513,14.8501,14.9489,15.0477,15.1463,15.2448,15.3432,15.4414,15.5396,15.6375,15.7354,15.8331,15.9306,16.0279,16.1251,16.2221,16.319,16.4156,16.5121,16.6084,16.7045,16.8005,16.8962,16.9917,17.0871,17.1823,17.2772,17.372,17.4666,17.561,17.6552,17.7492,17.843,17.9366,18.03,18.1232,18.2162,18.309,18.4017,18.4941,18.5863,18.6784,18.7702,18.8619,18.9533,19.0446,19.1357,19.2266,19.3173,19.4078,19.4981
29.9743,26.8299,23.46,19.8413,16.538,14.4632,13.3558,12.7262,12.3405,12.0946,11.9365,11.8374,11.78,11.7533,11.7497,11.7641,11.7927,11.8327,11.8819,11.9388,12.002,12.0704,12.1434,12.22,12.2999,12.3826,12.4676,12.5546,12.6434,12.7337,12.8253,12.918,13.0117,13.1062,13.2015,13.2974,13.3938,13.4907,13.5879,13.6855,13.7834,13.8815,13.9798,14.0782,14.1768,14.2754,14.3741,14.4728,14.5715,14.6702,14.7688,14.8674,14.966,15.0644,15.1628,15.2611,15.3593,15.4573,15.5552,15.653,15.7506,15.8481,15.9454,16.0426,16.1396,16.2365,16.3332,16.4297,16.526,16.6221,16.7181,16.8139,16.9095,17.0049,17.1001,17.1951,17.29,17.3846,17.4791,17.5734,17.6675,17.7613,17.855,17.9485,18.0418,18.1349,18.2278,18.3206,18.4131,18.5054,18.5976,18.6895,18.7813,18.8729,18.9642,19.0554,19.1464,19.2372,19.3278,19.4183,19.5085
30.1704,27.0734,23.78,20.2696,16.9816,14.7905,13.5862,12.8995,12.4786,12.2092,12.0345,11.9231,11.8562,11.8219,11.8122,11.8216,11.8459,11.8823,11.9284,11.9825,12.0433,12.1097,12.1807,12.2557,12.3341,12.4154,12.4991,12.585,12.6727,12.762,12.8527,12.9446,13.0376,13.1314,13.226,13.3212,13.4171,13.5134,13.6101,13.7072,13.8047,13.9023,14.0002,14.0982,14.1964,14.2946,14.393,14.4913,14.5897,14.6881,14.7865,14.8848,14.9831,15.0813,15.1794,15.2775,15.3754,15.4732,15.5709,15.6685,15.7659,15.8632,15.9604,16.0574,16.1542,16.2509,16.3474,16.4437,16.5399,16.6359,16.7317,16.8273,16.9228,17.0181,17.1132,17.2081,17.3028,17.3973,17.4916,17.5858,17.6798,17.7735,17.8671,17.9605,18.0537,18.1467,18.2395,18.3321,18.4246,18.5168,18.6089,18.7007,18.7924,18.8839,18.9752,19.0663,19.1572,19.2479,19.3384,19.4288,19.5189
30.3625,27.3096,24.0855,20.6729,17.4169,15.1267,13.8251,13.0788,12.621,12.327,12.135,12.0107,11.934,11.8919,11.8759,11.88,11.8999,11.9326,11.9755,12.0268,12.0852,12.1494,12.2185,12.2918,12.3686,12.4485,12.531,12.6157,12.7023,12.7907,12.8805,12.9715,13.0636,13.1567,13.2506,13.3453,13.4405,13.5363,13.6325,13.7291,13.826,13.9233,14.0207,14.1183,14.2161,14.314,14.412,14.51,14.6081,14.7062,14.8042,14.9023,15.0003,15.0982,15.1961,15.2939,15.3916,15.4892,15.5867,15.6841,15.7813,15.8784,15.9753,16.0721,16.1688,16.2653,16.3617,16.4578,16.5538,16.6497,16.7453,16.8408,16.9362,17.0313,17.1262,17.221,17.3156,17.41,17.5042,17.5983,17.6921,17.7858,17.8792,17.9725,18.0656,18.1585,18.2512,18.3437,18.4361,18.5282,18.6202,18.7119,18.8035,18.8949,18.9861,19.0771,19.1679,19.2586,19.349,19.4393,19.5294
30.5507,27.5389,24.3781,21.0541,17.8412,15.4697,14.0721,13.2641,12.7676,12.448,12.2379,12.1003,12.0133,11.9632,11.9406,11.9394,11.9548,11.9836,12.0233,12.0718,12.1276,12.1896,12.2567,12.3283,12.4035,12.4819,12.5631,12.6466,12.7322,12.8195,12.9084,12.9986,13.0899,13.1823,13.2755,13.3695,13.4641,13.5593,13.655,13.7511,13.8476,13.9443,14.0413,14.1385,14.2359,14.3335,14.4311,14.5288,14.6265,14.7243,14.8221,14.9198,15.0176,15.1153,15.2129,15.3104,15.4079,15.5053,15.6025,15.6997,15.7967,15.8936,15.9904,16.087,16.1835,16.2798,16.376,16.472,16.5678,16.6635,16.759,16.8544,16.9496,17.0446,17.1394,17.234,17.3285,17.4228,17.5168,17.6108,17.7045,17.798,17.8914,17.9845,18.0775,18.1703,18.2629,18.3554,18.4476,18.5396,18.6315,18.7232,18.8147,18.906,18.9971,19.088,19.1787,19.2693,19.3597,19.4499,19.5399
30.7353,27.762,24.6592,21.4155,18.2526,15.817,14.3267,13.4553,12.9186,12.5722,12.3433,12.1919,12.0943,12.0358,12.0065,11.9997,12.0106,12.0354,12.0717,12.1172,12.1705,12.2303,12.2954,12.3651,12.4388,12.5157,12.5956,12.6779,12.7624,12.8487,12.9366,13.0259,13.1164,13.208,13.3005,13.3939,13.4879,13.5825,13.6776,13.7732,13.8692,13.9655,14.0621,14.1589,14.2559,14.353,14.4503,14.5477,14.6451,14.7425,14.84,14.9375,15.0349,15.1324,15.2297,15.327,15.4243,15.5214,15.6184,15.7154,15.8122,15.9089,16.0055,16.1019,16.1982,16.2944,16.3904,16.4862,16.5819,16.6774,16.7728,16.868,16.963,17.0579,17.1525,17.2471,17.3414,17.4355,17.5295,17.6233,17.7169,17.8103,17.9036,17.9966,18.0895,18.1822,18.2747,18.367,18.4591,18.5511,18.6429,18.7344,18.8258,18.917,19.0081,19.0989,19.1896,19.28,19.3703,19.4605,19.5504
30.9164,27.9792,24.9298,21.7595,18.6499,16.1663,14.5884,13.6523,13.0739,12.6997,12.4512,12.2854,12.1769,12.1098,12.0736,12.0611,12.0671,12.088,12.1208,12.1633,12.214,12.2714,12.3345,12.4024,12.4744,12.5499,12.6284,12.7094,12.7928,12.878,12.965,13.0534,13.1431,13.234,13.3258,13.4184,13.5118,13.6059,13.7004,13.7955,13.891,13.9868,14.083,14.1793,14.2759,14.3727,14.4696,14.5666,14.6637,14.7609,14.858,14.9552,15.0524,15.1495,15.2466,15.3437,15.4407,15.5376,15.6344,15.7311,15.8277,15.9242,16.0206,16.1169,16.213,16.309,16.4048,16.5005,16.596,16.6914,16.7866,16.8816,16.9765,17.0712,17.1658,17.2601,17.3543,17.4483,17.5422,17.6359,17.7293,17.8227,17.9158,18.0087,18.1015,18.1941,18.2865,18.3787,18.4707,18.5626,18.6542,18.7457,18.837,18.9282,19.0191,19.1098,19.2004,19.2908,19.381,19.4711,19.5609
31.0944,28.1911,25.1911,22.0877,19.0325,16.5156,14.8564,13.8549,13.2334,12.8304,12.5617,12.381,12.2611,12.1851,12.1418,12.1234,12.1246,12.1413,12.1705,12.21,12.258,12.313,12.374,12.4401,12.5104,12.5843,12.6614,12.7413,12.8235,12.9077,12.9937,13.0812,13.1701,13.2601,13.3512,13.4432,13.5359,13.6294,13.7234,13.8179,13.9129,14.0083,14.104,14.1999,14.2961,14.3925,14.489,14.5857,14.6824,14.7793,14.8761,14.973,15.0699,15.1668,15.2636,15.3604,15.4572,15.5539,15.6504,15.747,15.8434,15.9396,16.0358,16.1319,16.2278,16.3236,16.4193,16.5148,16.6101,16.7053,16.8004,16.8953,16.99,17.0846,17.179,17.2732,17.3673,17.4612,17.5549,17.6485,17.7418,17.835,17.928,18.0209,18.1135,18.206,18.2983,18.3904,18.4823,18.5741,18.6657,18.7571,18.8483,18.9393,19.0301,19.1208,19.2113,19.3016,19.3917,19.4817,19.5715
31.2692,28.398,25.4437,22.4018,19.4006,16.8629,15.1297,14.063,13.3973,12.9644,12.6747,12.4786,12.347,12.2619,12.2112,12.1868,12.1829,12.1953,12.2209,12.2573,12.3025,12.3552,12.414,12.4781,12.5467,12.6191,12.6949,12.7734,12.8544,12.9376,13.0225,13.1092,13.1972,13.2865,13.3768,13.4681,13.5602,13.653,13.7465,13.8405,13.935,14.0298,14.1251,14.2206,14.3164,14.4124,14.5085,14.6048,14.7013,14.7978,14.8943,14.9909,15.0875,15.1841,15.2807,15.3772,15.4737,15.5702,15.6666,15.7628,15.859,15.9551,16.0511,16.147,16.2427,16.3383,16.4338,16.5291,16.6243,16.7194,16.8143,16.909,17.0036,17.098,17.1923,17.2864,17.3803,17.4741,17.5677,17.6611,17.7543,17.8474,17.9403,18.033,18.1256,18.2179,18.3101,18.4021,18.494,18.5856,18.6771,18.7684,18.8595,18.9505,19.0412,19.1318,19.2222,19.3124,19.4025,19.4923,19.582
31.4411,28.6002,25.6885,22.7032,19.7543,17.2066,15.4073,14.2762,13.5653,13.1016,12.7902,12.5782,12.4346,12.34,12.2817,12.2511,12.2421,12.2501,12.272,12.3052,12.3476,12.3978,12.4544,12.5166,12.5834,12.6543,12.7286,12.8058,12.8856,12.9677,13.0517,13.1374,13.2245,13.313,13.4026,13.4932,13.5846,13.6769,13.7697,13.8632,13.9571,14.0515,14.1463,14.2414,14.3368,14.4324,14.5282,14.6241,14.7202,14.8163,14.9126,15.0089,15.1052,15.2015,15.2978,15.3941,15.4904,15.5866,15.6827,15.7788,15.8748,15.9706,16.0664,16.1621,16.2576,16.3531,16.4484,16.5435,16.6386,16.7335,16.8282,16.9228,17.0172,17.1115,17.2056,17.2996,17.3934,17.487,17.5805,17.6738,17.7669,17.8599,17.9526,18.0452,18.1377,18.2299,18.322,18.4139,18.5057,18.5972,18.6886,18.7798,18.8708,18.9616,19.0523,19.1428,19.2331,19.3233,19.4132,19.503,19.5926
31.6103,28.798,25.926,22.993,20.0945,17.5453,15.6882,14.4943,13.7374,13.2421,12.9083,12.6799,12.5238,12.4194,12.3534,12.3164,12.3021,12.3057,12.3238,12.3537,12.3932,12.4409,12.4953,12.5555,12.6205,12.6898,12.7626,12.8385,12.9171,12.9981,13.081,13.1658,13.2521,13.3397,13.4286,13.5184,13.6092,13.7008,13.7931,13.886,13.9795,14.0734,14.1677,14.2623,14.3573,14.4525,14.5479,14.6435,14.7392,14.835,14.931,15.0269,15.123,15.219,15.3151,15.4111,15.5071,15.603,15.699,15.7948,15.8905,15.9862,16.0818,16.1773,16.2726,16.3679,16.463,16.558,16.6529,16.7476,16.8422,16.9366,17.0309,17.125,17.219,17.3128,17.4065,17.5,17.5933,17.6865,17.7795,17.8723,17.965,18.0575,18.1498,18.2419,18.3339,18.4257,18.5173,18.6088,18.7001,18.7912,18.8821,18.9729,19.0634,19.1538,19.2441,19.3341,19.424,19.5137,19.6032
31.7768,28.9917,26.1569,23.2724,20.4218,17.878,15.9712,14.7167,13.9135,13.3857,13.0289,12.7836,12.6147,12.5003,12.4262,12.3827,12.363,12.3621,12.3762,12.4027,12.4394,12.4845,12.5366,12.5948,12.658,12.7256,12.797,12.8715,12.9489,13.0287,13.1106,13.1944,13.2798,13.3667,13.4547,13.5439,13.634,13.725,13.8167,13.909,14.0019,14.0953,14.1892,14.2834,14.3779,14.4727,14.5677,14.6629,14.7583,14.8538,14.9494,15.0451,15.1408,15.2366,15.3323,15.4281,15.5239,15.6196,15.7153,15.8109,15.9064,16.0019,16.0972,16.1925,16.2877,16.3827,16.4777,16.5725,16.6672,16.7618,16.8562,16.9505,17.0446,17.1386,17.2324,17.3261,17.4196,17.513,17.6062,17.6992,17.7921,17.8848,17.9774,18.0697,18.162,18.254,18.3459,18.4376,18.5291,18.6204,18.7116,18.8026,18.8934,18.9841,19.0746,19.1649,19.255,19.345,19.4348,19.5244,19.6139
31.9408,29.1815,26.3816,23.5422,20.7371,18.204,16.2553,14.943,14.0934,13.5325,13.152,12.8893,12.7072,12.5825,12.5003,12.4501,12.4248,12.4192,12.4294,12.4524,12.4861,12.5285,12.5784,12.6345,12.6958,12.7618,12.8316,12.9048,12.9809,13.0596,13.1405,13.2233,13.3078,13.3938,13.4811,13.5695,13.6589,13.7493,13.8404,13.9321,14.0245,14.1174,14.2108,14.3045,14.3986,14.493,14.5876,14.6825,14.7775,14.8727,14.9679,15.0633,15.1587,15.2542,15.3497,15.4452,15.5407,15.6362,15.7316,15.827,15.9223,16.0176,16.1127,16.2078,16.3028,16.3977,16.4924,16.5871,16.6816,16.776,16.8702,16.9644,17.0583,17.1522,17.2459,17.3394,17.4328,17.526,17.6191,17.712,17.8048,17.8974,17.9898,18.082,18.1741,18.2661,18.3578,18.4494,18.5408,18.6321,18.7232,18.8141,18.9048,18.9954,19.0858,19.176,19.266,19.3559,19.4456,19.5351,19.6245
32.1024,29.3676,26.6006,23.8031,21.0412,18.5227,16.5395,15.1728,14.277,13.6824,13.2776,12.9971,12.8014,12.6662,12.5755,12.5184,12.4874,12.477,12.4831,12.5027,12.5333,12.5731,12.6206,12.6745,12.7341,12.7983,12.8666,12.9384,13.0133,13.0908,13.1706,13.2524,13.336,13.4211,13.5076,13.5953,13.684,13.7737,13.8642,13.9554,14.0472,14.1396,14.2325,14.3258,14.4195,14.5134,14.6077,14.7021,14.7968,14.8916,14.9866,15.0816,15.1767,15.2719,15.3672,15.4624,15.5576,15.6529,15.748,15.8432,15.9383,16.0333,16.1283,16.2232,16.3179,16.4126,16.5072,16.6017,16.696,16.7902,16.8843,16.9783,17.0721,17.1658,17.2594,17.3528,17.446,17.5391,17.632,17.7248,17.8175,17.9099,18.0022,18.0944,18.1864,18.2782,18.3698,18.4613,18.5526,18.6438,18.7347,18.8255,18.9162,19.0067,19.097,19.1871,19.277,19.3668,19.4565,19.5459,19.6352
32.2616,29.5503,26.8142,24.056,21.3349,18.8337,16.8228,15.4055,14.464,13.8353,13.4057,13.1068,12.8973,12.7512,12.6519,12.5878,12.551,12.5357,12.5376,12.5536,12.5811,12.6181,12.6632,12.715,12.7726,12.8351,12.9019,12.9723,13.0458,13.1222,13.2009,13.2817,13.3643,13.4486,13.5343,13.6212,13.7093,13.7983,13.8882,13.9788,14.0701,14.162,14.2544,14.3472,14.4404,14.534,14.6278,14.7219,14.8162,14.9107,15.0053,15.1,15.1948,15.2897,15.3847,15.4796,15.5746,15.6696,15.7645,15.8595,15.9543,16.0491,16.1439,16.2386,16.3331,16.4276,16.522,16.6163,16.7105,16.8045,16.8985,16.9923,17.086,17.1795,17.2729,17.3661,17.4593,17.5522,17.645,17.7377,17.8302,17.9225,18.0147,18.1067,18.1986,18.2903,18.3818,18.4732,18.5644,18.6555,18.7463,18.8371,18.9276,19.018,19.1082,19.1982,19.2881,19.3778,19.4673,19.5567,19.6459
32.4187,29.7297,27.0229,24.3014,21.6188,19.1369,17.1044,15.6406,14.6541,13.991,13.5363,13.2186,12.9948,12.8377,12.7294,12.6581,12.6154,12.5951,12.5928,12.6051,12.6294,12.6637,12.7063,12.7559,12.8116,12.8723,12.9375,13.0065,13.0787,13.1538,13.2314,13.3112,13.3929,13.4763,13.5612,13.6474,13.7347,13.8231,13.9123,14.0024,14.0931,14.1845,14.2763,14.3687,14.4615,14.5546,14.648,14.7417,14.8357,14.9298,15.0241,15.1185,15.213,15.3076,15.4023,15.497,15.5917,15.6864,15.7811,15.8758,15.9704,16.065,16.1596,16.254,16.3484,16.4427,16.5369,16.631,16.725,16.8189,16.9127,17.0063,17.0998,17.1932,17.2865,17.3796,17.4725,17.5654,17.658,17.7506,17.8429,17.9352,18.0272,18.1191,18.2109,18.3025,18.3939,18.4852,18.5763,18.6672,18.758,18.8486,18.939,19.0293,19.1194,19.2094,19.2992,19.3888,19.4782,19.5675,19.6566
32.5737,29.906,27.2269,24.5399,21.8938,19.4323,17.3836,15.8773,14.8472,14.1496,13.6692,13.3324,13.094,12.9255,12.8082,12.7295,12.6806,12.6552,12.6486,12.6572,12.6782,12.7097,12.7498,12.7972,12.8509,12.9099,12.9734,13.0409,13.1118,13.1857,13.2622,13.341,13.4217,13.5042,13.5883,13.6737,13.7603,13.848,13.9366,14.0261,14.1162,14.2071,14.2984,14.3903,14.4826,14.5753,14.6684,14.7617,14.8552,14.949,15.043,15.137,15.2313,15.3256,15.4199,15.5143,15.6088,15.7033,15.7977,15.8922,15.9866,16.081,16.1753,16.2695,16.3637,16.4578,16.5518,16.6458,16.7396,16.8333,16.9269,17.0204,17.1137,17.207,17.3001,17.393,17.4859,17.5785,17.6711,17.7635,17.8557,17.9478,18.0398,18.1316,18.2232,18.3147,18.406,18.4971,18.5881,18.679,18.7696,18.8602,18.9505,19.0407,19.1307,19.2206,19.3102,19.3998,19.4891,19.5783,19.6674
32.7266,30.0794,27.4265,24.772,22.1603,19.7201,17.6598,16.1153,15.0429,14.3108,13.8044,13.4481,13.1948,13.0147,12.8881,12.8019,12.7468,12.7162,12.7051,12.7099,12.7276,12.7562,12.7938,12.8389,12.8906,12.9477,13.0097,13.0757,13.1452,13.2179,13.2932,13.3709,13.4507,13.5323,13.6155,13.7002,13.7861,13.8731,13.961,14.0499,14.1395,14.2298,14.3207,14.4121,14.5039,14.5962,14.6888,14.7817,14.8749,14.9683,15.0619,15.1557,15.2496,15.3436,15.4377,15.5318,15.626,15.7202,15.8144,15.9086,16.0028,16.0969,16.1911,16.2851,16.3791,16.473,16.5668,16.6606,16.7542,16.8478,16.9412,17.0345,17.1277,17.2208,17.3137,17.4065,17.4992,17.5918,17.6842,17.7764,17.8686,17.9605,18.0523,18.144,18.2355,18.3269,18.4181,18.5091,18.6,18.6908,18.7813,18.8717,18.962,19.0521,19.142,19.2318,19.3214,19.4108,19.5001,19.5892,19.6781
32.8777,30.2499,27.6219,24.9981,22.419,20.0003,17.9325,16.3539,15.2409,14.4746,13.9419,13.5658,13.2973,13.1052,12.9692,12.8753,12.8138,12.7779,12.7623,12.7632,12.7776,12.8032,12.8382,12.8811,12.9306,12.986,13.0462,13.1107,13.1789,13.2503,13.3245,13.4011,13.4799,13.5606,13.643,13.7268,13.812,13.8983,13.9856,14.0739,14.1629,14.2526,14.343,14.4339,14.5253,14.6171,14.7093,14.8019,14.8947,14.9877,15.081,15.1744,15.268,15.3617,15.4555,15.5493,15.6432,15.7372,15.8312,15.9251,16.0191,16.113,16.2069,16.3007,16.3945,16.4882,16.5819,16.6754,16.7689,16.8622,16.9555,17.0487,17.1417,17.2346,17.3274,17.4201,17.5126,17.605,17.6973,17.7894,17.8814,17.9733,18.065,18.1565,18.2479,18.3391,18.4302,18.5212,18.612,18.7026,18.793,18.8834,18.9735,19.0635,19.1533,19.243,19.3325,19.4218,19.511,19.6,19.6889
33.0268,30.4178,27.8135,25.2186,22.6704,20.2733,18.2013,16.5925,15.441,14.6407,14.0816,13.6853,13.4013,13.1972,13.0514,12.9497,12.8818,12.8404,12.8202,12.8171,12.8281,12.8507,12.883,12.9236,12.9711,13.0245,13.0831,13.146,13.2128,13.2829,13.356,13.4315,13.5093,13.5891,13.6706,13.7537,13.8381,13.9237,14.0103,14.098,14.1864,14.2756,14.3655,14.4559,14.5468,14.6382,14.73,14.8221,14.9145,15.0072,15.1001,15.1932,15.2865,15.3799,15.4734,15.5669,15.6606,15.7543,15.848,15.9417,16.0354,16.1291,16.2228,16.3164,16.41,16.5035,16.5969,16.6903,16.7836,16.8768,16.9699,17.0629,17.1557,17.2485,17.3411,17.4337,17.5261,17.6183,17.7105,17.8025,17.8943,17.986,18.0776,18.169,18.2603,18.3514,18.4424,18.5332,18.6239,18.7144,18.8048,18.895,18.985,19.0749,19.1647,19.2542,19.3437,19.4329,19.522,19.6109,19.6997
33.1741,30.5831,28.0014,25.4339,22.915,20.5393,18.4659,16.8308,15.6428,14.8091,14.2234,13.8067,13.507,13.2905,13.1349,13.0251,12.9505,12.9036,12.8787,12.8716,12.8791,12.8987,12.9283,12.9665,13.0119,13.0634,13.1203,13.1817,13.247,13.3159,13.3877,13.4622,13.539,13.6178,13.6984,13.7807,13.8643,13.9492,14.0352,14.1222,14.2101,14.2987,14.388,14.478,14.5684,14.6594,14.7507,14.8424,14.9345,15.0268,15.1193,15.2121,15.305,15.3981,15.4913,15.5846,15.678,15.7714,15.8649,15.9583,16.0518,16.1453,16.2387,16.3321,16.4255,16.5188,16.6121,16.7053,16.7984,16.8914,16.9843,17.0771,17.1698,17.2624,17.3549,17.4473,17.5395,17.6317,17.7237,17.8155,17.9072,17.9988,18.0903,18.1816,18.2727,18.3637,18.4546,18.5453,18.6359,18.7263,18.8166,18.9067,18.9966,19.0864,19.176,19.2655,19.3548,19.444,19.533,19.6219,19.7105
33.3197,30.746,28.1858,25.6443,23.1532,20.7986,18.7261,17.0682,15.8459,14.9795,14.3673,13.9299,13.6142,13.3851,13.2194,13.1015,13.0202,12.9676,12.9379,12.9267,12.9307,12.9471,12.9741,13.0098,13.0531,13.1027,13.1578,13.2176,13.2815,13.349,13.4196,13.493,13.5688,13.6467,13.7264,13.8078,13.8907,13.9749,14.0602,14.1466,14.2339,14.3219,14.4107,14.5002,14.5901,14.6806,14.7716,14.8629,14.9545,15.0465,15.1387,15.2311,15.3237,15.4165,15.5093,15.6024,15.6954,15.7886,15.8818,15.975,16.0683,16.1615,16.2547,16.3479,16.4411,16.5342,16.6273,16.7202,16.8132,16.906,16.9987,17.0914,17.1839,17.2764,17.3687,17.461,17.5531,17.645,17.7369,17.8286,17.9202,18.0117,18.103,18.1942,18.2852,18.3761,18.4668,18.5574,18.6479,18.7382,18.8283,18.9183,19.0082,19.0979,19.1874,19.2768,19.366,19.4551,19.544,19.6328,19.7214
33.4636,30.9065,28.367,25.85,23.3854,21.0515,18.9818,17.3043,16.05,15.1517,14.513,14.0549,13.7229,13.481,13.3052,13.1789,13.0907,13.0324,12.9978,12.9825,12.9828,12.9961,13.0203,13.0536,13.0946,13.1422,13.1956,13.2538,13.3163,13.3824,13.4518,13.5241,13.5988,13.6757,13.7546,13.8352,13.9173,14.0008,14.0854,14.1711,14.2578,14.3453,14.4336,14.5225,14.612,14.702,14.7925,14.8834,14.9747,15.0662,15.1581,15.2501,15.3424,15.4349,15.5275,15.6202,15.713,15.8059,15.8988,15.9918,16.0848,16.1778,16.2708,16.3638,16.4567,16.5496,16.6425,16.7353,16.828,16.9207,17.0132,17.1057,17.1981,17.2904,17.3826,17.4746,17.5666,17.6584,17.7502,17.8417,17.9332,18.0245,18.1157,18.2068,18.2977,18.3885,18.4791,18.5696,18.6599,18.7501,18.8402,18.9301,19.0198,19.1094,19.1988,19.2881,19.3773,19.4663,19.5551,19.6438,19.7323
33.606,31.0648,28.5449,26.0514,23.612,21.2982,19.233,17.5388,16.2548,15.3257,14.6606,14.1816,13.8332,13.5783,13.392,13.2573,13.1621,13.0979,13.0584,13.0388,13.0354,13.0455,13.0669,13.0977,13.1365,13.1822,13.2337,13.2903,13.3513,13.4161,13.4843,13.5554,13.629,13.705,13.783,13.8627,13.944,14.0268,14.1107,14.1958,14.2818,14.3688,14.4565,14.5449,14.6339,14.7235,14.8135,14.904,14.9949,15.0861,15.1775,15.2693,15.3612,15.4533,15.5456,15.6381,15.7306,15.8232,15.9159,16.0086,16.1014,16.1941,16.2869,16.3797,16.4724,16.5651,16.6578,16.7504,16.8429,16.9354,17.0278,17.1201,17.2123,17.3044,17.3965,17.4884,17.5802,17.6719,17.7635,17.8549,17.9462,18.0374,18.1285,18.2194,18.3102,18.4009,18.4914,18.5818,18.672,18.7621,18.852,18.9418,19.0315,19.1209,19.2103,19.2995,19.3885,19.4774,19.5661,19.6547,19.7432
33.7467,31.221,28.7199,26.2487,23.8332,21.5392,19.4796,17.7714,16.4601,15.501,14.81,14.3099,13.9449,13.6769,13.48,13.3366,13.2344,13.1642,13.1196,13.0957,13.0886,13.0955,13.114,13.1422,13.1788,13.2224,13.2721,13.3271,13.3866,13.45,13.5169,13.5869,13.6595,13.7345,13.8115,13.8904,13.9709,14.0529,14.1362,14.2206,14.306,14.3924,14.4796,14.5674,14.656,14.7451,14.8347,14.9247,15.0152,15.106,15.1971,15.2885,15.3801,15.4719,15.5639,15.656,15.7483,15.8406,15.933,16.0255,16.118,16.2105,16.3031,16.3956,16.4881,16.5806,16.6731,16.7655,16.8579,16.9502,17.0424,17.1345,17.2266,17.3185,17.4104,17.5022,17.5938,17.6854,17.7768,17.8681,17.9593,18.0504,18.1413,18.2321,18.3228,18.4133,18.5037,18.594,18.6841,18.7741,18.8639,18.9536,19.0431,19.1325,19.2218,19.3109,19.3998,19.4886,19.5772,19.6657,19.7541
33.886,31.3751,28.8921,26.4421,24.0495,21.7746,19.7216,18.0019,16.6654,15.6777,14.9609,14.4398,14.0581,13.7767,13.5691,13.417,13.3075,13.2313,13.1816,13.1532,13.1423,13.1459,13.1615,13.1872,13.2214,13.263,13.3109,13.3641,13.4221,13.4842,13.5498,13.6186,13.6901,13.7641,13.8402,13.9183,13.998,14.0792,14.1618,14.2455,14.3304,14.4161,14.5027,14.5901,14.6781,14.7668,14.8559,14.9456,15.0356,15.126,15.2168,15.3078,15.3991,15.4905,15.5822,15.674,15.766,15.8581,15.9502,16.0424,16.1347,16.227,16.3193,16.4116,16.5039,16.5962,16.6885,16.7807,16.8729,16.965,17.057,17.149,17.2409,17.3327,17.4244,17.516,17.6075,17.6989,17.7902,17.8813,17.9724,18.0633,18.1541,18.2448,18.3354,18.4258,18.516,18.6062,18.6962,18.7861,18.8758,18.9654,19.0548,19.1441,19.2333,19.3222,19.4111,19.4998,19.5884,19.6768,19.765
34.0238,31.5272,29.0615,26.6319,24.2611,22.0047,19.9591,18.23,16.8705,15.8553,15.1133,14.5713,14.1727,13.8778,13.6593,13.4983,13.3814,13.2991,13.2441,13.2113,13.1966,13.1968,13.2094,13.2325,13.2644,13.3039,13.3499,13.4015,13.4579,13.5186,13.5829,13.6505,13.721,13.794,13.8691,13.9463,14.0252,14.1057,14.1875,14.2706,14.3548,14.44,14.526,14.6129,14.7004,14.7886,14.8773,14.9665,15.0561,15.1461,15.2365,15.3272,15.4181,15.5093,15.6006,15.6921,15.7838,15.8756,15.9675,16.0594,16.1514,16.2435,16.3356,16.4277,16.5198,16.6118,16.7039,16.7959,16.8879,16.9798,17.0717,17.1635,17.2552,17.3468,17.4384,17.5298,17.6212,17.7124,17.8036,17.8946,17.9855,18.0763,18.167,18.2575,18.348,18.4383,18.5284,18.6185,18.7083,18.7981,18.8877,18.9772,19.0665,19.1557,19.2448,19.3337,19.4224,19.511,19.5995,19.6878,19.776
34.1602,31.6774,29.2284,26.8182,24.4681,22.2298,20.1922,18.4555,17.0751,16.0339,15.2671,14.7041,14.2886,13.9801,13.7506,13.5805,13.4562,13.3676,13.3074,13.27,13.2514,13.2482,13.2578,13.2782,13.3078,13.3452,13.3893,13.4391,13.494,13.5533,13.6163,13.6827,13.752,13.824,13.8982,13.9745,14.0526,14.1323,14.2134,14.2958,14.3794,14.464,14.5495,14.6358,14.7228,14.8105,14.8987,14.9875,15.0767,15.1663,15.2563,15.3466,15.4372,15.528,15.6191,15.7103,15.8017,15.8932,15.9848,16.0765,16.1682,16.2601,16.3519,16.4438,16.5357,16.6275,16.7194,16.8112,16.903,16.9947,17.0864,17.178,17.2696,17.361,17.4524,17.5437,17.6349,17.726,17.817,17.9079,17.9987,18.0893,18.1799,18.2703,18.3606,18.4508,18.5408,18.6307,18.7205,18.8102,18.8997,18.989,19.0783,19.1674,19.2563,19.3451,19.4338,19.5223,19.6107,19.6989,19.7869
34.2952,31.8258,29.3928,27.0011,24.671,22.4501,20.4209,18.6783,17.2791,16.213,15.422,14.8384,14.4058,14.0836,13.8429,13.6637,13.5318,13.4369,13.3713,13.3293,13.3067,13.3,13.3066,13.3244,13.3516,13.3868,13.429,13.4771,13.5304,13.5882,13.6499,13.7151,13.7833,13.8542,13.9275,14.0029,14.0801,14.1591,14.2395,14.3212,14.4041,14.4881,14.573,14.6588,14.7453,14.8325,14.9202,15.0086,15.0974,15.1866,15.2762,15.3662,15.4564,15.5469,15.6376,15.7285,15.8196,15.9108,16.0022,16.0936,16.1851,16.2767,16.3683,16.4599,16.5516,16.6433,16.7349,16.8265,16.9181,17.0097,17.1012,17.1926,17.284,17.3753,17.4665,17.5576,17.6487,17.7396,17.8305,17.9212,18.0119,18.1024,18.1928,18.2831,18.3733,18.4633,18.5533,18.6431,18.7327,18.8223,18.9117,19.0009,19.09,19.179,19.2679,19.3566,19.4451,19.5336,19.6218,19.71,19.7979
34.4289,31.9724,29.5548,27.1809,24.8699,22.6659,20.6455,18.8984,17.4822,16.3926,15.5781,14.9739,14.5243,14.1882,13.9363,13.7478,13.6083,13.5069,13.4358,13.3892,13.3626,13.3524,13.3559,13.3709,13.3957,13.4287,13.4689,13.5153,13.567,13.6233,13.6837,13.7477,13.8148,13.8846,13.9569,14.0314,14.1078,14.186,14.2656,14.3467,14.429,14.5123,14.5966,14.6819,14.7679,14.8546,14.9419,15.0298,15.1182,15.207,15.2962,15.3858,15.4757,15.5658,15.6562,15.7468,15.8376,15.9286,16.0196,16.1108,16.202,16.2934,16.3847,16.4762,16.5676,16.659,16.7505,16.8419,16.9333,17.0246,17.116,17.2072,17.2984,17.3896,17.4806,17.5716,17.6625,17.7533,17.844,17.9346,18.0251,18.1155,18.2058,18.2959,18.386,18.4759,18.5657,18.6554,18.745,18.8344,18.9237,19.0128,19.1018,19.1907,19.2795,19.3681,19.4565,19.5449,19.633,19.7211,19.809
34.5613,32.1173,29.7145,27.3577,25.0649,22.8773,20.8659,19.1157,17.6841,16.5725,15.7352,15.1106,14.644,14.294,14.0307,13.8329,13.6855,13.5776,13.501,13.4497,13.419,13.4052,13.4056,13.4178,13.4401,13.471,13.5092,13.5538,13.6039,13.6587,13.7178,13.7805,13.8464,13.9152,13.9866,14.0601,14.1357,14.213,14.292,14.3723,14.4539,14.5367,14.6204,14.7051,14.7906,14.8768,14.9636,15.0511,15.139,15.2275,15.3163,15.4055,15.495,15.5849,15.6749,15.7652,15.8557,15.9463,16.0371,16.128,16.219,16.3101,16.4012,16.4924,16.5836,16.6749,16.7661,16.8573,16.9485,17.0397,17.1308,17.2219,17.3129,17.4039,17.4948,17.5856,17.6763,17.767,17.8575,17.948,18.0384,18.1286,18.2188,18.3088,18.3987,18.4885,18.5782,18.6678,18.7572,18.8465,18.9357,19.0247,19.1136,19.2024,19.2911,19.3796,19.4679,19.5562,19.6443,19.7322,19.82
34.6925,32.2606,29.8721,27.5317,25.2564,23.0846,21.0824,19.33,17.8848,16.7525,15.893,15.2484,14.7649,14.4009,14.1261,13.9188,13.7636,13.6491,13.5669,13.5108,13.4759,13.4585,13.4557,13.4651,13.485,13.5136,13.5498,13.5926,13.641,13.6944,13.7521,13.8135,13.8783,13.946,14.0164,14.089,14.1637,14.2403,14.3184,14.3981,14.479,14.5611,14.6443,14.7284,14.8134,14.8991,14.9855,15.0724,15.16,15.248,15.3364,15.4253,15.5145,15.6039,15.6937,15.7837,15.8738,15.9642,16.0547,16.1453,16.2361,16.3269,16.4178,16.5088,16.5997,16.6907,16.7818,16.8728,16.9638,17.0548,17.1457,17.2366,17.3275,17.4182,17.509,17.5996,17.6902,17.7807,17.8711,17.9614,18.0517,18.1418,18.2318,18.3217,18.4115,18.5012,18.5907,18.6802,18.7695,18.8587,18.9477,19.0367,19.1255,19.2142,19.3027,19.3911,19.4794,19.5675,19.6555,19.7434,19.8311
34.8225,32.4023,30.0275,27.7029,25.4444,23.2879,21.295,19.5415,18.0841,16.9324,16.0516,15.3872,14.8868,14.5088,14.2225,14.0057,13.8425,13.7212,13.6334,13.5724,13.5333,13.5123,13.5062,13.5129,13.5302,13.5565,13.5907,13.6317,13.6784,13.7303,13.7866,13.8468,13.9104,13.977,14.0464,14.1181,14.1919,14.2676,14.3451,14.424,14.5043,14.5858,14.6683,14.7519,14.8363,14.9215,15.0074,15.0939,15.181,15.2686,15.3567,15.4451,15.534,15.6231,15.7125,15.8022,15.8921,15.9821,16.0723,16.1627,16.2532,16.3438,16.4344,16.5251,16.6159,16.7067,16.7975,16.8883,16.9791,17.0699,17.1606,17.2514,17.342,17.4327,17.5232,17.6137,17.7041,17.7945,17.8847,17.9749,18.065,18.155,18.2448,18.3346,18.4243,18.5138,18.6033,18.6926,18.7818,18.8709,18.9598,19.0487,19.1374,19.2259,19.3144,19.4027,19.4908,19.5789,19.6668,19.7545,19.8422
34.9513,32.5424,30.181,27.8714,25.6291,23.4874,21.5038,19.7501,18.2819,17.112,16.2107,15.527,15.0098,14.6178,14.3198,14.0934,13.9221,13.7941,13.7005,13.6346,13.5912,13.5665,13.5572,13.561,13.5757,13.5998,13.632,13.671,13.7161,13.7664,13.8213,13.8802,13.9426,14.0082,14.0765,14.1473,14.2203,14.2952,14.3718,14.45,14.5296,14.6105,14.6924,14.7754,14.8593,14.944,15.0294,15.1155,15.2022,15.2894,15.377,15.4651,15.5535,15.6423,15.7314,15.8208,15.9103,16.0001,16.09,16.1801,16.2703,16.3607,16.4511,16.5416,16.6321,16.7227,16.8132,16.9038,16.9944,17.085,17.1756,17.2661,17.3566,17.4471,17.5375,17.6278,17.7181,17.8083,17.8984,17.9884,18.0783,18.1682,18.2579,18.3476,18.4371,18.5265,18.6159,18.7051,18.7941,18.8831,18.9719,19.0607,19.1492,19.2377,19.326,19.4143,19.5023,19.5903,19.6781,19.7657,19.8533
35.0789,32.6811,30.3325,28.0375,25.8107,23.6833,21.7091,19.9558,18.478,17.2912,16.3702,15.6676,15.1338,14.7277,14.4181,14.1819,14.0025,13.8677,13.7683,13.6974,13.6497,13.6212,13.6086,13.6095,13.6216,13.6434,13.6735,13.7107,13.7541,13.8028,13.8563,13.9139,13.9751,14.0396,14.1069,14.1767,14.2488,14.3228,14.3987,14.4762,14.5551,14.6353,14.7167,14.7991,14.8824,14.9666,15.0516,15.1372,15.2234,15.3102,15.3974,15.4851,15.5732,15.6616,15.7504,15.8394,15.9287,16.0181,16.1078,16.1976,16.2876,16.3776,16.4678,16.558,16.6483,16.7387,16.8291,16.9195,17.0099,17.1002,17.1906,17.281,17.3713,17.4616,17.5518,17.642,17.7321,17.8221,17.9121,18.002,18.0917,18.1814,18.2711,18.3606,18.45,18.5393,18.6285,18.7175,18.8065,18.8953,18.9841,19.0727,19.1612,19.2495,19.3378,19.4259,19.5138,19.6017,19.6894,19.777,19.8644
35.2055,32.8183,30.4821,28.2012,25.9893,23.8758,21.9109,20.1587,18.6724,17.4699,16.5301,15.809,15.2587,14.8387,14.5173,14.2713,14.0837,13.942,13.8366,13.7607,13.7087,13.6764,13.6605,13.6583,13.6679,13.6873,13.7153,13.7506,13.7923,13.8395,13.8915,13.9478,14.0078,14.0711,14.1374,14.2062,14.2774,14.3507,14.4258,14.5025,14.5807,14.6603,14.7411,14.8229,14.9057,14.9893,15.0738,15.1589,15.2447,15.3311,15.4179,15.5052,15.5929,15.681,15.7694,15.8581,15.9471,16.0363,16.1256,16.2152,16.3048,16.3947,16.4846,16.5746,16.6646,16.7548,16.8449,16.9351,17.0253,17.1155,17.2057,17.2959,17.386,17.4761,17.5662,17.6562,17.7461,17.836,17.9258,18.0155,18.1052,18.1947,18.2842,18.3736,18.4628,18.552,18.6411,18.73,18.8189,18.9076,18.9962,19.0847,19.1731,19.2614,19.3495,19.4375,19.5254,19.6131,19.7007,19.7882,19.8755
35.331,32.9541,30.63,28.3626,26.165,24.065,22.1093,20.3587,18.865,17.6479,16.6901,15.951,15.3845,14.9505,14.6173,14.3615,14.1657,14.0169,13.9056,13.8246,13.7681,13.732,13.7127,13.7076,13.7145,13.7316,13.7574,13.7908,13.8307,13.8763,13.9269,13.9819,14.0407,14.1029,14.1681,14.236,14.3062,14.3786,14.4529,14.529,14.6065,14.6854,14.7655,14.8468,14.929,15.0122,15.0961,15.1808,15.2661,15.352,15.4385,15.5254,15.6128,15.7005,15.7885,15.8769,15.9656,16.0544,16.1435,16.2328,16.3222,16.4117,16.5014,16.5912,16.681,16.7709,16.8608,16.9508,17.0408,17.1308,17.2208,17.3108,17.4007,17.4907,17.5805,17.6704,17.7602,17.8499,17.9395,18.0291,18.1186,18.208,18.2974,18.3866,18.4758,18.5648,18.6537,18.7426,18.8313,18.9199,19.0084,19.0968,19.1851,19.2732,19.3612,19.4491,19.5369,19.6246,19.7121,19.7995,19.8867
35.4554,33.0886,30.7761,28.5217,26.3381,24.251,22.3045,20.556,19.0558,17.8252,16.8503,16.0936,15.5111,15.0631,14.7182,14.4525,14.2483,14.0925,13.9753,13.889,13.8281,13.7881,13.7654,13.7573,13.7615,13.7762,13.7998,13.8313,13.8694,13.9134,13.9626,14.0162,14.0737,14.1348,14.1989,14.2659,14.3352,14.4068,14.4803,14.5555,14.6324,14.7106,14.7901,14.8708,14.9525,15.0351,15.1185,15.2027,15.2876,15.3731,15.4591,15.5457,15.6326,15.72,15.8077,15.8958,15.9841,16.0727,16.1615,16.2504,16.3396,16.4289,16.5183,16.6078,16.6974,16.7871,16.8768,16.9665,17.0563,17.1461,17.2359,17.3257,17.4155,17.5053,17.595,17.6846,17.7743,17.8638,17.9533,18.0428,18.1321,18.2214,18.3106,18.3997,18.4887,18.5776,18.6664,18.7551,18.8438,18.9323,19.0206,19.1089,19.1971,19.2851,19.373,19.4608,19.5485,19.636,19.7234,19.8107,19.8979
35.5788,33.2218,30.9205,28.6788,26.5084,24.4339,22.4965,20.7505,19.2448,18.0016,17.0104,16.2366,15.6384,15.1766,14.8199,14.5443,14.3317,14.1688,14.0455,13.954,13.8886,13.8446,13.8185,13.8073,13.8088,13.8211,13.8426,13.872,13.9084,13.9508,13.9984,14.0507,14.107,14.1669,14.23,14.2959,14.3643,14.435,14.5077,14.5822,14.6584,14.7359,14.8148,14.8949,14.976,15.0581,15.1411,15.2248,15.3092,15.3943,15.4799,15.566,15.6526,15.7396,15.827,15.9147,16.0027,16.091,16.1795,16.2682,16.357,16.4461,16.5352,16.6245,16.7138,16.8033,16.8928,16.9823,17.0719,17.1615,17.2511,17.3407,17.4303,17.5199,17.6094,17.6989,17.7884,17.8778,17.9672,18.0564,18.1456,18.2348,18.3238,18.4128,18.5017,18.5905,18.6792,18.7677,18.8562,18.9446,19.0329,19.121,19.2091,19.297,19.3848,19.4725,19.5601,19.6475,19.7348,19.822,19.9091
35.7013,33.3537,31.0633,28.8337,26.6763,24.614,22.6855,20.9423,19.4318,18.1771,17.1703,16.3801,15.7663,15.2909,14.9224,14.6368,14.4158,14.2457,14.1163,14.0195,13.9496,13.9016,13.872,13.8577,13.8565,13.8663,13.8856,13.9131,13.9477,13.9884,14.0345,14.0854,14.1405,14.1992,14.2612,14.3261,14.3936,14.4635,14.5353,14.6091,14.6845,14.7614,14.8397,14.9191,14.9997,15.0812,15.1637,15.2469,15.3309,15.4155,15.5007,15.5864,15.6726,15.7593,15.8463,15.9337,16.0214,16.1093,16.1975,16.2859,16.3745,16.4633,16.5522,16.6412,16.7304,16.8196,16.9088,16.9982,17.0875,17.1769,17.2664,17.3558,17.4452,17.5346,17.6239,17.7133,17.8026,17.8918,17.981,18.0701,18.1592,18.2482,18.3371,18.4259,18.5147,18.6033,18.6919,18.7804,18.8687,18.957,19.0451,19.1332,19.2211,19.3089,19.3966,19.4842,19.5717,19.659,19.7463,19.8334,19.9203
35.8227,33.4843,31.2046,28.9868,26.8417,24.7912,22.8716,21.1316,19.6169,18.3515,17.33,16.5239,15.8949,15.4058,15.0257,14.7301,14.5006,14.3233,14.1877,14.0856,14.011,13.959,13.9259,13.9085,13.9045,13.9118,13.9289,13.9544,13.9871,14.0262,14.0709,14.1204,14.1741,14.2317,14.2926,14.3565,14.4231,14.492,14.5631,14.6361,14.7108,14.787,14.8646,14.9435,15.0234,15.1045,15.1864,15.2691,15.3526,15.4368,15.5216,15.6069,15.6928,15.779,15.8657,15.9528,16.0401,16.1278,16.2157,16.3038,16.3921,16.4806,16.5692,16.658,16.7469,16.8359,16.9249,17.0141,17.1032,17.1924,17.2816,17.3709,17.4601,17.5493,17.6385,17.7276,17.8168,17.9059,17.9949,18.0839,18.1728,18.2616,18.3504,18.4391,18.5277,18.6162,18.7047,18.793,18.8812,18.9694,19.0574,19.1454,19.2332,19.3209,19.4085,19.496,19.5833,19.6706,19.7577,19.8447,19.9316
35.9432,33.6138,31.3443,29.1379,27.0049,24.9658,23.0549,21.3182,19.8,18.5249,17.4894,16.6679,16.024,15.5215,15.1297,14.8241,14.5861,14.4015,14.2596,14.1522,14.073,14.0169,13.9802,13.9597,13.9528,13.9577,13.9725,13.996,14.0269,14.0643,14.1074,14.1555,14.208,14.2644,14.3242,14.3871,14.4527,14.5207,14.591,14.6632,14.7371,14.8127,14.8897,14.9679,15.0473,15.1278,15.2092,15.2914,15.3745,15.4582,15.5426,15.6275,15.713,15.7989,15.8852,15.9719,16.0589,16.1462,16.2338,16.3217,16.4097,16.4979,16.5863,16.6749,16.7635,16.8523,16.9411,17.03,17.1189,17.2079,17.2969,17.386,17.475,17.564,17.6531,17.7421,17.831,17.9199,18.0088,18.0976,18.1864,18.2751,18.3637,18.4523,18.5408,18.6292,18.7175,18.8057,18.8938,18.9818,19.0697,19.1576,19.2453,19.3329,19.4204,19.5077,19.595,19.6821,19.7692,19.8561,19.9429
36.0628,33.7421,31.4825,29.2871,27.1658,25.1378,23.2355,21.5024,19.9813,18.6971,17.6485,16.812,16.1535,15.6378,15.2344,14.9188,14.6722,14.4803,14.3321,14.2193,14.1354,14.0752,14.0349,14.0112,14.0015,14.0039,14.0164,14.0378,14.0669,14.1026,14.1442,14.1909,14.242,14.2972,14.3559,14.4178,14.4824,14.5496,14.619,14.6904,14.7636,14.8385,14.9148,14.9925,15.0713,15.1512,15.2321,15.3139,15.3964,15.4797,15.5636,15.6482,15.7332,15.8188,15.9047,15.9911,16.0778,16.1648,16.2521,16.3396,16.4274,16.5154,16.6035,16.6918,16.7802,16.8687,16.9573,17.046,17.1347,17.2235,17.3123,17.4011,17.49,17.5788,17.6677,17.7565,17.8453,17.9341,18.0228,18.1114,18.2001,18.2886,18.3771,18.4655,18.5539,18.6421,18.7303,18.8184,18.9064,18.9943,19.0821,19.1698,19.2574,19.3449,19.4323,19.5195,19.6067,19.6937,19.7807,19.8675,19.9542
36.1815,33.8693,31.6194,29.4347,27.3245,25.3073,23.4134,21.684,20.1606,18.8681,17.807,16.9563,16.2835,15.7547,15.3397,15.0141,14.759,14.5597,14.4052,14.287,14.1983,14.134,14.09,14.0631,14.0506,14.0503,14.0606,14.08,14.1071,14.1412,14.1812,14.2264,14.2763,14.3303,14.3878,14.4487,14.5123,14.5786,14.6472,14.7178,14.7903,14.8644,14.9401,15.0171,15.0954,15.1747,15.2551,15.3364,15.4184,15.5013,15.5848,15.6689,15.7536,15.8387,15.9243,16.0103,16.0967,16.1834,16.2704,16.3577,16.4451,16.5328,16.6207,16.7087,16.7969,16.8851,16.9735,17.062,17.1505,17.2391,17.3277,17.4163,17.505,17.5937,17.6823,17.771,17.8596,17.9482,18.0368,18.1253,18.2137,18.3022,18.3905,18.4788,18.567,18.6551,18.7431,18.8311,18.919,19.0068,19.0944,19.182,19.2695,19.3569,19.4442,19.5313,19.6184,19.7053,19.7922,19.8789,19.9655
36.2993,33.9954,31.7548,29.5805,27.4812,25.4744,23.5887,21.8633,20.338,19.0378,17.965,17.1005,16.4138,15.8721,15.4456,15.1101,14.8464,14.6397,14.4789,14.3551,14.2616,14.1932,14.1455,14.1154,14.1,14.0972,14.1051,14.1224,14.1477,14.18,14.2184,14.2622,14.3107,14.3635,14.4199,14.4797,14.5424,14.6078,14.6755,14.7453,14.817,14.8905,14.9655,15.0419,15.1196,15.1984,15.2782,15.359,15.4406,15.5229,15.606,15.6897,15.774,15.8588,15.944,16.0297,16.1157,16.2021,16.2888,16.3757,16.4629,16.5503,16.6379,16.7257,16.8136,16.9017,16.9898,17.078,17.1664,17.2547,17.3431,17.4316,17.5201,17.6085,17.697,17.7855,17.874,17.9624,18.0508,18.1391,18.2275,18.3157,18.4039,18.4921,18.5801,18.6681,18.756,18.8439,18.9316,19.0193,19.1068,19.1943,19.2817,19.3689,19.4561,19.5432,19.6301,19.717,19.8037,19.8903,19.9768
36.4163,34.1204,31.889,29.7246,27.6359,25.6392,23.7617,22.0403,20.5134,19.2063,18.1223,17.2446,16.5445,15.99,15.5522,15.2067,14.9343,14.7203,14.5531,14.4238,14.3255,14.2528,14.2015,14.168,14.1497,14.1443,14.1499,14.165,14.1884,14.219,14.2558,14.2982,14.3454,14.3969,14.4522,14.5109,14.5726,14.6371,14.7039,14.7729,14.8439,14.9167,14.991,15.0668,15.1438,15.2221,15.3014,15.3816,15.4628,15.5447,15.6273,15.7106,15.7945,15.8789,15.9638,16.0491,16.1348,16.2208,16.3072,16.3939,16.4808,16.5679,16.6552,16.7428,16.8304,16.9182,17.0061,17.0942,17.1822,17.2704,17.3586,17.4469,17.5352,17.6235,17.7118,17.8001,17.8883,17.9766,18.0648,18.153,18.2412,18.3293,18.4174,18.5054,18.5933,18.6812,18.7689,18.8566,18.9443,19.0318,19.1193,19.2066,19.2939,19.381,19.4681,19.555,19.6419,19.7286,19.8152,19.9017,19.9882
36.5324,34.2444,32.0218,29.8672,27.7886,25.8018,23.9322,22.215,20.687,19.3735,18.279,17.3886,16.6753,16.1084,15.6592,15.3038,15.0229,14.8014,14.6278,14.4929,14.3898,14.3128,14.2577,14.221,14.1997,14.1917,14.195,14.208,14.2294,14.2582,14.2935,14.3343,14.3802,14.4305,14.4846,14.5423,14.603,14.6665,14.7325,14.8007,14.8709,14.943,15.0166,15.0918,15.1682,15.2459,15.3247,15.4044,15.4851,15.5665,15.6487,15.7316,15.815,15.8991,15.9836,16.0685,16.1539,16.2396,16.3257,16.4121,16.4987,16.5855,16.6726,16.7599,16.8473,16.9348,17.0225,17.1103,17.1982,17.2861,17.3741,17.4622,17.5503,17.6384,17.7265,17.8146,17.9028,17.9909,18.0789,18.167,18.255,18.3429,18.4309,18.5187,18.6065,18.6942,18.7819,18.8695,18.957,19.0444,19.1317,19.2189,19.3061,19.3931,19.4801,19.5669,19.6536,19.7403,19.8268,19.9132,19.9995
36.6478,34.3673,32.1533,30.0082,27.9395,25.9622,24.1004,22.3875,20.8588,19.5394,18.435,17.5325,16.8063,16.2271,15.7668,15.4015,15.112,14.8831,14.703,14.5625,14.4545,14.3733,14.3144,14.2743,14.2501,14.2394,14.2403,14.2512,14.2707,14.2977,14.3313,14.3707,14.4152,14.4642,14.5172,14.5738,14.6335,14.6961,14.7612,14.8286,14.8981,14.9694,15.0424,15.1169,15.1927,15.2698,15.348,15.4273,15.5074,15.5884,15.6702,15.7526,15.8357,15.9193,16.0035,16.0881,16.1731,16.2585,16.3442,16.4303,16.5166,16.6032,16.69,16.777,16.8642,16.9515,17.0389,17.1265,17.2142,17.3019,17.3897,17.4776,17.5655,17.6534,17.7413,17.8293,17.9172,18.0051,18.0931,18.1809,18.2688,18.3566,18.4444,18.5321,18.6197,18.7073,18.7948,18.8823,18.9697,19.057,19.1442,19.2313,19.3183,19.4052,19.4921,19.5788,19.6654,19.752,19.8384,19.9247,20.0109
36.7623,34.4893,32.2837,30.1477,28.0886,26.1206,24.2664,22.5578,21.0287,19.704,18.5903,17.676,16.9375,16.3462,15.8749,15.4998,15.2017,14.9653,14.7787,14.6326,14.5197,14.4342,14.3715,14.328,14.3008,14.2875,14.2859,14.2946,14.3122,14.3374,14.3694,14.4073,14.4504,14.4982,14.55,14.6055,14.6642,14.7258,14.7901,14.8566,14.9253,14.9959,15.0682,15.1421,15.2173,15.2938,15.3715,15.4502,15.5299,15.6104,15.6917,15.7737,15.8564,15.9396,16.0234,16.1077,16.1923,16.2774,16.3629,16.4486,16.5347,16.621,16.7075,16.7942,16.8811,16.9682,17.0554,17.1428,17.2302,17.3177,17.4053,17.493,17.5807,17.6684,17.7562,17.8439,17.9317,18.0195,18.1072,18.1949,18.2826,18.3703,18.4579,18.5455,18.633,18.7205,18.8078,18.8952,18.9824,19.0696,19.1566,19.2436,19.3306,19.4174,19.5041,19.5907,19.6773,19.7637,19.85,19.9362,20.0223
36.876,34.6103,32.4128,30.2857,28.2359,26.2769,24.4303,22.726,21.1968,19.8672,18.7447,17.8193,17.0687,16.4656,15.9834,15.5986,15.2919,15.048,14.8549,14.7032,14.5853,14.4954,14.4289,14.3821,14.3519,14.3358,14.3318,14.3383,14.3539,14.3773,14.4077,14.4441,14.4858,14.5323,14.5829,14.6373,14.695,14.7557,14.819,14.8848,14.9527,15.0226,15.0942,15.1674,15.242,15.3179,15.3951,15.4733,15.5524,15.6325,15.7133,15.7949,15.8772,15.96,16.0434,16.1273,16.2117,16.2964,16.3815,16.467,16.5527,16.6387,16.725,16.8115,16.8981,16.985,17.0719,17.159,17.2463,17.3336,17.421,17.5084,17.5959,17.6835,17.771,17.8586,17.9462,18.0338,18.1214,18.209,18.2965,18.384,18.4715,18.5589,18.6463,18.7336,18.8209,18.908,18.9952,19.0822,19.1692,19.256,19.3428,19.4295,19.5162,19.6027,19.6891,19.7754,19.8616,19.9478,20.0338
36.989,34.7304,32.5408,30.4224,28.3816,26.4313,24.592,22.8921,21.3631,20.029,18.8983,17.9622,17.1999,16.5853,16.0923,15.6978,15.3826,15.1313,14.9317,14.7742,14.6513,14.5571,14.4868,14.4365,14.4032,14.3844,14.378,14.3823,14.3959,14.4175,14.4462,14.4811,14.5214,14.5666,14.616,14.6693,14.726,14.7857,14.8482,14.9131,14.9802,15.0493,15.1202,15.1928,15.2668,15.3422,15.4187,15.4964,15.5751,15.6546,15.735,15.8162,15.898,15.9805,16.0635,16.147,16.231,16.3155,16.4003,16.4854,16.5709,16.6566,16.7426,16.8288,16.9152,17.0018,17.0885,17.1754,17.2624,17.3495,17.4366,17.5239,17.6112,17.6986,17.786,17.8734,17.9608,18.0482,18.1356,18.223,18.3104,18.3978,18.4851,18.5724,18.6596,18.7468,18.8339,18.921,19.0079,19.0949,19.1817,19.2685,19.3551,19.4417,19.5282,19.6146,19.701,19.7872,19.8733,19.9593,20.0452
37.1012,34.8495,32.6677,30.5576,28.5257,26.5839,24.7518,23.0563,21.5276,20.1895,19.051,18.1047,17.3311,16.7052,16.2016,15.7975,15.4738,15.215,15.0088,14.8457,14.7178,14.6192,14.5449,14.4912,14.4549,14.4334,14.4245,14.4266,14.4381,14.4579,14.4849,14.5183,14.5572,14.6011,14.6493,14.7015,14.7571,14.8159,14.8774,14.9415,15.0078,15.0762,15.1464,15.2183,15.2917,15.3665,15.4425,15.5196,15.5978,15.6769,15.7568,15.8375,15.919,16.001,16.0837,16.1668,16.2505,16.3346,16.419,16.5039,16.589,16.6745,16.7602,16.8461,16.9323,17.0186,17.1051,17.1918,17.2785,17.3654,17.4524,17.5394,17.6265,17.7137,17.8009,17.8881,17.9754,18.0626,18.1499,18.2371,18.3244,18.4116,18.4987,18.5859,18.673,18.76,18.847,18.9339,19.0208,19.1076,19.1943,19.2809,19.3675,19.4539,19.5403,19.6266,19.7128,19.799,19.885,19.9709,20.0567
37.2127,34.9678,32.7935,30.6916,28.6681,26.7346,24.9095,23.2185,21.6904,20.3487,19.2029,18.2468,17.4622,16.8253,16.3112,15.8976,15.5654,15.2992,15.0865,14.9176,14.7847,14.6816,14.6035,14.5463,14.5069,14.4826,14.4712,14.4711,14.4806,14.4985,14.5238,14.5556,14.5931,14.6357,14.6827,14.7338,14.7884,14.8462,14.9068,14.97,15.0356,15.1032,15.1727,15.2439,15.3167,15.3909,15.4663,15.5429,15.6206,15.6992,15.7787,15.859,15.94,16.0216,16.1039,16.1867,16.27,16.3537,16.4379,16.5224,16.6073,16.6924,16.7779,16.8635,16.9494,17.0355,17.1218,17.2082,17.2947,17.3814,17.4681,17.555,17.6419,17.7289,17.8159,17.9029,17.99,18.0771,18.1642,18.2513,18.3383,18.4254,18.5124,18.5994,18.6863,18.7732,18.8601,18.9469,19.0336,19.1203,19.2069,19.2934,19.3798,19.4662,19.5525,19.6386,19.7247,19.8108,19.8967,19.9825,20.0682
37.3235,35.0851,32.9182,30.8243,28.8091,26.8836,25.0654,23.3788,21.8515,20.5065,19.3539,18.3884,17.5932,16.9455,16.4212,15.9981,15.6575,15.3838,15.1646,14.9899,14.852,14.7445,14.6624,14.6017,14.5592,14.5321,14.5183,14.5158,14.5233,14.5394,14.563,14.5932,14.6293,14.6705,14.7164,14.7663,14.8198,14.8766,14.9363,14.9987,15.0634,15.1303,15.1991,15.2697,15.3418,15.4154,15.4903,15.5663,15.6435,15.7216,15.8006,15.8805,15.9611,16.0423,16.1242,16.2066,16.2896,16.373,16.4568,16.541,16.6256,16.7104,16.7956,16.881,16.9666,17.0525,17.1385,17.2247,17.311,17.3974,17.484,17.5706,17.6573,17.7441,17.8309,17.9178,18.0047,18.0916,18.1785,18.2654,18.3523,18.4392,18.5261,18.6129,18.6997,18.7865,18.8732,18.9599,19.0465,19.133,19.2195,19.3059,19.3922,19.4784,19.5646,19.6507,19.7367,19.8226,19.9084,19.9941,20.0797
37.4336,35.2017,33.0419,30.9557,28.9485,27.0309,25.2195,23.5373,22.011,20.663,19.5039,18.5294,17.724,17.0658,16.5314,16.099,15.75,15.4689,15.2431,15.0627,14.9197,14.8077,14.7217,14.6575,14.6118,14.5819,14.5655,14.5608,14.5662,14.5804,14.6023,14.631,14.6656,14.7055,14.7501,14.7989,14.8514,14.9072,14.966,15.0275,15.0914,15.1575,15.2256,15.2955,15.367,15.44,15.5143,15.5898,15.6665,15.7441,15.8227,15.902,15.9822,16.0631,16.1445,16.2266,16.3092,16.3923,16.4758,16.5597,16.6439,16.7285,16.8134,16.8985,16.9839,17.0695,17.1552,17.2412,17.3273,17.4135,17.4998,17.5862,17.6727,17.7593,17.846,17.9326,18.0194,18.1061,18.1929,18.2796,18.3664,18.4531,18.5398,18.6265,18.7132,18.7998,18.8864,18.9729,19.0594,19.1458,19.2321,19.3184,19.4046,19.4907,19.5768,19.6627,19.7486,19.8344,19.9201,20.0057,20.0912
37.543,35.3174,33.1645,31.0859,29.0866,27.1766,25.3717,23.6939,22.1688,20.8182,19.653,18.67,17.8547,17.1862,16.6418,16.2003,15.8429,15.5544,15.322,15.1358,14.9877,14.8713,14.7813,14.7136,14.6647,14.632,14.6131,14.6061,14.6094,14.6217,14.6419,14.669,14.7021,14.7407,14.7841,14.8317,14.8831,14.9379,14.9958,15.0564,15.1195,15.1849,15.2522,15.3214,15.3923,15.4647,15.5384,15.6134,15.6895,15.7667,15.8448,15.9237,16.0034,16.0839,16.165,16.2467,16.3289,16.4116,16.4948,16.5784,16.6623,16.7466,16.8312,16.9161,17.0012,17.0865,17.172,17.2577,17.3436,17.4296,17.5157,17.6019,17.6882,17.7746,17.8611,17.9476,18.0341,18.1207,18.2072,18.2938,18.3804,18.467,18.5536,18.6401,18.7266,18.8131,18.8995,18.9859,19.0723,19.1586,19.2448,19.3309,19.417,19.503,19.589,19.6748,19.7606,19.8463,19.9319,20.0174,20.1028
37.6517,35.4322,33.2862,31.2149,29.2232,27.3207,25.5222,23.8488,22.3249,20.972,19.8011,18.8099,17.9851,17.3066,16.7525,16.3018,15.9362,15.6403,15.4014,15.2094,15.0562,14.9352,14.8412,14.77,14.718,14.6824,14.6609,14.6516,14.6528,14.6632,14.6816,14.7071,14.7388,14.776,14.8181,14.8646,14.9149,14.9688,15.0257,15.0855,15.1478,15.2123,15.279,15.3475,15.4177,15.4895,15.5626,15.6371,15.7127,15.7893,15.8669,15.9454,16.0247,16.1048,16.1855,16.2668,16.3487,16.431,16.5139,16.5971,16.6808,16.7648,16.8491,16.9337,17.0185,17.1036,17.1889,17.2743,17.3599,17.4457,17.5316,17.6176,17.7037,17.7899,17.8762,17.9625,18.0489,18.1352,18.2217,18.3081,18.3945,18.4809,18.5674,18.6537,18.7401,18.8265,18.9128,18.999,19.0852,19.1714,19.2575,19.3435,19.4295,19.5154,19.6012,19.6869,19.7726,19.8582,19.9436,20.0291,20.1144
37.7598,35.5463,33.4069,31.3428,29.3585,27.4632,25.671,24.002,22.4795,21.1245,19.9483,18.9493,18.1152,17.427,16.8633,16.4037,16.0299,15.7266,15.4811,15.2834,15.1251,14.9996,14.9015,14.8267,14.7715,14.7331,14.709,14.6974,14.6965,14.7049,14.7216,14.7455,14.7757,14.8116,14.8524,14.8977,14.9469,14.9998,15.0558,15.1146,15.1761,15.2399,15.3058,15.3736,15.4432,15.5143,15.5869,15.6608,15.7359,15.812,15.8892,15.9672,16.0461,16.1257,16.206,16.287,16.3685,16.4505,16.533,16.616,16.6993,16.783,16.867,16.9513,17.0359,17.1207,17.2057,17.291,17.3764,17.4619,17.5476,17.6334,17.7193,17.8053,17.8914,17.9775,18.0637,18.1499,18.2361,18.3224,18.4086,18.4949,18.5812,18.6674,18.7536,18.8398,18.926,19.0121,19.0982,19.1842,19.2702,19.3561,19.4419,19.5277,19.6134,19.699,19.7846,19.8701,19.9554,20.0407,20.126
37.8673,35.6596,33.5267,31.4695,29.4924,27.6042,25.8182,24.1536,22.6326,21.2757,20.0944,19.0881,18.2451,17.5473,16.9743,16.5058,16.1238,15.8132,15.5613,15.3577,15.1943,15.0642,14.9622,14.8837,14.8253,14.784,14.7573,14.7434,14.7403,14.7469,14.7618,14.784,14.8128,14.8472,14.8868,14.9309,14.9791,15.0309,15.086,15.1439,15.2046,15.2676,15.3328,15.3999,15.4688,15.5393,15.6113,15.6846,15.7592,15.8348,15.9115,15.9891,16.0675,16.1467,16.2267,16.3072,16.3884,16.47,16.5522,16.6348,16.7179,16.8012,16.885,16.969,17.0533,17.1379,17.2227,17.3077,17.3928,17.4781,17.5636,17.6492,17.7349,17.8207,17.9066,17.9925,18.0785,18.1645,18.2506,18.3367,18.4228,18.5089,18.595,18.6811,18.7672,18.8532,18.9393,19.0252,19.1112,19.1971,19.2829,19.3687,19.4544,19.5401,19.6257,19.7112,19.7966,19.882,19.9673,20.0525,20.1376
37.9741,35.7721,33.6456,31.5952,29.6251,27.7437,25.9638,24.3035,22.7841,21.4256,20.2397,19.2262,18.3746,17.6676,17.0853,16.6081,16.2181,15.9002,15.6418,15.4324,15.2638,15.1292,15.0231,14.9411,14.8794,14.8352,14.806,14.7896,14.7844,14.789,14.8021,14.8228,14.85,14.8831,14.9214,14.9643,15.0114,15.0622,15.1163,15.1734,15.2331,15.2954,15.3598,15.4263,15.4945,15.5644,15.6358,15.7086,15.7826,15.8577,15.9339,16.011,16.089,16.1678,16.2474,16.3275,16.4083,16.4896,16.5715,16.6538,16.7365,16.8196,16.903,16.9868,17.0708,17.1551,17.2396,17.3244,17.4093,17.4944,17.5797,17.665,17.7505,17.8361,17.9218,18.0076,18.0934,18.1792,18.2651,18.351,18.437,18.5229,18.6089,18.6948,18.7808,18.8667,18.9525,19.0384,19.1242,19.21,19.2957,19.3813,19.4669,19.5525,19.6379,19.7234,19.8087,19.8939,19.9791,20.0642,20.1492
38.0803,35.8839,33.7635,31.7197,29.7566,27.8819,26.1079,24.4518,22.9342,21.5743,20.3839,19.3636,18.5037,17.7878,17.1965,16.7107,16.3127,15.9876,15.7226,15.5075,15.3338,15.1946,15.0844,14.9987,14.9338,14.8867,14.8548,14.8361,14.8288,14.8314,14.8427,14.8617,14.8874,14.9191,14.9561,14.9979,15.0438,15.0936,15.1467,15.2029,15.2618,15.3233,15.387,15.4527,15.5203,15.5896,15.6604,15.7326,15.8061,15.8807,15.9564,16.0331,16.1106,16.189,16.2681,16.3479,16.4283,16.5093,16.5908,16.6727,16.7551,16.8379,16.9211,17.0046,17.0883,17.1724,17.2567,17.3412,17.4259,17.5107,17.5957,17.6809,17.7662,17.8516,17.9371,18.0226,18.1083,18.1939,18.2797,18.3654,18.4512,18.537,18.6228,18.7086,18.7944,18.8801,18.9659,19.0516,19.1372,19.2229,19.3085,19.394,19.4795,19.5649,19.6503,19.7355,19.8208,19.9059,19.991,20.076,20.1609
38.1858,35.995,33.8806,31.8433,29.8868,28.0186,26.2504,24.5986,23.0828,21.7217,20.5272,19.5004,18.6325,17.9079,17.3077,16.8134,16.4076,16.0753,15.8038,15.5829,15.404,15.2603,15.146,15.0567,14.9885,14.9385,14.9039,14.8828,14.8733,14.874,14.8835,14.9008,14.925,14.9553,14.991,15.0316,15.0764,15.1251,15.1773,15.2326,15.2907,15.3513,15.4142,15.4793,15.5462,15.6148,15.685,15.7567,15.8296,15.9037,15.979,16.0552,16.1323,16.2102,16.2889,16.3683,16.4484,16.529,16.6102,16.6918,16.7739,16.8564,16.9392,17.0224,17.1059,17.1897,17.2737,17.358,17.4424,17.5271,17.6119,17.6968,17.7819,17.8671,17.9524,18.0378,18.1232,18.2087,18.2942,18.3798,18.4654,18.5511,18.6367,18.7223,18.808,18.8936,18.9792,19.0648,19.1503,19.2358,19.3213,19.4067,19.492,19.5773,19.6626,19.7477,19.8329,19.9179,20.0028,20.0877,20.1725
38.2908,36.1053,33.9969,31.9658,30.0159,28.154,26.3915,24.7439,23.2299,21.8678,20.6695,19.6366,18.7609,18.0278,17.419,16.9163,16.5027,16.1632,15.8854,15.6587,15.4747,15.3263,15.2079,15.1149,15.0435,14.9905,14.9533,14.9298,14.9181,14.9167,14.9244,14.9401,14.9628,14.9917,15.0261,15.0654,15.1091,15.1568,15.208,15.2624,15.3196,15.3794,15.4416,15.5059,15.5722,15.6402,15.7098,15.7809,15.8533,15.9269,16.0016,16.0773,16.154,16.2315,16.3098,16.3888,16.4685,16.5488,16.6296,16.7109,16.7927,16.8748,16.9574,17.0403,17.1235,17.2071,17.2908,17.3748,17.4591,17.5435,17.628,17.7128,17.7977,17.8826,17.9677,18.0529,18.1382,18.2235,18.3089,18.3943,18.4797,18.5652,18.6507,18.7362,18.8216,18.9071,18.9926,19.078,19.1634,19.2488,19.3341,19.4194,19.5046,19.5898,19.6749,19.76,19.845,19.9299,20.0147,20.0995,20.1842
38.3952,36.215,34.1123,32.0874,30.1438,28.2882,26.5312,24.8877,23.3757,22.0128,20.8108,19.772,18.8889,18.1475,17.5303,17.0194,16.598,16.2515,15.9672,15.7348,15.5456,15.3926,15.2702,15.1735,15.0987,15.0428,15.0029,14.9769,14.9631,14.9597,14.9656,14.9796,15.0007,15.0282,15.0613,15.0994,15.142,15.1886,15.2388,15.2923,15.3486,15.4077,15.4691,15.5327,15.5983,15.6656,15.7346,15.8051,15.877,15.9501,16.0243,16.0996,16.1758,16.2529,16.3308,16.4094,16.4887,16.5686,16.6491,16.73,16.8115,16.8934,16.9756,17.0583,17.1412,17.2245,17.308,17.3917,17.4757,17.5599,17.6443,17.7288,17.8134,17.8982,17.9831,18.0681,18.1532,18.2383,18.3235,18.4087,18.494,18.5793,18.6647,18.75,18.8353,18.9206,19.006,19.0913,19.1765,19.2618,19.347,19.4321,19.5172,19.6023,19.6873,19.7722,19.8571,19.9419,20.0267,20.1113,20.1959
38.499,36.3239,34.2268,32.208,30.2706,28.421,26.6695,25.03,23.52,22.1565,20.9511,19.9067,19.0165,18.267,17.6415,17.1226,16.6936,16.34,16.0494,15.8112,15.6168,15.4593,15.3327,15.2323,15.1543,15.0953,15.0527,15.0244,15.0083,15.0029,15.007,15.0193,15.0389,15.0649,15.0967,15.1336,15.175,15.2205,15.2698,15.3223,15.3778,15.436,15.4967,15.5596,15.6244,15.6912,15.7596,15.8295,15.9008,15.9734,16.0471,16.1219,16.1977,16.2743,16.3518,16.43,16.5089,16.5885,16.6686,16.7492,16.8304,16.9119,16.9939,17.0763,17.1589,17.2419,17.3252,17.4087,17.4924,17.5764,17.6605,17.7448,17.8293,17.9138,17.9985,18.0833,18.1682,18.2532,18.3382,18.4232,18.5084,18.5935,18.6787,18.7638,18.849,18.9342,19.0194,19.1045,19.1897,19.2748,19.3598,19.4449,19.5299,19.6148,19.6997,19.7845,19.8693,19.954,20.0386,20.1232,20.2077
38.6023,36.4322,34.3406,32.3276,30.3963,28.5526,26.8064,25.171,23.663,22.299,21.0905,20.0407,19.1435,18.3863,17.7528,17.2258,16.7893,16.4288,16.1318,15.8879,15.6884,15.5262,15.3955,15.2914,15.2101,15.1481,15.1028,15.072,15.0537,15.0463,15.0485,15.0591,15.0771,15.1017,15.1322,15.1678,15.2081,15.2526,15.3008,15.3524,15.4071,15.4645,15.5244,15.5865,15.6507,15.7168,15.7846,15.8539,15.9247,15.9967,16.07,16.1443,16.2196,16.2958,16.3729,16.4507,16.5293,16.6084,16.6882,16.7685,16.8493,16.9306,17.0122,17.0943,17.1767,17.2594,17.3424,17.4257,17.5092,17.5929,17.6768,17.7609,17.8451,17.9295,18.014,18.0986,18.1833,18.268,18.3529,18.4378,18.5227,18.6077,18.6927,18.7777,18.8628,18.9478,19.0328,19.1178,19.2028,19.2878,19.3727,19.4576,19.5425,19.6273,19.7121,19.7968,19.8815,19.966,20.0506,20.135,20.2194
38.705,36.5398,34.4536,32.4464,30.5209,28.683,26.942,25.3106,23.8047,22.4403,21.2289,20.174,19.2702,18.5054,17.8639,17.3292,16.8853,16.5178,16.2145,15.9649,15.7602,15.5935,15.4586,15.3508,15.2661,15.2012,15.1532,15.1199,15.0993,15.0899,15.0903,15.0991,15.1156,15.1388,15.1679,15.2023,15.2414,15.2848,15.3321,15.3827,15.4365,15.493,15.5522,15.6136,15.6771,15.7425,15.8097,15.8784,15.9486,16.0202,16.0929,16.1667,16.2416,16.3174,16.394,16.4715,16.5496,16.6284,16.7079,16.7878,16.8683,16.9493,17.0306,17.1124,17.1945,17.277,17.3597,17.4427,17.526,17.6094,17.6931,17.777,17.861,17.9452,18.0295,18.1139,18.1984,18.283,18.3676,18.4524,18.5371,18.6219,18.7068,18.7917,18.8765,18.9614,19.0463,19.1312,19.216,19.3009,19.3857,19.4704,19.5552,19.6399,19.7245,19.8091,19.8937,19.9781,20.0626,20.1469,20.2312
38.8072,36.6468,34.5659,32.5642,30.6445,28.8123,27.0763,25.4489,23.9451,22.5804,21.3663,20.3066,19.3963,18.6241,17.975,17.4326,16.9814,16.6071,16.2975,16.0421,15.8324,15.661,15.522,15.4105,15.3224,15.2545,15.2038,15.168,15.1452,15.1337,15.1322,15.1394,15.1542,15.1759,15.2037,15.2369,15.2748,15.3172,15.3634,15.4131,15.466,15.5217,15.5801,15.6407,15.7036,15.7683,15.8349,15.903,15.9727,16.0437,16.1159,16.1893,16.2637,16.339,16.4153,16.4923,16.5701,16.6485,16.7276,16.8072,16.8873,16.968,17.0491,17.1305,17.2124,17.2945,17.377,17.4598,17.5428,17.626,17.7095,17.7931,17.8769,17.9609,18.045,18.1292,18.2135,18.2979,18.3824,18.4669,18.5516,18.6362,18.7209,18.8056,18.8903,18.9751,19.0598,19.1445,19.2292,19.314,19.3986,19.4833,19.5679,19.6525,19.737,19.8215,19.9059,19.9902,20.0746,20.1588,20.243
38.9088,36.7532,34.6774,32.6812,30.7671,28.9404,27.2094,25.5859,24.0843,22.7195,21.5028,20.4384,19.5219,18.7427,18.086,17.5361,17.0776,16.6965,16.3807,16.1197,15.9048,15.7288,15.5857,15.4704,15.379,15.308,15.2546,15.2163,15.1913,15.1777,15.1743,15.1798,15.193,15.2133,15.2397,15.2716,15.3084,15.3496,15.3948,15.4436,15.4956,15.5505,15.6081,15.668,15.7301,15.7942,15.8602,15.9277,15.9968,16.0673,16.139,16.2119,16.2858,16.3607,16.4365,16.5132,16.5905,16.6686,16.7473,16.8266,16.9064,16.9868,17.0675,17.1487,17.2303,17.3122,17.3944,17.4769,17.5597,17.6427,17.7259,17.8093,17.8929,17.9766,18.0605,18.1446,18.2287,18.3129,18.3972,18.4816,18.566,18.6505,18.735,18.8196,18.9041,18.9887,19.0733,19.1579,19.2425,19.3271,19.4116,19.4961,19.5806,19.6651,19.7495,19.8338,19.9181,20.0024,20.0866,20.1707,20.2548
39.0099,36.8589,34.7881,32.7973,30.8887,29.0674,27.3413,25.7216,24.2221,22.8573,21.6384,20.5695,19.6471,18.8609,18.1968,17.6395,17.1739,16.7862,16.4641,16.1975,15.9775,15.7969,15.6496,15.5306,15.4358,15.3618,15.3056,15.2648,15.2375,15.2219,15.2166,15.2203,15.232,15.2508,15.2758,15.3064,15.3421,15.3822,15.4264,15.4742,15.5253,15.5794,15.6362,15.6954,15.7568,15.8202,15.8855,15.9525,16.021,16.0909,16.1621,16.2345,16.308,16.3825,16.4579,16.5341,16.6111,16.6888,16.7671,16.8461,16.9256,17.0056,17.0861,17.1669,17.2482,17.3298,17.4118,17.4941,17.5766,17.6593,17.7423,17.8255,17.9089,17.9924,18.0761,18.1599,18.2439,18.3279,18.412,18.4962,18.5805,18.6648,18.7492,18.8336,18.918,19.0024,19.0869,19.1713,19.2558,19.3402,19.4246,19.509,19.5933,19.6777,19.762,19.8462,19.9304,20.0145,20.0986,20.1826,20.2666
39.1105,36.964,34.8982,32.9126,31.0094,29.1933,27.472,25.8561,24.3588,22.9941,21.7729,20.6999,19.7717,18.9788,18.3075,17.743,17.2703,16.876,16.5478,16.2756,16.0505,15.8652,15.7138,15.5911,15.4929,15.4158,15.3569,15.3136,15.284,15.2663,15.2591,15.2611,15.2711,15.2884,15.3121,15.3415,15.3759,15.415,15.4581,15.505,15.5552,15.6084,15.6644,15.7228,15.7835,15.8463,15.911,15.9773,16.0453,16.1147,16.1854,16.2573,16.3303,16.4043,16.4793,16.5551,16.6317,16.709,16.787,16.8656,16.9448,17.0245,17.1046,17.1852,17.2662,17.3476,17.4293,17.5113,17.5935,17.6761,17.7588,17.8418,17.9249,18.0083,18.0918,18.1754,18.2591,18.343,18.4269,18.5109,18.595,18.6792,18.7634,18.8476,18.9319,19.0161,19.1004,19.1848,19.2691,19.3533,19.4376,19.5219,19.6061,19.6903,19.7745,19.8586,19.9427,20.0267,20.1107,20.1946,20.2784
39.2106,37.0685,35.0075,33.0271,31.1291,29.3181,27.6015,25.9893,24.4943,23.1298,21.9066,20.8295,19.8958,19.0963,18.4181,17.8464,17.3669,16.9659,16.6317,16.3539,16.1237,15.9339,15.7783,15.6518,15.5503,15.4701,15.4084,15.3626,15.3307,15.3109,15.3018,15.302,15.3104,15.3262,15.3485,15.3766,15.4099,15.4478,15.4899,15.5358,15.5851,15.6375,15.6927,15.7504,15.8104,15.8725,15.9365,16.0023,16.0697,16.1385,16.2087,16.2801,16.3526,16.4262,16.5008,16.5762,16.6524,16.7293,16.807,16.8852,16.9641,17.0434,17.1233,17.2036,17.2843,17.3653,17.4468,17.5285,17.6105,17.6928,17.7753,17.8581,17.941,18.0241,18.1074,18.1908,18.2744,18.358,18.4418,18.5256,18.6096,18.6935,18.7776,18.8617,18.9458,19.0299,19.114,19.1982,19.2824,19.3665,19.4507,19.5348,19.6189,19.703,19.787,19.871,19.955,20.0389,20.1228,20.2066,20.2903
39.3102,37.1725,35.1162,33.1407,31.2478,29.4419,27.7299,26.1214,24.6286,23.2644,22.0393,20.9584,20.0194,19.2136,18.5285,17.9498,17.4635,17.0561,16.7158,16.4324,16.1972,16.0027,15.843,15.7128,15.6078,15.5246,15.4601,15.4118,15.3776,15.3557,15.3446,15.3431,15.3499,15.3642,15.3851,15.4119,15.444,15.4808,15.5219,15.5668,15.6152,15.6667,15.7211,15.778,15.8373,15.8987,15.9621,16.0273,16.0941,16.1624,16.2321,16.303,16.3751,16.4482,16.5223,16.5973,16.6731,16.7497,16.8269,16.9049,16.9834,17.0624,17.1419,17.2219,17.3023,17.3831,17.4643,17.5458,17.6276,17.7096,17.7919,17.8744,17.9571,18.04,18.1231,18.2063,18.2897,18.3731,18.4567,18.5404,18.6241,18.7079,18.7918,18.8757,18.9597,19.0437,19.1277,19.2117,19.2957,19.3797,19.4637,19.5477,19.6317,19.7157,19.7996,19.8835,19.9673,20.0511,20.1349,20.2186,20.3022
39.4093,37.2758,35.2242,33.2536,31.3657,29.5647,27.8572,26.2523,24.7617,23.3979,22.1712,21.0866,20.1424,19.3304,18.6386,18.0532,17.5601,17.1463,16.8,16.5111,16.2709,16.0718,15.9079,15.774,15.6656,15.5793,15.512,15.4612,15.4246,15.4007,15.3877,15.3843,15.3895,15.4023,15.4218,15.4473,15.4782,15.5139,15.554,15.5979,15.6454,15.696,15.7496,15.8058,15.8643,15.9251,15.9878,16.0524,16.1186,16.1864,16.2555,16.3259,16.3975,16.4702,16.5439,16.6185,16.6939,16.7701,16.847,16.9245,17.0027,17.0814,17.1607,17.2404,17.3205,17.401,17.4819,17.5631,17.6446,17.7264,17.8085,17.8908,17.9733,18.056,18.1388,18.2219,18.305,18.3883,18.4717,18.5552,18.6387,18.7224,18.8061,18.8898,18.9736,19.0575,19.1413,19.2252,19.3091,19.393,19.4768,19.5607,19.6445,19.7284,19.8122,19.8959,19.9797,20.0633,20.147,20.2306,20.3141
39.5079,37.3786,35.3315,33.3657,31.4828,29.6866,27.9834,26.3821,24.8937,23.5303,22.3021,21.2141,20.2649,19.4469,18.7486,18.1565,17.6568,17.2367,16.8845,16.5901,16.3448,16.1412,15.9731,15.8354,15.7236,15.6342,15.5641,15.5107,15.4719,15.4458,15.4309,15.4257,15.4293,15.4406,15.4587,15.4829,15.5126,15.5472,15.5861,15.6291,15.6756,15.7254,15.7782,15.8336,15.8915,15.9515,16.0136,16.0776,16.1432,16.2104,16.279,16.349,16.4201,16.4923,16.5655,16.6397,16.7147,16.7905,16.8671,16.9443,17.0221,17.1005,17.1794,17.2588,17.3387,17.4189,17.4995,17.5805,17.6617,17.7433,17.8251,17.9072,17.9895,18.0719,18.1546,18.2374,18.3204,18.4035,18.4867,18.57,18.6534,18.7368,18.8204,18.904,18.9876,19.0713,19.155,19.2387,19.3225,19.4062,19.49,19.5737,19.6574,19.7411,19.8248,19.9084,19.992,20.0756,20.1591,20.2426,20.326
39.606,37.4809,35.4382,33.4771,31.5989,29.8074,28.1086,26.5108,25.0247,23.6618,22.4321,21.3408,20.3868,19.5631,18.8584,18.2597,17.7535,17.3271,16.9691,16.6692,16.4189,16.2108,16.0386,15.8971,15.7819,15.6894,15.6165,15.5605,15.5194,15.4912,15.4743,15.4673,15.4693,15.479,15.4957,15.5186,15.5471,15.5805,15.6184,15.6604,15.706,15.755,15.8069,15.8615,15.9187,15.9781,16.0395,16.1028,16.1679,16.2345,16.3026,16.3721,16.4427,16.5145,16.5873,16.661,16.7356,16.8111,16.8872,16.9641,17.0416,17.1196,17.1982,17.2773,17.3569,17.4368,17.5172,17.5979,17.6789,17.7602,17.8418,17.9236,18.0057,18.088,18.1704,18.253,18.3358,18.4187,18.5017,18.5848,18.668,18.7513,18.8347,18.9181,19.0016,19.0852,19.1687,19.2523,19.3359,19.4195,19.5031,19.5867,19.6703,19.7539,19.8374,19.9209,20.0044,20.0879,20.1713,20.2546,20.338
39.7037,37.5826,35.5442,33.5877,31.7142,29.9273,28.2327,26.6384,25.1545,23.7922,22.5612,21.4668,20.5082,19.6788,18.968,18.3628,17.8502,17.4177,17.0538,16.7485,16.4933,16.2806,16.1042,15.959,15.8404,15.7448,15.6691,15.6106,15.5671,15.5367,15.5178,15.5091,15.5094,15.5176,15.5328,15.5544,15.5817,15.614,15.6509,15.6918,15.7365,15.7846,15.8357,15.8896,15.946,16.0047,16.0655,16.1282,16.1927,16.2587,16.3263,16.3952,16.4654,16.5367,16.609,16.6824,16.7566,16.8316,16.9074,16.9839,17.0611,17.1388,17.2171,17.2959,17.3752,17.4548,17.5349,17.6153,17.6961,17.7772,17.8585,17.9401,18.0219,18.104,18.1862,18.2686,18.3512,18.4339,18.5167,18.5997,18.6827,18.7659,18.8491,18.9323,19.0157,19.099,19.1824,19.2659,19.3493,19.4328,19.5163,19.5997,19.6832,19.7666,19.8501,19.9335,20.0168,20.1002,20.1835,20.2667,20.3499
