CH4 Specific Heat [J kg^-1 K^-1] Mixed
39785.1,8444.29,5767.12,4746.23,4189.68,3834.25,3585.8,3401.7,3259.62,3146.67,3054.85,2978.9,2915.21,2861.25,2815.13,2775.47,2741.18,2711.44,2685.58,2663.07,2643.48,2626.46,2611.71,2598.97,2588.05,2578.77,2570.96,2564.49,2559.26,2555.15,2552.08,2549.98,2548.76,2548.37,2548.75,2549.85,2551.63,2554.04,2557.05,2560.61,2564.71,2569.3,2574.37,2579.89,2585.83,2592.18,2598.91,2606,2613.44,2621.22,2629.31,2637.7,2646.38,2655.34,2664.55,2674.02,2683.73,2693.67,2703.82,2714.19,2724.76,2735.52,2746.46,2757.58,2768.86,2780.31,2791.91,2803.65,2815.54,2827.55,2839.7,2851.96,2864.34,2876.83,2889.43,2902.12,2914.9,2927.78,2940.74,2953.77,2966.88,2980.07,2993.32,3006.63,3019.99,3033.42,3046.89,3060.41,3073.97,3087.57,3101.21,3114.88,3128.58,3142.3,3156.05,3169.82,3183.6,3197.4,3211.22,3225.04,3238.87
10090.6,9952.25,6206.21,4970.17,4330.71,3933.5,3660.62,3460.79,3307.9,3187.13,3089.43,3008.92,2941.64,2884.75,2836.23,2794.55,2758.57,2727.37,2700.25,2676.65,2656.1,2638.23,2622.72,2609.31,2597.79,2587.95,2579.64,2572.72,2567.07,2562.59,2559.17,2556.74,2555.22,2554.56,2554.68,2555.54,2557.09,2559.29,2562.1,2565.48,2569.41,2573.84,2578.75,2584.12,2589.92,2596.14,2602.74,2609.72,2617.05,2624.72,2632.71,2641,2649.59,2658.46,2667.59,2676.98,2686.61,2696.47,2706.55,2716.85,2727.35,2738.05,2748.93,2759.99,2771.22,2782.61,2794.16,2805.85,2817.69,2829.66,2841.75,2853.97,2866.31,2878.76,2891.31,2903.96,2916.71,2929.55,2942.47,2955.48,2968.55,2981.7,2994.92,3008.2,3021.54,3034.93,3048.38,3061.87,3075.4,3088.98,3102.59,3116.24,3129.91,3143.61,3157.34,3171.09,3184.85,3198.63,3212.42,3226.22,3240.03
8676.14,12270,6736.23,5222.39,4484.36,4039.56,3739.56,3522.58,3358.02,3228.91,3124.99,3039.71,2968.64,2908.72,2857.7,2813.95,2776.2,2743.51,2715.1,2690.38,2668.85,2650.11,2633.83,2619.73,2607.58,2597.19,2588.37,2581,2574.93,2570.05,2566.28,2563.53,2561.71,2560.76,2560.63,2561.24,2562.57,2564.56,2567.17,2570.36,2574.11,2578.38,2583.13,2588.36,2594.02,2600.1,2606.59,2613.44,2620.66,2628.22,2636.11,2644.3,2652.8,2661.58,2670.62,2679.93,2689.48,2699.27,2709.28,2719.51,2729.95,2740.58,2751.4,2762.4,2773.57,2784.91,2796.4,2808.05,2819.83,2831.75,2843.81,2855.98,2868.28,2880.68,2893.2,2905.81,2918.52,2931.32,2944.21,2957.18,2970.22,2983.34,2996.52,3009.77,3023.08,3036.45,3049.86,3063.33,3076.84,3090.39,3103.97,3117.59,3131.24,3144.92,3158.63,3172.35,3186.09,3199.85,3213.62,3227.41,3241.19
7947.41,16190.7,7385.93,5507.97,4652.18,4153.03,3822.88,3587.18,3410.08,3272.07,3161.57,3071.26,2996.25,2933.15,2879.55,2833.64,2794.09,2759.86,2730.13,2704.25,2681.72,2662.09,2645.02,2630.22,2617.45,2606.49,2597.16,2589.31,2582.82,2577.56,2573.43,2570.34,2568.22,2566.99,2566.59,2566.96,2568.06,2569.83,2572.24,2575.25,2578.82,2582.92,2587.52,2592.6,2598.12,2604.07,2610.43,2617.17,2624.27,2631.72,2639.51,2647.61,2656.01,2664.69,2673.66,2682.88,2692.36,2702.07,2712.01,2722.17,2732.54,2743.11,2753.87,2764.81,2775.92,2787.21,2798.65,2810.24,2821.97,2833.85,2845.86,2857.99,2870.24,2882.6,2895.08,2907.65,2920.32,2933.09,2945.94,2958.87,2971.89,2984.97,2998.13,3011.34,3024.62,3037.96,3051.35,3064.78,3078.27,3091.79,3105.35,3118.95,3132.58,3146.23,3159.91,3173.61,3187.34,3201.07,3214.82,3228.59,3242.36
7472.53,23507.9,8195.59,5833.07,4835.9,4274.56,3910.89,3654.76,3464.14,3316.65,3199.19,3103.6,3024.46,2958.07,2901.78,2853.65,2812.23,2776.42,2745.32,2718.27,2694.71,2674.18,2656.31,2640.79,2627.38,2615.84,2605.99,2597.67,2590.75,2585.09,2580.6,2577.17,2574.74,2573.23,2572.56,2572.69,2573.56,2575.12,2577.33,2580.15,2583.54,2587.47,2591.92,2596.84,2602.23,2608.04,2614.27,2620.89,2627.88,2635.23,2642.91,2650.91,2659.21,2667.81,2676.69,2685.83,2695.23,2704.87,2714.74,2724.83,2735.13,2745.63,2756.33,2767.21,2778.27,2789.5,2800.89,2812.43,2824.12,2835.94,2847.9,2859.99,2872.2,2884.52,2896.95,2909.49,2922.13,2934.85,2947.67,2960.57,2973.55,2986.6,2999.72,3012.91,3026.16,3039.47,3052.83,3066.24,3079.7,3093.19,3106.73,3120.3,3133.9,3147.54,3161.19,3174.88,3188.58,3202.29,3216.02,3229.76,3243.51
7127.31,34231.4,9221.27,6205.11,5037.47,4404.87,4003.89,3725.47,3520.3,3362.7,3237.89,3136.74,3053.29,2983.46,2924.39,2873.97,2830.63,2793.18,2760.7,2732.44,2707.82,2686.37,2667.68,2651.44,2637.37,2625.25,2614.87,2606.07,2598.71,2592.65,2587.79,2584.03,2581.29,2579.49,2578.56,2578.43,2579.07,2580.41,2582.42,2585.05,2588.26,2592.03,2596.31,2601.09,2606.33,2612.02,2618.12,2624.62,2631.49,2638.73,2646.31,2654.21,2662.42,2670.93,2679.72,2688.78,2698.1,2707.66,2717.46,2727.48,2737.72,2748.16,2758.79,2769.62,2780.62,2791.79,2803.13,2814.62,2826.25,2838.03,2849.95,2861.99,2874.16,2886.44,2898.83,2911.33,2923.93,2936.62,2949.4,2962.26,2975.21,2988.23,3001.32,3014.48,3027.7,3040.98,3054.31,3067.69,3081.12,3094.59,3108.1,3121.65,3135.23,3148.84,3162.48,3176.13,3189.81,3203.51,3217.22,3230.94,3244.67
6859.72,25890.3,10537.7,6632.87,5259.05,4544.7,4102.21,3799.45,3578.63,3410.26,3277.68,3170.7,3082.74,3009.35,2947.39,2894.59,2849.28,2810.16,2776.24,2746.75,2721.06,2698.66,2679.14,2662.16,2647.43,2634.72,2623.8,2614.52,2606.71,2600.25,2595.02,2590.92,2587.86,2585.77,2584.56,2584.19,2584.59,2585.72,2587.52,2589.96,2592.99,2596.59,2600.71,2605.34,2610.44,2615.99,2621.97,2628.34,2635.11,2642.23,2649.71,2657.51,2665.63,2674.05,2682.75,2691.73,2700.97,2710.46,2720.18,2730.13,2740.3,2750.68,2761.25,2772.02,2782.96,2794.08,2805.36,2816.8,2828.39,2840.12,2851.99,2863.99,2876.11,2888.35,2900.7,2913.16,2925.72,2938.38,2951.12,2963.95,2976.87,2989.85,3002.91,3016.04,3029.23,3042.48,3055.79,3069.14,3082.54,3095.99,3109.48,3123,3136.56,3150.14,3163.75,3177.39,3191.05,3204.72,3218.41,3232.12,3245.83
6643.34,14905.2,12230.2,7126.46,5502.99,4694.86,4206.17,3876.88,3639.2,3459.38,3318.58,3205.49,3112.83,3035.73,2970.78,2915.54,2868.18,2827.34,2791.96,2761.2,2734.41,2711.06,2690.69,2672.96,2657.56,2644.24,2632.78,2623,2614.74,2607.87,2602.27,2597.82,2594.45,2592.06,2590.59,2589.96,2590.13,2591.03,2592.63,2594.87,2597.73,2601.15,2605.12,2609.59,2614.55,2619.97,2625.81,2632.07,2638.72,2645.74,2653.11,2660.81,2668.83,2677.16,2685.78,2694.68,2703.84,2713.25,2722.9,2732.78,2742.89,2753.2,2763.71,2774.42,2785.3,2796.37,2807.59,2818.98,2830.52,2842.21,2854.03,2865.98,2878.06,2890.26,2902.58,2914.99,2927.52,2940.14,2952.85,2965.64,2978.52,2991.48,3004.51,3017.6,3030.76,3043.98,3057.26,3070.59,3083.97,3097.39,3110.85,3124.35,3137.88,3151.44,3165.03,3178.65,3192.28,3205.94,3219.61,3233.29,3246.98
6462.99,11260.7,14339.7,7696.88,5771.84,4856.17,4316.12,3957.89,3702.11,3510.09,3360.64,3241.12,3143.56,3062.6,2994.56,2936.79,2887.34,2844.73,2807.85,2775.8,2747.89,2723.55,2702.32,2683.83,2667.74,2653.81,2641.8,2631.52,2622.81,2615.53,2609.54,2604.75,2601.06,2598.37,2596.62,2595.74,2595.67,2596.35,2597.74,2599.79,2602.47,2605.72,2609.53,2613.85,2618.67,2623.95,2629.66,2635.8,2642.33,2649.24,2656.5,2664.11,2672.04,2680.28,2688.81,2697.62,2706.7,2716.04,2725.62,2735.43,2745.47,2755.72,2766.17,2776.81,2787.64,2798.65,2809.83,2821.16,2832.65,2844.29,2856.07,2867.98,2880.01,2892.17,2904.44,2916.82,2929.31,2941.89,2954.57,2967.33,2980.17,2993.1,3006.1,3019.16,3032.29,3045.48,3058.73,3072.03,3085.38,3098.78,3112.22,3125.69,3139.2,3152.74,3166.31,3179.9,3193.51,3207.15,3220.8,3234.46,3248.13
6309.26,9639.97,16673.3,8354.58,6068.14,5029.46,4432.38,4042.65,3767.43,3562.45,3403.85,3277.62,3174.93,3089.98,3018.74,2958.36,2906.75,2862.33,2823.91,2790.54,2761.49,2736.15,2714.04,2694.77,2677.99,2663.44,2650.87,2640.08,2630.92,2623.21,2616.85,2611.7,2607.68,2604.7,2602.67,2601.54,2601.23,2601.69,2602.87,2604.72,2607.21,2610.3,2613.94,2618.11,2622.78,2627.93,2633.52,2639.53,2645.94,2652.74,2659.9,2667.41,2675.24,2683.39,2691.83,2700.56,2709.57,2718.83,2728.33,2738.08,2748.05,2758.23,2768.62,2779.21,2789.98,2800.93,2812.05,2823.34,2834.78,2846.37,2858.1,2869.97,2881.96,2894.08,2906.31,2918.65,2931.1,2943.64,2956.28,2969.01,2981.82,2994.72,3007.68,3020.72,3033.82,3046.98,3060.2,3073.48,3086.8,3100.17,3113.58,3127.03,3140.52,3154.03,3167.58,3181.15,3194.74,3208.35,3221.98,3235.63,3249.28
6175.89,8708.19,18422.3,9106.24,6394.32,5215.55,4555.28,4131.31,3835.22,3616.48,3448.25,3314.98,3206.97,3117.86,3043.31,2980.24,2926.41,2880.14,2840.14,2805.43,2775.21,2748.85,2725.85,2705.78,2688.3,2673.12,2659.98,2648.68,2639.05,2630.92,2624.17,2618.67,2614.32,2611.04,2608.74,2607.34,2606.79,2607.03,2608,2609.66,2611.96,2614.87,2618.35,2622.37,2626.9,2631.91,2637.37,2643.26,2649.56,2656.24,2663.3,2670.7,2678.44,2686.5,2694.86,2703.51,2712.43,2721.61,2731.05,2740.72,2750.62,2760.74,2771.07,2781.6,2792.31,2803.21,2814.28,2825.51,2836.91,2848.45,2860.13,2871.96,2883.91,2895.98,2908.17,2920.48,2932.88,2945.39,2958,2970.69,2983.47,2996.33,3009.27,3022.27,3035.34,3048.48,3061.67,3074.92,3088.21,3101.56,3114.94,3128.37,3141.83,3155.33,3168.85,3182.4,3195.97,3209.56,3223.17,3236.79,3250.43
6058.55,8089.64,18300,9948.14,6752.34,5415.18,4685.12,4223.98,3905.56,3672.22,3493.86,3353.22,3239.65,3146.24,3068.28,3002.44,2946.33,2898.15,2856.54,2820.45,2789.04,2761.65,2737.73,2716.86,2698.67,2682.85,2669.14,2657.32,2647.22,2638.66,2631.52,2625.66,2620.99,2617.4,2614.81,2613.16,2612.36,2612.37,2613.13,2614.6,2616.72,2619.45,2622.77,2626.64,2631.02,2635.89,2641.22,2646.99,2653.17,2659.75,2666.7,2674,2681.64,2689.61,2697.88,2706.45,2715.29,2724.4,2733.76,2743.36,2753.2,2763.25,2773.52,2783.99,2794.64,2805.49,2816.5,2827.69,2839.03,2850.52,2862.16,2873.94,2885.85,2897.88,2910.03,2922.3,2934.67,2947.14,2959.71,2972.37,2985.12,2997.94,3010.85,3023.82,3036.86,3049.97,3063.14,3076.36,3089.63,3102.94,3116.31,3129.71,3143.15,3156.62,3170.12,3183.64,3197.19,3210.76,3224.35,3237.96,3251.57
5954.12,7641.6,16290.1,10854.6,7143.12,5628.93,4822.15,4320.8,3978.5,3729.7,3540.68,3392.34,3273,3175.13,3093.64,3024.95,2966.5,2916.37,2873.11,2835.61,2802.99,2774.54,2749.7,2728.02,2709.1,2692.63,2678.33,2666,2655.42,2646.43,2638.89,2632.67,2627.66,2623.77,2620.9,2618.98,2617.94,2617.73,2618.28,2619.54,2621.47,2624.04,2627.19,2630.9,2635.14,2639.87,2645.07,2650.72,2656.78,2663.25,2670.09,2677.3,2684.84,2692.72,2700.9,2709.38,2718.15,2727.18,2736.47,2746,2755.77,2765.76,2775.96,2786.37,2796.97,2807.76,2818.72,2829.86,2841.15,2852.6,2864.19,2875.92,2887.79,2899.78,2911.89,2924.11,2936.45,2948.89,2961.42,2974.04,2986.76,2999.55,3012.42,3025.37,3038.38,3051.46,3064.6,3077.79,3091.04,3104.33,3117.66,3131.04,3144.46,3157.9,3171.38,3184.89,3198.42,3211.97,3225.53,3239.12,3252.71
5860.28,7297.8,13855.1,11761.6,7565.74,5857.16,4966.57,4421.86,4054.09,3788.94,3588.73,3432.35,3307.01,3204.53,3119.39,3047.77,2986.92,2934.79,2889.85,2850.91,2817.05,2787.53,2761.75,2739.24,2719.58,2702.45,2687.58,2674.71,2663.65,2654.23,2646.29,2639.7,2634.36,2630.16,2627,2624.82,2623.54,2623.09,2623.43,2624.49,2626.24,2628.62,2631.61,2635.17,2639.26,2643.85,2648.92,2654.44,2660.39,2666.75,2673.48,2680.59,2688.04,2695.82,2703.92,2712.32,2721,2729.96,2739.17,2748.64,2758.34,2768.26,2778.41,2788.75,2799.3,2810.03,2820.94,2832.02,2843.27,2854.67,2866.21,2877.9,2889.72,2901.67,2913.74,2925.93,2938.23,2950.63,2963.13,2975.72,2988.4,3001.16,3014,3026.92,3039.9,3052.95,3066.06,3079.22,3092.44,3105.71,3119.02,3132.37,3145.76,3159.19,3172.65,3186.13,3199.64,3213.17,3226.71,3240.28,3253.85
5775.28,7023.02,11889.5,12552.8,8016.29,6099.83,5118.5,4527.23,4132.36,3849.95,3638.02,3473.26,3341.69,3234.43,3145.54,3070.9,3007.58,2953.41,2906.74,2866.34,2831.22,2800.61,2773.88,2750.52,2730.12,2712.33,2696.86,2683.45,2671.91,2662.04,2653.7,2646.75,2641.07,2636.55,2633.11,2630.66,2629.13,2628.46,2628.58,2629.44,2631,2633.21,2636.04,2639.44,2643.38,2647.84,2652.78,2658.17,2664,2670.25,2676.88,2683.88,2691.24,2698.93,2706.94,2715.25,2723.85,2732.73,2741.88,2751.27,2760.9,2770.77,2780.85,2791.13,2801.62,2812.3,2823.16,2834.19,2845.38,2856.73,2868.23,2879.88,2891.66,2903.56,2915.6,2927.74,2940,2952.37,2964.83,2977.39,2990.03,3002.76,3015.57,3028.46,3041.41,3054.43,3067.52,3080.65,3093.85,3107.09,3120.37,3133.7,3147.07,3160.47,3173.91,3187.37,3200.86,3214.36,3227.89,3241.44,3254.99
5697.75,6796.69,10489.1,13071.5,8486.33,6356.38,5277.92,4636.92,4213.32,3912.75,3688.54,3515.05,3377.02,3264.83,3172.07,3094.34,3028.49,2972.22,2923.8,2881.91,2845.51,2813.78,2786.08,2761.88,2740.72,2722.26,2706.18,2692.23,2680.2,2669.89,2661.14,2653.82,2647.8,2642.97,2639.24,2636.52,2634.74,2633.83,2633.74,2634.4,2635.77,2637.81,2640.46,2643.71,2647.5,2651.82,2656.63,2661.9,2667.61,2673.74,2680.27,2687.17,2694.43,2702.03,2709.95,2718.18,2726.71,2735.51,2744.58,2753.9,2763.47,2773.27,2783.28,2793.51,2803.94,2814.56,2825.37,2836.35,2847.49,2858.8,2870.25,2881.85,2893.59,2905.45,2917.44,2929.55,2941.78,2954.1,2966.53,2979.05,2991.67,3004.37,3017.14,3030,3042.92,3055.92,3068.97,3082.08,3095.25,3108.46,3121.73,3135.03,3148.37,3161.75,3175.17,3188.61,3202.07,3215.56,3229.07,3242.59,3256.13
5626.59,6605.89,9503.4,13181.9,8961.27,6625.46,5444.65,4750.91,4296.97,3977.33,3740.3,3557.73,3413.01,3295.73,3198.99,3118.08,3049.65,2991.24,2941.02,2897.61,2859.9,2827.05,2798.37,2773.29,2751.37,2732.23,2715.54,2701.04,2688.51,2677.76,2668.6,2660.9,2654.54,2649.39,2645.37,2642.38,2640.35,2639.21,2638.9,2639.36,2640.54,2642.4,2644.89,2647.98,2651.63,2655.8,2660.48,2665.63,2671.22,2677.24,2683.66,2690.46,2697.62,2705.13,2712.96,2721.11,2729.55,2738.28,2747.28,2756.53,2766.03,2775.76,2785.72,2795.89,2806.26,2816.83,2827.58,2838.5,2849.6,2860.86,2872.27,2883.82,2895.51,2907.34,2919.29,2931.36,2943.55,2955.84,2968.23,2980.72,2993.3,3005.97,3018.71,3031.54,3044.43,3057.4,3070.42,3083.51,3096.65,3109.84,3123.08,3136.36,3149.68,3163.03,3176.42,3189.84,3203.29,3216.75,3230.24,3243.75,3257.26
5560.95,6442.06,8788.33,12860.3,9419.09,6904.69,5618.3,4869.12,4383.28,4043.67,3793.28,3601.29,3449.66,3327.12,3226.29,3142.12,3071.04,3010.44,2958.4,2913.43,2874.4,2840.4,2810.72,2784.77,2762.07,2742.24,2724.94,2709.89,2696.86,2685.65,2676.08,2668,2661.29,2655.83,2651.51,2648.25,2645.97,2644.6,2644.07,2644.33,2645.32,2647,2649.32,2652.25,2655.75,2659.79,2664.33,2669.35,2674.83,2680.73,2687.05,2693.75,2700.81,2708.23,2715.97,2724.04,2732.4,2741.05,2749.97,2759.16,2768.59,2778.25,2788.15,2798.26,2808.57,2819.08,2829.78,2840.66,2851.71,2862.91,2874.28,2885.79,2897.44,2909.22,2921.13,2933.17,2945.31,2957.57,2969.92,2982.38,2994.93,3007.56,3020.28,3033.07,3045.94,3058.87,3071.87,3084.93,3098.04,3111.21,3124.42,3137.68,3150.98,3164.31,3177.68,3191.07,3204.5,3217.94,3231.41,3244.9,3258.4
5500.1,6299.29,8249.15,12221.6,9830.52,7190.44,5798.21,4991.36,4472.19,4111.76,3847.47,3645.71,3486.94,3359,3253.97,3166.45,3092.66,3029.84,2975.93,2929.38,2889,2853.84,2823.15,2796.31,2772.83,2752.3,2734.37,2718.76,2705.23,2693.56,2683.57,2675.12,2668.06,2662.28,2657.67,2654.13,2651.6,2649.99,2649.24,2649.3,2650.1,2651.6,2653.75,2656.52,2659.87,2663.77,2668.18,2673.08,2678.43,2684.23,2690.43,2697.03,2704,2711.32,2718.98,2726.96,2735.24,2743.82,2752.66,2761.78,2771.14,2780.74,2790.58,2800.63,2810.88,2821.34,2831.98,2842.81,2853.81,2864.97,2876.29,2887.75,2899.36,2911.1,2922.97,2934.97,2947.08,2959.29,2971.62,2984.04,2996.55,3009.16,3021.84,3034.61,3047.44,3060.35,3073.32,3086.35,3099.44,3112.58,3125.77,3139,3152.27,3165.58,3178.93,3192.3,3205.71,3219.13,3232.58,3246.05,3259.53
5443.47,6173.34,7828,11439,10161.9,7477.52,5983.41,5117.37,4563.61,4181.53,3902.83,3690.99,3524.85,3391.35,3282.01,3191.08,3114.52,3049.41,2993.61,2945.46,2903.71,2867.37,2835.65,2807.91,2783.63,2762.4,2743.84,2727.67,2713.62,2701.49,2691.09,2682.25,2674.84,2668.74,2663.83,2660.02,2657.23,2655.39,2654.42,2654.27,2654.88,2656.2,2658.18,2660.79,2664,2667.75,2672.03,2676.8,2682.04,2687.72,2693.82,2700.31,2707.18,2714.41,2721.98,2729.88,2738.08,2746.58,2755.35,2764.4,2773.69,2783.23,2793,2802.99,2813.19,2823.59,2834.18,2844.96,2855.91,2867.02,2878.29,2889.71,2901.28,2912.98,2924.81,2936.77,2948.84,2961.02,2973.31,2985.69,2998.18,3010.75,3023.4,3036.13,3048.94,3061.82,3074.76,3087.77,3100.83,3113.95,3127.11,3140.32,3153.57,3166.86,3180.18,3193.53,3206.91,3220.32,3233.75,3247.19,3260.65
5390.57,6061.07,7489.18,10651.5,10381.1,7759.07,6172.51,5246.78,4657.39,4252.94,3959.35,3737.1,3563.38,3424.17,3310.41,3215.98,3136.59,3069.17,3011.43,2961.65,2918.51,2880.97,2848.21,2819.56,2794.48,2772.54,2753.35,2736.6,2722.04,2709.45,2698.62,2689.4,2681.63,2675.2,2670,2665.92,2662.87,2660.79,2659.6,2659.24,2659.66,2660.8,2662.61,2665.07,2668.12,2671.73,2675.88,2680.52,2685.64,2691.21,2697.2,2703.59,2710.37,2717.5,2724.99,2732.8,2740.92,2749.34,2758.04,2767.01,2776.24,2785.72,2795.42,2805.35,2815.5,2825.84,2836.38,2847.1,2858,2869.07,2880.29,2891.67,2903.2,2914.86,2926.65,2938.56,2950.6,2962.74,2974.99,2987.35,2999.8,3012.33,3024.96,3037.66,3050.44,3063.29,3076.21,3089.18,3102.22,3115.31,3128.45,3141.63,3154.86,3168.13,3181.43,3194.76,3208.12,3221.5,3234.91,3248.34,3261.78
5340.98,5960.12,7209.89,9934.6,10466.7,8026.64,6363.7,5379.08,4753.35,4325.89,4016.97,3784.01,3602.5,3457.44,3339.16,3241.16,3158.89,3089.1,3029.4,2977.96,2933.41,2894.66,2860.84,2831.27,2805.38,2782.71,2762.88,2745.56,2730.49,2717.42,2706.17,2696.56,2688.44,2681.68,2676.17,2671.82,2668.52,2666.19,2664.78,2664.22,2664.44,2665.4,2667.04,2669.34,2672.24,2675.71,2679.72,2684.24,2689.24,2694.69,2700.58,2706.87,2713.55,2720.59,2727.99,2735.71,2743.75,2752.1,2760.73,2769.63,2778.79,2788.2,2797.84,2807.71,2817.8,2828.09,2838.57,2849.25,2860.1,2871.11,2882.29,2893.63,2905.11,2916.73,2928.48,2940.35,2952.35,2964.46,2976.68,2989,3001.41,3013.92,3026.51,3039.19,3051.94,3064.76,3077.65,3090.6,3103.61,3116.67,3129.79,3142.95,3156.15,3169.39,3182.67,3195.98,3209.32,3222.69,3236.07,3249.48,3262.9
5294.36,5868.66,6975.03,9314.36,10414.8,8270.51,6554.69,5513.61,4851.26,4400.28,4075.64,3831.69,3642.2,3491.15,3368.25,3266.6,3181.4,3109.21,3047.5,2994.39,2948.41,2908.42,2873.54,2843.04,2816.33,2792.93,2772.45,2754.55,2738.95,2725.42,2713.73,2703.73,2695.25,2688.17,2682.36,2677.72,2674.16,2671.6,2669.97,2669.19,2669.22,2670,2671.48,2673.61,2676.36,2679.69,2683.57,2687.96,2692.84,2698.18,2703.95,2710.14,2716.72,2723.68,2730.98,2738.62,2746.58,2754.85,2763.41,2772.24,2781.33,2790.68,2800.26,2810.07,2820.1,2830.33,2840.76,2851.39,2862.19,2873.16,2884.29,2895.58,2907.02,2918.59,2930.31,2942.14,2954.1,2966.18,2978.36,2990.65,3003.03,3015.5,3028.06,3040.71,3053.43,3066.22,3079.08,3092.01,3104.99,3118.03,3131.12,3144.26,3157.44,3170.66,3183.91,3197.2,3210.52,3223.87,3237.23,3250.62,3264.03
5250.4,5785.25,6774.22,8789.75,10240.8,8480.46,6742.7,5649.57,4950.82,4475.99,4135.29,3880.11,3682.45,3525.29,3397.67,3292.3,3204.11,3129.47,3065.74,3010.92,2963.49,2922.26,2886.3,2854.85,2827.31,2803.18,2782.05,2763.56,2747.44,2733.43,2721.31,2710.92,2702.08,2694.67,2688.55,2683.63,2679.81,2677.01,2675.16,2674.17,2674.01,2674.6,2675.91,2677.88,2680.48,2683.67,2687.41,2691.68,2696.43,2701.66,2707.33,2713.41,2719.9,2726.76,2733.97,2741.53,2749.41,2757.6,2766.08,2774.84,2783.87,2793.15,2802.67,2812.42,2822.39,2832.57,2842.95,2853.52,2864.27,2875.2,2886.28,2897.53,2908.92,2920.46,2932.13,2943.93,2955.85,2967.89,2980.04,2992.29,3004.64,3017.08,3029.61,3042.23,3054.92,3067.68,3080.52,3093.42,3106.37,3119.39,3132.45,3145.56,3158.72,3171.92,3185.15,3198.42,3211.72,3225.04,3238.39,3251.76,3265.15
5208.85,5708.74,6600.11,8348.69,9974.84,8646.9,6924.48,5785.96,5051.67,4552.85,4195.85,3929.21,3723.23,3559.82,3427.41,3318.25,3227.02,3149.9,3084.11,3027.56,2978.65,2936.17,2899.11,2866.71,2838.34,2813.47,2791.68,2772.6,2755.95,2741.45,2728.91,2718.11,2708.91,2701.17,2694.75,2689.55,2685.47,2682.43,2680.35,2679.15,2678.79,2679.2,2680.34,2682.15,2684.6,2687.64,2691.25,2695.39,2700.03,2705.14,2710.7,2716.68,2723.07,2729.84,2736.96,2744.44,2752.24,2760.35,2768.76,2777.45,2786.41,2795.62,2805.08,2814.77,2824.68,2834.81,2845.14,2855.65,2866.36,2877.23,2888.27,2899.48,2910.83,2922.32,2933.95,2945.72,2957.6,2969.6,2981.71,2993.93,3006.25,3018.66,3031.16,3043.74,3056.41,3069.14,3081.95,3094.82,3107.75,3120.74,3133.78,3146.87,3160,3173.18,3186.39,3199.64,3212.92,3226.22,3239.55,3252.9,3266.26
5169.49,5638.22,6447.37,7976.77,9651.54,8762.18,7096.41,5921.63,5153.38,4630.68,4257.21,3978.94,3764.5,3594.74,3457.44,3344.43,3250.11,3170.48,3102.6,3044.29,2993.91,2950.14,2911.98,2878.62,2849.4,2823.79,2801.33,2781.66,2764.47,2749.5,2736.51,2725.32,2715.76,2707.68,2700.95,2695.47,2691.13,2687.84,2685.54,2684.13,2683.58,2683.8,2684.77,2686.42,2688.71,2691.62,2695.09,2699.1,2703.62,2708.62,2714.07,2719.95,2726.24,2732.91,2739.95,2747.34,2755.06,2763.09,2771.43,2780.05,2788.94,2798.09,2807.48,2817.12,2826.97,2837.04,2847.32,2857.78,2868.44,2879.26,2890.26,2901.42,2912.73,2924.18,2935.77,2947.5,2959.34,2971.31,2983.39,2995.57,3007.85,3020.23,3032.7,3045.26,3057.89,3070.6,3083.38,3096.22,3109.13,3122.09,3135.11,3148.17,3161.28,3174.44,3187.63,3200.85,3214.11,3227.39,3240.7,3254.03,3267.38
5132.13,5572.9,6311.99,7660.83,9302.43,8821.84,7254.7,6055.24,5255.46,4709.27,4319.28,4029.25,3806.22,3630.01,3487.75,3370.84,3273.39,3191.2,3121.2,3061.13,3009.23,2964.18,2924.91,2890.58,2860.51,2834.14,2811.01,2790.74,2773.02,2757.55,2744.13,2732.54,2722.61,2714.19,2707.16,2701.39,2696.79,2693.26,2690.73,2689.11,2688.36,2688.4,2689.19,2690.68,2692.83,2695.59,2698.93,2702.81,2707.21,2712.09,2717.43,2723.21,2729.4,2735.98,2742.93,2750.24,2757.88,2765.83,2774.09,2782.64,2791.47,2800.55,2809.89,2819.46,2829.26,2839.27,2849.49,2859.91,2870.51,2881.29,2892.24,2903.36,2914.62,2926.04,2937.59,2949.27,2961.08,2973.01,2985.06,2997.21,3009.46,3021.81,3034.24,3046.77,3059.37,3072.05,3084.8,3097.62,3110.5,3123.44,3136.43,3149.48,3162.56,3175.69,3188.86,3202.06,3215.3,3228.56,3241.85,3255.16,3268.49
5096.58,5512.17,6190.96,7389.99,8951.34,8825.46,7395.52,6185.33,5357.33,4788.36,4381.92,4080.06,3848.35,3665.61,3518.32,3397.46,3296.83,3212.05,3139.92,3078.05,3024.64,2978.28,2937.89,2902.58,2871.65,2844.52,2820.71,2799.84,2781.58,2765.63,2751.76,2739.76,2729.47,2720.72,2713.37,2707.32,2702.45,2698.68,2695.92,2694.1,2693.14,2693,2693.62,2694.95,2696.94,2699.56,2702.76,2706.52,2710.79,2715.56,2720.8,2726.47,2732.56,2739.05,2745.91,2753.13,2760.69,2768.57,2776.76,2785.24,2793.99,2803.01,2812.29,2821.8,2831.54,2841.5,2851.67,2862.03,2872.59,2883.32,2894.22,2905.29,2916.52,2927.89,2939.4,2951.05,2962.82,2974.71,2986.72,2998.84,3011.06,3023.37,3035.78,3048.28,3060.85,3073.5,3086.23,3099.02,3111.87,3124.79,3137.76,3150.77,3163.84,3176.95,3190.09,3203.27,3216.49,3229.73,3243,3256.29,3269.6
5062.71,5455.49,6081.91,7155.61,8613.8,8776.67,7515.34,6310.28,5458.36,4867.67,4445,4131.3,3890.85,3701.52,3549.13,3424.27,3320.43,3233.04,3158.74,3095.06,3040.11,2992.44,2950.91,2914.61,2882.82,2854.92,2830.44,2808.96,2790.15,2773.71,2759.4,2747,2736.33,2727.24,2719.59,2713.25,2708.12,2704.1,2701.11,2699.08,2697.93,2697.6,2698.05,2699.21,2701.05,2703.52,2706.59,2710.22,2714.37,2719.03,2724.15,2729.73,2735.72,2742.12,2748.89,2756.02,2763.5,2771.3,2779.42,2787.83,2796.51,2805.47,2814.68,2824.13,2833.82,2843.72,2853.84,2864.15,2874.65,2885.34,2896.2,2907.23,2918.41,2929.74,2941.21,2952.82,2964.55,2976.41,2988.39,3000.47,3012.66,3024.94,3037.32,3049.78,3062.33,3074.95,3087.65,3100.41,3113.24,3126.13,3139.08,3152.07,3165.11,3178.2,3191.32,3204.48,3217.68,3230.9,3244.15,3257.42,3270.71
5030.37,5402.43,5983.01,6950.92,8298.43,8682.52,7611.23,6428.42,5557.84,4946.89,4508.36,4182.89,3933.66,3737.68,3580.17,3451.26,3344.18,3254.14,3177.66,3112.15,3055.65,3006.66,2963.98,2926.69,2894.02,2865.35,2840.19,2818.1,2798.74,2781.81,2767.04,2754.24,2743.2,2733.77,2725.81,2719.18,2713.78,2709.52,2706.3,2704.06,2702.71,2702.2,2702.47,2703.47,2705.16,2707.49,2710.42,2713.92,2717.95,2722.49,2727.51,2732.98,2738.87,2745.18,2751.86,2758.91,2766.31,2774.03,2782.07,2790.41,2799.03,2807.92,2817.07,2826.46,2836.09,2845.94,2856,2866.27,2876.72,2887.36,2898.17,2909.16,2920.29,2931.58,2943.02,2954.59,2966.29,2978.11,2990.05,3002.1,3014.25,3026.5,3038.85,3051.28,3063.8,3076.4,3089.07,3101.81,3114.61,3127.47,3140.39,3153.36,3166.38,3179.44,3192.55,3205.69,3218.86,3232.06,3245.29,3258.55,3271.82
4999.46,5352.59,5892.76,6770.61,8008.88,8552.12,7681.08,6538.07,5655.02,5025.67,4571.84,4234.72,3976.73,3774.08,3611.4,3478.41,3368.06,3275.35,3196.67,3129.31,3071.25,3020.92,2977.09,2938.8,2905.25,2875.81,2849.96,2827.25,2807.34,2789.91,2774.7,2761.49,2750.08,2740.31,2732.03,2725.11,2719.45,2714.94,2711.49,2709.03,2707.49,2706.79,2706.89,2707.73,2709.26,2711.45,2714.24,2717.61,2721.53,2725.95,2730.86,2736.23,2742.03,2748.23,2754.83,2761.8,2769.11,2776.76,2784.73,2792.99,2801.55,2810.37,2819.46,2828.79,2838.36,2848.16,2858.16,2868.38,2878.78,2889.38,2900.14,2911.08,2922.18,2933.43,2944.82,2956.35,2968.01,2979.8,2991.7,3003.72,3015.84,3028.06,3040.38,3052.78,3065.27,3077.84,3090.48,3103.2,3115.97,3128.81,3141.71,3154.65,3167.65,3180.69,3193.77,3206.89,3220.04,3233.23,3246.44,3259.67,3272.92
4969.86,5305.65,5809.97,6610.52,7745.73,8395.34,7723.86,6637.58,5749.08,5103.64,4635.23,4286.7,4020,3810.68,3642.8,3505.71,3392.06,3296.67,3215.76,3146.54,3086.91,3035.23,2990.24,2950.94,2916.5,2886.29,2859.74,2836.42,2815.96,2798.03,2782.36,2768.74,2756.96,2746.85,2738.25,2731.05,2725.12,2720.36,2716.69,2714.01,2712.27,2711.38,2711.31,2711.98,2713.36,2715.4,2718.06,2721.31,2725.1,2729.41,2734.21,2739.47,2745.17,2751.29,2757.79,2764.68,2771.91,2779.48,2787.37,2795.57,2804.06,2812.82,2821.84,2831.12,2840.63,2850.37,2860.32,2870.49,2880.84,2891.39,2902.11,2913,2924.06,2935.27,2946.62,2958.11,2969.74,2981.49,2993.36,3005.34,3017.43,3029.62,3041.9,3054.28,3066.74,3079.28,3091.9,3104.58,3117.33,3130.15,3143.02,3155.94,3168.92,3181.93,3194.99,3208.09,3221.22,3234.39,3247.58,3260.79,3274.03
4941.47,5261.34,5733.67,6467.36,7507.78,8221.5,7739.69,6725.47,5839.2,5180.39,4698.34,4338.71,4063.4,3847.42,3674.34,3533.13,3416.17,3318.07,3234.92,3163.83,3102.61,3049.58,3003.43,2963.11,2927.78,2896.78,2869.54,2845.6,2824.58,2806.15,2790.03,2776,2763.84,2753.39,2744.48,2736.98,2730.79,2725.78,2721.87,2718.99,2717.04,2715.97,2715.72,2716.24,2717.46,2719.36,2721.88,2725,2728.67,2732.86,2737.55,2742.71,2748.31,2754.34,2760.76,2767.55,2774.71,2782.2,2790.02,2798.14,2806.56,2815.26,2824.22,2833.44,2842.89,2852.58,2862.48,2872.59,2882.9,2893.4,2904.07,2914.92,2925.94,2937.1,2948.42,2959.87,2971.46,2983.17,2995.01,3006.96,3019.01,3031.17,3043.43,3055.77,3068.21,3080.72,3093.31,3105.97,3118.69,3131.48,3144.33,3157.23,3170.18,3183.17,3196.21,3209.29,3222.4,3235.54,3248.71,3261.91,3275.13
4914.22,5219.41,5663.05,6338.49,7293,8038.68,7729.83,6800.47,5924.55,5255.5,4760.95,4390.63,4106.86,3884.27,3706,3560.66,3440.37,3339.55,3254.15,3181.18,3118.37,3063.98,3016.65,2975.3,2939.09,2907.29,2879.35,2854.79,2833.21,2814.28,2797.71,2783.26,2770.73,2759.93,2750.7,2742.92,2736.45,2731.2,2727.06,2723.96,2721.81,2720.56,2720.13,2720.48,2721.56,2723.31,2725.7,2728.68,2732.23,2736.31,2740.89,2745.95,2751.45,2757.38,2763.71,2770.42,2777.5,2784.91,2792.66,2800.71,2809.07,2817.7,2826.6,2835.75,2845.15,2854.78,2864.63,2874.69,2884.95,2895.4,2906.03,2916.84,2927.81,2938.93,2950.21,2961.63,2973.18,2984.86,2996.66,3008.57,3020.6,3032.72,3044.95,3057.27,3069.67,3082.15,3094.71,3107.35,3120.05,3132.81,3145.64,3158.51,3171.44,3184.41,3197.43,3210.48,3223.58,3236.7,3249.85,3263.03,3276.23
4888.03,5179.64,5597.43,6221.8,7099.06,7853.29,7696.48,6861.6,6004.3,5328.53,4822.82,4442.34,4150.3,3921.18,3737.74,3588.27,3464.65,3361.1,3273.44,3198.58,3134.16,3078.4,3029.89,2987.52,2950.41,2917.82,2889.18,2863.99,2841.85,2822.41,2805.39,2790.53,2777.61,2766.47,2756.93,2748.85,2742.12,2736.61,2732.25,2728.93,2726.58,2725.14,2724.54,2724.73,2725.65,2727.25,2729.5,2732.36,2735.79,2739.76,2744.23,2749.18,2754.59,2760.42,2766.66,2773.29,2780.28,2787.62,2795.3,2803.28,2811.56,2820.13,2828.97,2838.07,2847.41,2856.98,2866.78,2876.79,2887,2897.4,2907.99,2918.75,2929.68,2940.76,2952,2963.38,2974.89,2986.54,2998.3,3010.18,3022.18,3034.27,3046.47,3058.75,3071.13,3083.58,3096.12,3108.73,3121.4,3134.14,3146.94,3159.79,3172.7,3185.65,3198.64,3211.68,3224.75,3237.85,3250.98,3264.14,3277.32
4862.82,5141.86,5536.23,6115.56,6923.65,7670.09,7642.59,6908.24,6077.68,5399.03,4883.71,4493.69,4193.65,3958.09,3769.52,3615.94,3488.98,3382.7,3292.78,3216.02,3149.99,3092.86,3043.16,2999.76,2961.74,2928.36,2899.02,2873.2,2850.5,2830.55,2813.07,2797.79,2784.5,2773.01,2763.15,2754.78,2747.78,2742.03,2737.43,2733.89,2731.35,2729.72,2728.95,2728.97,2729.73,2731.2,2733.31,2736.04,2739.35,2743.2,2747.56,2752.41,2757.72,2763.46,2769.61,2776.15,2783.07,2790.33,2797.93,2805.84,2814.06,2822.56,2831.34,2840.37,2849.66,2859.18,2868.92,2878.88,2889.04,2899.4,2909.94,2920.66,2931.55,2942.59,2953.79,2965.13,2976.6,2988.21,2999.94,3011.79,3023.75,3035.82,3047.98,3060.24,3072.58,3085.01,3097.52,3110.1,3122.75,3135.47,3148.24,3161.07,3173.95,3186.88,3199.86,3212.87,3225.92,3239,3252.11,3265.25,3278.42
4838.53,5105.89,5478.99,6018.36,6764.58,7492.37,7571.53,6940.17,6144,5466.54,4943.38,4544.56,4236.82,3994.96,3801.32,3643.65,3513.36,3404.35,3312.16,3233.49,3165.85,3107.33,3056.45,3012.01,2973.09,2938.92,2908.86,2882.42,2859.15,2838.7,2820.75,2805.06,2791.39,2779.55,2769.37,2760.71,2753.44,2747.44,2742.61,2738.86,2736.11,2734.3,2733.35,2733.2,2733.82,2735.13,2737.11,2739.71,2742.9,2746.63,2750.89,2755.63,2760.84,2766.49,2772.55,2779.01,2785.84,2793.03,2800.55,2808.4,2816.55,2824.99,2833.7,2842.68,2851.9,2861.37,2871.06,2880.97,2891.08,2901.39,2911.89,2922.56,2933.41,2944.41,2955.57,2966.87,2978.31,2989.89,3001.58,3013.4,3025.33,3037.36,3049.49,3061.72,3074.04,3086.44,3098.92,3111.48,3124.1,3136.79,3149.54,3162.35,3175.21,3188.11,3201.07,3214.06,3227.09,3240.15,3253.24,3266.36,3279.51
4815.11,5071.59,5425.28,5929.02,6619.91,7322.22,7486.8,6957.55,6202.66,5530.64,5001.56,4594.77,4279.72,4031.73,3833.09,3671.36,3537.76,3426.02,3331.56,3250.98,3181.73,3121.83,3069.75,3024.28,2984.45,2949.48,2918.72,2891.64,2867.8,2846.84,2828.44,2812.33,2798.28,2786.09,2775.59,2766.64,2759.09,2752.84,2747.78,2743.82,2740.87,2738.87,2737.74,2737.44,2737.89,2739.07,2740.91,2743.38,2746.44,2750.06,2754.21,2758.85,2763.96,2769.52,2775.49,2781.87,2788.62,2795.73,2803.18,2810.95,2819.03,2827.41,2836.06,2844.98,2854.15,2863.56,2873.2,2883.06,2893.12,2903.38,2913.84,2924.47,2935.27,2946.23,2957.35,2968.61,2980.02,2991.56,3003.22,3015,3026.9,3038.9,3051,3063.2,3075.49,3087.86,3100.32,3112.85,3125.45,3138.11,3150.84,3163.62,3176.46,3189.34,3202.27,3215.24,3228.25,3241.3,3254.37,3267.47,3280.6
4792.5,5038.82,5374.75,5846.57,6487.9,7160.82,7391.79,6960.92,6253.17,5590.89,5057.99,4644.19,4322.26,4068.35,3864.81,3699.06,3562.17,3447.71,3350.98,3268.5,3197.63,3136.34,3083.07,3036.56,2995.82,2960.04,2928.57,2900.86,2876.46,2854.99,2836.12,2819.59,2805.16,2792.63,2781.81,2772.56,2764.75,2758.25,2752.95,2748.77,2745.63,2743.44,2742.13,2741.66,2741.97,2742.99,2744.7,2747.04,2749.98,2753.49,2757.53,2762.07,2767.08,2772.54,2778.43,2784.72,2791.39,2798.42,2805.8,2813.5,2821.51,2829.82,2838.42,2847.27,2856.39,2865.74,2875.33,2885.14,2895.15,2905.37,2915.78,2926.36,2937.12,2948.05,2959.13,2970.35,2981.72,2993.22,3004.85,3016.6,3028.46,3040.43,3052.51,3064.68,3076.94,3089.28,3101.71,3114.21,3126.79,3139.43,3152.13,3164.89,3177.7,3190.57,3203.48,3216.43,3229.42,3242.44,3255.5,3268.58,3281.69
4770.66,5007.48,5327.1,5770.19,6367.05,7008.68,7289.61,6951.16,6295.21,5646.9,5112.41,4692.66,4364.33,4104.74,3896.42,3726.72,3586.57,3469.4,3370.41,3286.02,3213.54,3150.87,3096.4,3048.85,3007.19,2970.61,2938.43,2910.09,2885.12,2863.13,2843.81,2826.86,2812.05,2799.16,2788.03,2778.48,2770.4,2763.64,2758.12,2753.72,2750.38,2748,2746.52,2745.89,2746.03,2746.92,2748.49,2750.7,2753.52,2756.91,2760.84,2765.27,2770.19,2775.56,2781.36,2787.56,2794.15,2801.11,2808.41,2816.04,2823.99,2832.24,2840.77,2849.57,2858.62,2867.92,2877.46,2887.22,2897.18,2907.35,2917.71,2928.26,2938.98,2949.86,2960.9,2972.09,2983.42,2994.88,3006.48,3018.2,3030.03,3041.97,3054.01,3066.15,3078.38,3090.7,3103.1,3115.58,3128.13,3140.74,3153.42,3166.16,3178.95,3191.79,3204.68,3217.61,3230.58,3243.58,3256.62,3269.68,3282.77
4749.53,4977.46,5282.06,5699.19,6256.05,6865.88,7182.99,6929.41,6328.58,5698.32,5164.57,4740.01,4405.85,4140.84,3927.88,3754.3,3610.93,3491.07,3389.84,3303.55,3229.45,3165.39,3109.72,3061.13,3018.57,2981.19,2948.29,2919.31,2893.77,2871.28,2851.49,2834.12,2818.92,2805.69,2794.24,2784.4,2776.04,2769.04,2763.28,2758.67,2755.12,2752.55,2750.9,2750.1,2750.1,2750.83,2752.27,2754.35,2757.05,2760.33,2764.15,2768.48,2773.3,2778.57,2784.28,2790.4,2796.91,2803.79,2811.02,2818.58,2826.46,2834.65,2843.11,2851.85,2860.85,2870.1,2879.58,2889.29,2899.21,2909.33,2919.65,2930.15,2940.82,2951.67,2962.67,2973.82,2985.11,2996.54,3008.1,3019.79,3031.59,3043.5,3055.51,3067.62,3079.82,3092.12,3104.49,3116.94,3129.46,3142.06,3154.71,3167.42,3180.19,3193.01,3205.88,3218.79,3231.74,3244.72,3257.74,3270.78,3283.85
4729.09,4948.67,5239.39,5632.97,6153.76,6732.2,7074.18,6897,6353.27,5744.84,5214.22,4786.09,4446.71,4176.6,3959.16,3781.79,3635.23,3512.72,3409.25,3321.07,3245.36,3179.92,3123.05,3073.42,3029.94,2991.76,2958.15,2928.53,2902.42,2879.42,2859.17,2841.38,2825.8,2812.22,2800.44,2790.31,2781.68,2774.43,2768.44,2763.61,2759.86,2757.11,2755.28,2754.31,2754.15,2754.75,2756.04,2758,2760.58,2763.74,2767.45,2771.68,2776.4,2781.58,2787.2,2793.24,2799.67,2806.47,2813.63,2821.12,2828.93,2837.05,2845.46,2854.14,2863.08,2872.27,2881.7,2891.36,2901.23,2911.31,2921.58,2932.04,2942.67,2953.47,2964.43,2975.55,2986.81,2998.2,3009.73,3021.38,3033.14,3045.02,3057.01,3069.09,3081.26,3093.53,3105.87,3118.3,3130.8,3143.37,3156,3168.69,3181.43,3194.23,3207.08,3219.97,3232.89,3245.86,3258.86,3271.88,3284.93
4709.29,4921.02,5198.89,5571.03,6059.2,6607.22,6965.02,6855.36,6369.41,5786.22,5261.14,4830.74,4486.81,4211.95,3990.21,3809.14,3659.46,3534.32,3428.63,3338.57,3261.25,3194.43,3136.38,3085.7,3041.32,3002.32,2968,2937.75,2911.07,2887.55,2866.84,2848.63,2832.67,2818.74,2806.64,2796.22,2787.32,2779.81,2773.59,2768.54,2764.59,2761.65,2759.65,2758.52,2758.21,2758.65,2759.81,2761.64,2764.1,2767.14,2770.74,2774.87,2779.49,2784.58,2790.11,2796.07,2802.42,2809.14,2816.23,2823.65,2831.4,2839.45,2847.79,2856.42,2865.3,2874.44,2883.82,2893.43,2903.25,2913.28,2923.5,2933.92,2944.51,2955.27,2966.19,2977.27,2988.49,2999.85,3011.35,3022.96,3034.7,3046.55,3058.5,3070.55,3082.7,3094.94,3107.26,3119.66,3132.13,3144.67,3157.28,3169.95,3182.67,3195.45,3208.27,3221.14,3234.05,3246.99,3259.97,3272.98,3286.01
4690.09,4894.43,5160.37,5512.94,5971.54,6490.46,6856.94,6805.96,6377.26,5822.27,5305.11,4873.8,4526.05,4246.82,4020.98,3836.33,3683.59,3555.86,3447.98,3356.05,3277.13,3208.94,3149.69,3097.98,3052.68,3012.88,2977.85,2946.96,2919.71,2895.68,2874.5,2855.88,2839.53,2825.25,2812.84,2802.12,2792.94,2785.19,2778.73,2773.47,2769.32,2766.19,2764.01,2762.72,2762.25,2762.55,2763.58,2765.28,2767.61,2770.54,2774.04,2778.06,2782.58,2787.58,2793.02,2798.89,2805.16,2811.81,2818.82,2826.17,2833.85,2841.84,2850.13,2858.69,2867.52,2876.61,2885.93,2895.49,2905.26,2915.25,2925.43,2935.8,2946.35,2957.07,2967.95,2978.99,2990.18,3001.5,3012.96,3024.55,3036.25,3048.07,3059.99,3072.01,3084.13,3096.34,3108.64,3121.01,3133.46,3145.98,3158.56,3171.21,3183.91,3196.66,3209.46,3222.31,3235.2,3248.13,3261.08,3274.07,3287.09
4671.47,4868.84,5123.69,5458.31,5890.03,6381.35,6750.98,6750.24,6377.25,5852.88,5345.94,4915.14,4564.33,4281.13,4051.43,3863.32,3707.6,3577.33,3467.27,3373.49,3292.99,3223.43,3162.99,3110.24,3064.03,3023.43,2987.69,2956.16,2928.35,2903.8,2882.16,2863.11,2846.39,2831.76,2819.02,2808.01,2798.56,2790.56,2783.87,2778.39,2774.04,2770.72,2768.37,2766.91,2766.29,2766.45,2767.33,2768.91,2771.12,2773.94,2777.32,2781.24,2785.67,2790.57,2795.93,2801.71,2807.9,2814.47,2821.41,2828.7,2836.31,2844.23,2852.46,2860.96,2869.74,2878.77,2888.04,2897.54,2907.27,2917.21,2927.35,2937.67,2948.18,2958.86,2969.71,2980.71,2991.86,3003.15,3014.57,3026.13,3037.8,3049.58,3061.48,3073.47,3085.56,3097.75,3110.01,3122.36,3134.78,3147.28,3159.84,3172.46,3185.14,3197.87,3210.65,3223.48,3236.35,3249.26,3262.2,3275.17,3288.16
4653.4,4844.18,5088.69,5406.83,5814.04,6279.34,6647.92,6689.56,6369.87,5878.01,5383.47,4954.59,4601.54,4314.83,4081.51,3890.09,3731.47,3598.7,3486.5,3390.89,3308.81,3237.89,3176.27,3122.49,3075.38,3033.98,2997.52,2965.36,2936.97,2911.92,2889.81,2870.35,2853.24,2838.26,2825.2,2813.89,2804.18,2795.92,2789,2783.31,2778.75,2775.25,2772.72,2771.1,2770.32,2770.34,2771.09,2772.53,2774.62,2777.32,2780.6,2784.42,2788.75,2793.56,2798.83,2804.53,2810.64,2817.13,2824,2831.21,2838.76,2846.62,2854.78,2863.23,2871.94,2880.92,2890.14,2899.6,2909.28,2919.17,2929.26,2939.54,2950.01,2960.65,2971.46,2982.42,2993.54,3004.79,3016.18,3027.7,3039.34,3051.1,3062.96,3074.93,3086.99,3099.15,3111.39,3123.71,3136.11,3148.58,3161.12,3173.71,3186.37,3199.08,3211.84,3224.65,3237.5,3250.38,3263.3,3276.26,3289.24
4635.85,4820.4,5055.24,5358.19,5743.01,6183.9,6548.28,6625.15,6355.74,5897.67,5417.55,4992.04,4637.6,4347.85,4111.18,3916.61,3755.17,3619.95,3505.66,3408.24,3324.6,3252.32,3189.53,3134.72,3086.7,3044.5,3007.33,2974.54,2945.59,2920.02,2897.46,2877.57,2860.08,2844.75,2831.37,2819.77,2809.78,2801.27,2794.12,2788.21,2783.46,2779.77,2777.06,2775.28,2774.35,2774.22,2774.83,2776.15,2778.12,2780.71,2783.87,2787.59,2791.82,2796.54,2801.72,2807.34,2813.36,2819.79,2826.58,2833.72,2841.2,2849,2857.1,2865.49,2874.15,2883.07,2892.24,2901.65,2911.28,2921.12,2931.17,2941.41,2951.84,2962.44,2973.21,2984.13,2995.21,3006.43,3017.79,3029.28,3040.88,3052.61,3064.44,3076.38,3088.41,3100.54,3112.76,3125.05,3137.43,3149.87,3162.39,3174.96,3187.6,3200.29,3213.03,3225.81,3238.64,3251.51,3264.41,3277.34,3290.31
4618.78,4797.44,5023.24,5312.16,5676.46,6094.49,6452.37,6558.13,6335.49,5911.96,5448.1,5027.37,4672.39,4380.12,4140.39,3942.82,3778.68,3641.09,3524.72,3425.52,3340.33,3266.72,3202.76,3146.93,3098.01,3055.01,3017.13,2983.71,2954.19,2928.11,2905.09,2884.78,2866.91,2851.23,2837.53,2825.64,2815.38,2806.62,2799.23,2793.11,2788.16,2784.28,2781.4,2779.45,2778.37,2778.09,2778.57,2779.76,2781.61,2784.08,2787.14,2790.75,2794.89,2799.51,2804.61,2810.14,2816.09,2822.43,2829.15,2836.23,2843.64,2851.38,2859.41,2867.74,2876.35,2885.22,2894.34,2903.69,2913.28,2923.07,2933.08,2943.28,2953.66,2964.22,2974.95,2985.84,2996.88,3008.07,3019.39,3030.84,3042.42,3054.12,3065.92,3077.83,3089.84,3101.94,3114.13,3126.4,3138.75,3151.17,3163.66,3176.21,3188.82,3201.49,3214.21,3226.98,3239.78,3252.63,3265.51,3278.43,3291.37
4602.19,4775.26,4992.57,5268.5,5613.96,6010.63,6360.37,6489.45,6309.82,5921.05,5475.05,5060.46,4705.85,4411.57,4169.09,3968.72,3801.98,3662.07,3543.69,3442.73,3356.01,3281.07,3215.95,3159.1,3109.29,3065.5,3026.92,2992.87,2962.78,2936.19,2912.71,2891.98,2873.73,2857.7,2843.69,2831.5,2820.97,2811.96,2804.34,2798,2792.85,2788.78,2785.73,2783.62,2782.38,2781.96,2782.3,2783.36,2785.09,2787.45,2790.4,2793.91,2797.95,2802.48,2807.49,2812.94,2818.81,2825.08,2831.72,2838.73,2846.08,2853.75,2861.72,2870,2878.55,2887.36,2896.43,2905.73,2915.27,2925.02,2934.98,2945.14,2955.48,2966,2976.69,2987.54,2998.55,3009.7,3020.99,3032.41,3043.96,3055.62,3067.39,3079.27,3091.25,3103.33,3115.49,3127.74,3140.06,3152.46,3164.93,3177.46,3190.05,3202.69,3215.39,3228.14,3240.92,3253.75,3266.62,3279.51,3292.44
4586.05,4753.8,4963.15,5227.02,5555.13,5931.87,6272.35,6419.93,6279.42,5925.13,5498.34,5091.23,4737.87,4442.13,4197.23,3994.25,3825.04,3682.89,3562.53,3459.85,3371.63,3295.38,3229.11,3171.25,3120.54,3075.97,3036.68,3002,2971.35,2944.26,2920.31,2899.17,2880.53,2864.16,2849.83,2837.34,2826.55,2817.29,2809.44,2802.88,2797.53,2793.28,2790.05,2787.77,2786.38,2785.82,2786.03,2786.96,2788.57,2790.81,2793.66,2797.07,2801.01,2805.45,2810.36,2815.73,2821.52,2827.71,2834.29,2841.22,2848.5,2856.11,2864.03,2872.24,2880.74,2889.5,2898.51,2907.77,2917.26,2926.96,2936.88,2946.99,2957.29,2967.78,2978.43,2989.24,3000.21,3011.33,3022.59,3033.97,3045.49,3057.12,3068.87,3080.72,3092.67,3104.72,3116.85,3129.07,3141.37,3153.75,3166.19,3178.7,3191.27,3203.89,3216.57,3229.29,3242.06,3254.87,3267.72,3280.59,3293.5
4570.33,4733.04,4934.89,5187.54,5499.64,5857.79,6188.28,6350.26,6244.98,5924.47,5518,5119.6,4768.39,4471.76,4224.78,4019.4,3847.83,3703.53,3581.25,3476.88,3387.18,3309.63,3242.22,3183.36,3131.77,3086.41,3046.43,3011.12,2979.91,2952.31,2927.9,2906.34,2887.33,2870.61,2855.96,2843.18,2832.11,2822.6,2814.52,2807.76,2802.2,2797.76,2794.36,2791.92,2790.38,2789.67,2789.74,2790.55,2792.04,2794.17,2796.91,2800.21,2804.06,2808.41,2813.23,2818.52,2824.23,2830.34,2836.85,2843.71,2850.93,2858.47,2866.33,2874.49,2882.92,2891.63,2900.59,2909.8,2919.24,2928.9,2938.77,2948.84,2959.1,2969.55,2980.16,2990.94,3001.87,3012.96,3024.18,3035.53,3047.02,3058.62,3070.33,3082.16,3094.08,3106.1,3118.21,3130.41,3142.68,3155.03,3167.45,3179.94,3192.48,3205.09,3217.74,3230.45,3243.2,3255.99,3268.81,3281.67,3294.56
4555.02,4712.92,4907.72,5149.91,5447.21,5788.01,6108.09,6280.98,6207.15,5919.37,5534.04,5145.51,4797.33,4500.38,4251.68,4044.12,3870.34,3723.97,3599.83,3493.8,3402.65,3323.82,3255.29,3195.44,3142.97,3096.82,3056.14,3020.22,2988.45,2960.34,2935.48,2913.5,2894.11,2877.04,2862.08,2849.01,2837.67,2827.91,2819.6,2812.62,2806.86,2802.24,2798.67,2796.06,2794.37,2793.52,2793.45,2794.13,2795.5,2797.52,2800.15,2803.35,2807.1,2811.36,2816.1,2821.3,2826.93,2832.97,2839.4,2846.2,2853.35,2860.83,2868.63,2876.72,2885.11,2893.76,2902.67,2911.83,2921.22,2930.84,2940.66,2950.69,2960.91,2971.31,2981.89,2992.63,3003.53,3014.58,3025.77,3037.09,3048.54,3060.11,3071.8,3083.59,3095.49,3107.48,3119.57,3131.74,3143.99,3156.32,3168.71,3181.17,3193.7,3206.28,3218.92,3231.6,3244.33,3257.1,3269.91,3282.75,3295.62
4540.1,4693.43,4881.56,5113.99,5397.57,5722.18,6031.66,6212.54,6166.55,5910.16,5546.54,5168.92,4824.64,4527.95,4277.9,4068.39,3892.54,3744.2,3618.25,3510.61,3418.03,3337.94,3268.3,3207.46,3154.12,3107.21,3065.84,3029.29,2996.96,2968.35,2943.03,2920.65,2900.88,2883.47,2868.18,2854.82,2843.22,2833.21,2824.67,2817.47,2811.52,2806.71,2802.96,2800.2,2798.35,2797.35,2797.16,2797.71,2798.95,2800.86,2803.38,2806.48,2810.13,2814.3,2818.96,2824.07,2829.62,2835.59,2841.95,2848.68,2855.76,2863.18,2870.92,2878.96,2887.28,2895.88,2904.74,2913.85,2923.2,2932.77,2942.55,2952.53,2962.71,2973.08,2983.62,2994.32,3005.18,3016.2,3027.35,3038.64,3050.06,3061.6,3073.26,3085.03,3096.9,3108.86,3120.92,3133.07,3145.29,3157.6,3169.97,3182.41,3194.91,3207.47,3220.09,3232.75,3245.46,3258.21,3271,3283.82,3296.68
4525.55,4674.52,4856.36,5079.65,5350.5,5660,5958.85,6145.28,6123.74,5897.17,5555.59,5189.81,4850.25,4554.41,4303.38,4092.16,3914.41,3764.19,3636.51,3527.3,3433.32,3351.99,3281.25,3219.44,3165.24,3117.56,3075.5,3038.34,3005.46,2976.35,2950.58,2927.77,2907.63,2889.87,2874.27,2860.62,2848.75,2838.5,2829.73,2822.32,2816.16,2811.17,2807.25,2804.32,2802.32,2801.18,2800.85,2801.27,2802.4,2804.19,2806.61,2809.61,2813.16,2817.24,2821.81,2826.84,2832.31,2838.21,2844.49,2851.15,2858.17,2865.53,2873.2,2881.18,2889.45,2898,2906.81,2915.87,2925.17,2934.69,2944.43,2954.37,2964.51,2974.84,2985.34,2996,3006.83,3017.81,3028.93,3040.19,3051.58,3063.09,3074.72,3086.46,3098.3,3110.24,3122.27,3134.39,3146.59,3158.87,3171.22,3183.64,3196.12,3208.66,3221.25,3233.9,3246.59,3259.32,3272.09,3284.9,3297.73
4511.35,4656.16,4832.05,5046.77,5305.78,5601.16,5889.5,6079.46,6079.25,5880.78,5561.3,5208.17,4874.12,4579.72,4328.1,4115.42,3935.91,3783.93,3654.58,3543.85,3448.5,3365.96,3294.14,3231.37,3176.32,3127.87,3085.13,3047.36,3013.93,2984.32,2958.1,2934.88,2914.37,2896.27,2880.35,2866.41,2854.27,2843.77,2834.77,2827.15,2820.8,2815.62,2811.52,2808.44,2806.28,2805,2804.54,2804.83,2805.84,2807.52,2809.83,2812.73,2816.19,2820.17,2824.65,2829.6,2835,2840.81,2847.03,2853.62,2860.57,2867.87,2875.48,2883.41,2891.62,2900.12,2908.88,2917.89,2927.14,2936.61,2946.31,2956.21,2966.31,2976.59,2987.05,2997.69,3008.48,3019.42,3030.51,3041.74,3053.1,3064.58,3076.18,3087.89,3099.7,3111.61,3123.62,3135.71,3147.89,3160.15,3172.47,3184.87,3197.33,3209.85,3222.42,3235.04,3247.71,3260.43,3273.18,3285.97,3298.78
4497.5,4638.34,4808.58,5015.26,5263.23,5545.42,5823.44,6015.28,6033.53,5861.34,5563.83,5224.01,4896.23,4603.83,4352.02,4138.14,3957.04,3803.39,3672.45,3560.25,3463.58,3379.84,3306.96,3243.25,3187.35,3138.15,3094.73,3056.35,3022.37,2992.27,2965.6,2941.98,2921.08,2902.64,2886.41,2872.19,2859.78,2849.03,2839.8,2831.97,2825.42,2820.06,2815.79,2812.54,2810.24,2808.82,2808.22,2808.39,2809.28,2810.84,2813.04,2815.84,2819.2,2823.1,2827.49,2832.36,2837.68,2843.42,2849.56,2856.09,2862.97,2870.2,2877.76,2885.62,2893.78,2902.23,2910.93,2919.9,2929.1,2938.53,2948.18,2958.04,2968.1,2978.34,2988.77,2999.36,3010.12,3021.03,3032.09,3043.28,3054.61,3066.06,3077.63,3089.31,3101.1,3112.98,3124.96,3137.03,3149.19,3161.42,3173.72,3186.1,3198.53,3211.03,3223.58,3236.19,3248.84,3261.53,3274.26,3287.03,3299.83
4483.97,4621.01,4785.9,4985.03,5222.68,5492.53,5760.49,5952.86,5987,5839.2,5563.34,5237.36,4916.53,4626.7,4375.09,4160.27,3977.77,3822.57,3690.11,3576.5,3478.53,3393.63,3319.7,3255.06,3198.33,3148.38,3104.29,3065.31,3030.79,3000.19,2973.07,2949.05,2927.78,2909,2892.46,2877.95,2865.27,2854.28,2844.83,2836.78,2830.04,2824.49,2820.05,2816.64,2814.18,2812.62,2811.89,2811.93,2812.7,2814.15,2816.25,2818.95,2822.21,2826.02,2830.32,2835.11,2840.35,2846.01,2852.09,2858.54,2865.36,2872.53,2880.03,2887.84,2895.94,2904.33,2912.99,2921.9,2931.06,2940.44,2950.05,2959.87,2969.89,2980.09,2990.48,3001.04,3011.76,3022.63,3033.66,3044.82,3056.12,3067.54,3079.08,3090.73,3102.49,3114.35,3126.31,3138.35,3150.48,3162.69,3174.97,3187.32,3199.73,3212.21,3224.74,3237.33,3249.96,3262.63,3275.35,3288.1,3300.88
4470.76,4604.16,4763.97,4955.98,5184,5442.29,5700.49,5892.31,5940,5814.72,5560,5248.28,4935.03,4648.31,4397.29,4181.8,3998.07,3841.45,3707.55,3592.58,3493.36,3407.32,3332.37,3266.81,3209.25,3158.57,3113.82,3074.24,3039.18,3008.09,2980.53,2956.1,2934.47,2915.35,2898.49,2883.69,2870.76,2859.52,2849.84,2841.58,2834.64,2828.91,2824.3,2820.72,2818.12,2816.41,2815.55,2815.46,2816.12,2817.46,2819.45,2822.05,2825.22,2828.93,2833.15,2837.85,2843.01,2848.61,2854.61,2860.99,2867.75,2874.86,2882.29,2890.04,2898.09,2906.43,2915.04,2923.9,2933.01,2942.35,2951.92,2961.69,2971.67,2981.84,2992.18,3002.71,3013.39,3024.23,3035.23,3046.36,3057.62,3069.01,3080.52,3092.15,3103.88,3115.72,3127.64,3139.66,3151.77,3163.95,3176.21,3188.54,3200.93,3213.39,3225.9,3238.46,3251.07,3263.73,3276.43,3289.16,3301.93
4457.85,4587.77,4742.75,4928.04,5147.03,5394.49,5643.27,5833.66,5892.84,5788.22,5554,5256.81,4951.71,4668.62,4418.59,4202.7,4017.92,3860.01,3724.76,3608.48,3508.05,3420.9,3344.95,3278.49,3220.12,3168.71,3123.3,3083.13,3047.53,3015.96,2987.96,2963.13,2941.13,2921.67,2904.51,2889.42,2876.22,2864.74,2854.83,2846.37,2839.23,2833.31,2828.53,2824.8,2822.04,2820.2,2819.2,2818.99,2819.53,2820.76,2822.64,2825.14,2828.21,2831.83,2835.97,2840.59,2845.67,2851.19,2857.12,2863.44,2870.13,2877.17,2884.55,2892.25,2900.24,2908.53,2917.08,2925.9,2934.96,2944.26,2953.78,2963.51,2973.45,2983.57,2993.89,3004.37,3015.02,3025.83,3036.79,3047.89,3059.12,3070.48,3081.97,3093.56,3105.27,3117.08,3128.98,3140.97,3153.06,3165.22,3177.45,3189.76,3202.13,3214.56,3227.05,3239.6,3252.19,3264.83,3277.51,3290.22,3302.97
4445.23,4571.81,4722.19,4901.15,5111.67,5348.96,5588.67,5776.93,5845.78,5760.01,5545.54,5263.04,4966.58,4687.62,4438.96,4222.95,4037.31,3878.23,3741.72,3624.19,3522.59,3434.37,3357.44,3290.09,3230.93,3178.8,3132.74,3091.98,3055.86,3023.81,2995.36,2970.13,2947.77,2927.98,2910.51,2895.14,2881.67,2869.95,2859.81,2851.14,2843.81,2837.71,2832.76,2828.87,2825.96,2823.97,2822.84,2822.51,2822.93,2824.04,2825.82,2828.22,2831.2,2834.73,2838.78,2843.32,2848.33,2853.77,2859.63,2865.88,2872.51,2879.49,2886.81,2894.44,2902.39,2910.62,2919.12,2927.89,2936.9,2946.16,2955.63,2965.33,2975.22,2985.31,2995.58,3006.03,3016.65,3027.42,3038.35,3049.42,3060.62,3071.95,3083.41,3094.98,3106.65,3118.43,3130.31,3142.28,3154.34,3166.48,3178.69,3190.97,3203.32,3215.74,3228.21,3240.73,3253.3,3265.92,3278.58,3291.28,3304.01
4432.89,4556.27,4702.27,4875.23,5077.79,5305.53,5536.54,5722.13,5799.02,5730.38,5534.83,5267.04,4979.65,4705.29,4458.38,4242.52,4056.22,3896.09,3758.41,3639.71,3536.99,3447.72,3369.84,3301.62,3241.67,3188.83,3142.14,3100.8,3064.15,3031.62,3002.74,2977.11,2954.38,2934.26,2916.48,2900.83,2887.11,2875.14,2864.78,2855.9,2848.37,2842.09,2836.97,2832.92,2829.87,2827.74,2826.48,2826.02,2826.32,2827.33,2829,2831.3,2834.18,2837.62,2841.59,2846.05,2850.97,2856.34,2862.13,2868.32,2874.88,2881.8,2889.05,2896.64,2904.52,2912.7,2921.16,2929.87,2938.84,2948.05,2957.49,2967.14,2976.99,2987.04,2997.28,3007.69,3018.27,3029.01,3039.91,3050.94,3062.12,3073.42,3084.84,3096.38,3108.03,3119.79,3131.64,3143.59,3155.62,3167.73,3179.92,3192.19,3204.52,3216.91,3229.36,3241.86,3254.41,3267.01,3279.66,3292.34,3305.05
4420.81,4541.12,4682.94,4850.23,5045.31,5264.07,5486.73,5669.23,5752.75,5699.61,5522.05,5268.92,4990.96,4721.62,4476.83,4261.4,4074.62,3913.59,3774.84,3655.03,3551.22,3460.95,3382.13,3313.07,3252.35,3198.81,3151.49,3109.57,3072.4,3039.4,3010.09,2984.07,2960.98,2940.52,2922.44,2906.51,2892.53,2880.32,2869.74,2860.65,2852.92,2846.47,2841.17,2836.97,2833.76,2831.5,2830.1,2829.52,2829.7,2830.6,2832.17,2834.36,2837.16,2840.51,2844.39,2848.76,2853.61,2858.91,2864.63,2870.74,2877.24,2884.1,2891.3,2898.82,2906.65,2914.78,2923.19,2931.86,2940.78,2949.94,2959.33,2968.94,2978.76,2988.77,2998.97,3009.35,3019.89,3030.6,3041.46,3052.46,3063.61,3074.88,3086.28,3097.79,3109.41,3121.14,3132.97,3144.89,3156.9,3168.99,3181.16,3193.4,3205.7,3218.07,3230.5,3242.99,3255.52,3268.1,3280.73,3293.39,3306.09
4408.99,4526.35,4664.19,4826.1,5014.12,5224.43,5439.11,5618.2,5707.11,5667.92,5507.42,5268.77,5000.52,4736.61,4494.28,4279.55,4092.5,3930.71,3790.98,3670.12,3565.29,3474.04,3394.33,3324.43,3262.96,3208.73,3160.78,3118.31,3080.62,3047.15,3017.41,2991,2967.55,2946.77,2928.38,2912.17,2897.93,2885.48,2874.68,2865.38,2857.46,2850.83,2845.37,2841,2837.65,2835.24,2833.71,2833.01,2833.08,2833.86,2835.32,2837.42,2840.12,2843.38,2847.18,2851.47,2856.25,2861.47,2867.12,2873.17,2879.6,2886.4,2893.54,2901,2908.78,2916.86,2925.21,2933.83,2942.71,2951.83,2961.18,2970.74,2980.52,2990.49,3000.66,3011,3021.51,3032.18,3043.01,3053.98,3065.09,3076.34,3087.71,3099.19,3110.79,3122.49,3134.29,3146.19,3158.17,3170.24,3182.39,3194.6,3206.89,3219.24,3231.65,3244.11,3256.63,3269.19,3281.8,3294.44,3307.12
4397.42,4511.95,4645.98,4802.79,4984.15,5186.49,5393.54,5568.98,5662.22,5635.55,5491.12,5266.72,5008.39,4750.25,4510.74,4296.98,4109.85,3947.43,3806.82,3684.99,3579.19,3487,3406.41,3335.71,3273.49,3218.59,3170.03,3126.99,3088.8,3054.86,3024.7,2997.9,2974.1,2952.99,2934.3,2917.81,2903.31,2890.63,2879.6,2870.1,2861.99,2855.17,2849.55,2845.02,2841.52,2838.98,2837.32,2836.49,2836.44,2837.12,2838.48,2840.48,2843.08,2846.25,2849.96,2854.18,2858.87,2864.02,2869.6,2875.58,2881.95,2888.69,2895.77,2903.18,2910.9,2918.93,2927.23,2935.81,2944.64,2953.71,2963.02,2972.54,2982.28,2992.21,3002.34,3012.64,3023.12,3033.76,3044.56,3055.5,3066.58,3077.79,3089.13,3100.59,3112.16,3123.84,3135.61,3147.48,3159.44,3171.49,3183.61,3195.81,3208.07,3220.4,3232.79,3245.24,3257.73,3270.28,3282.86,3295.49,3308.15
4386.09,4497.89,4628.28,4780.24,4955.32,5150.15,5349.9,5521.54,5618.16,5602.69,5473.35,5262.86,5014.6,4762.57,4526.2,4313.66,4126.65,3963.75,3822.36,3699.63,3592.9,3499.82,3418.37,3346.89,3283.95,3228.38,3179.22,3135.63,3096.93,3062.54,3031.96,3004.77,2980.62,2959.18,2940.2,2923.43,2908.68,2895.76,2884.51,2874.8,2866.5,2859.51,2853.71,2849.03,2845.39,2842.7,2840.91,2839.96,2839.8,2840.36,2841.62,2843.52,2846.03,2849.11,2852.74,2856.88,2861.49,2866.57,2872.08,2877.99,2884.3,2890.97,2897.99,2905.35,2913.02,2920.99,2929.25,2937.77,2946.56,2955.59,2964.85,2974.33,2984.03,2993.93,3004.02,3014.29,3024.73,3035.33,3046.1,3057.01,3068.06,3079.24,3090.55,3101.98,3113.53,3125.18,3136.93,3148.78,3160.71,3172.74,3184.84,3197.01,3209.25,3221.56,3233.93,3246.36,3258.83,3271.36,3283.93,3296.54,3309.18
4374.99,4484.16,4611.07,4758.42,4927.55,5115.29,5308.08,5475.8,5575.01,5569.51,5454.28,5257.33,5019.22,4773.57,4540.63,4329.58,4142.88,3979.64,3837.57,3714.02,3606.42,3512.48,3430.22,3357.97,3294.32,3238.11,3188.35,3144.22,3105.03,3070.18,3039.19,3011.62,2987.11,2965.36,2946.07,2929.03,2914.02,2900.87,2889.4,2879.49,2871,2863.83,2857.87,2853.03,2849.24,2846.42,2844.5,2843.43,2843.14,2843.6,2844.75,2846.56,2848.97,2851.97,2855.51,2859.56,2864.11,2869.11,2874.55,2880.4,2886.64,2893.25,2900.22,2907.52,2915.13,2923.05,2931.26,2939.74,2948.47,2957.46,2966.68,2976.12,2985.78,2995.64,3005.69,3015.92,3026.33,3036.91,3047.64,3058.52,3069.54,3080.69,3091.97,3103.38,3114.89,3126.52,3138.25,3150.07,3161.98,3173.98,3186.06,3198.21,3210.43,3222.72,3235.07,3247.47,3259.93,3272.44,3284.99,3297.58,3310.21
4364.11,4470.76,4594.33,4737.29,4900.79,5081.83,5267.98,5431.71,5532.81,5536.16,5434.08,5250.23,5022.3,4783.28,4554.05,4344.72,4158.53,3995.1,3852.46,3728.17,3619.75,3524.99,3441.94,3368.95,3304.61,3247.77,3197.42,3152.76,3113.07,3077.78,3046.38,3018.43,2993.58,2971.5,2951.93,2934.61,2919.35,2905.96,2894.28,2884.16,2875.49,2868.14,2862.01,2857.02,2853.08,2850.12,2848.07,2846.88,2846.48,2846.83,2847.88,2849.58,2851.91,2854.81,2858.27,2862.25,2866.71,2871.64,2877.01,2882.8,2888.97,2895.52,2902.43,2909.67,2917.24,2925.11,2933.26,2941.69,2950.39,2959.33,2968.51,2977.91,2987.53,2997.35,3007.36,3017.56,3027.93,3038.47,3049.17,3060.02,3071.01,3082.14,3093.39,3104.77,3116.26,3127.86,3139.56,3151.35,3163.24,3175.22,3187.27,3199.41,3211.61,3223.87,3236.2,3248.59,3261.03,3273.52,3286.05,3298.62,3311.23
4353.45,4457.66,4578.04,4716.82,4874.98,5049.68,5229.48,5389.21,5491.61,5502.79,5412.92,5241.69,5023.9,4791.71,4566.46,4359.1,4173.6,4010.11,3867.01,3742.05,3632.88,3537.34,3453.54,3379.82,3314.82,3257.35,3206.43,3161.24,3121.08,3085.34,3053.53,3025.21,3000.02,2977.62,2957.76,2940.17,2924.66,2911.04,2899.14,2888.82,2879.96,2872.43,2866.14,2860.99,2856.91,2853.81,2851.64,2850.32,2849.81,2850.05,2850.99,2852.6,2854.83,2857.65,2861.03,2864.92,2869.31,2874.17,2879.47,2885.19,2891.3,2897.79,2904.64,2911.83,2919.34,2927.15,2935.26,2943.65,2952.29,2961.19,2970.33,2979.69,2989.27,2999.05,3009.03,3019.19,3029.53,3040.04,3050.7,3061.52,3072.48,3083.58,3094.8,3106.15,3117.62,3129.19,3140.86,3152.64,3164.5,3176.46,3188.49,3200.6,3212.78,3225.03,3237.34,3249.7,3262.12,3274.59,3287.11,3299.66,3312.26
4343,4444.86,4562.17,4696.96,4850.06,5018.75,5192.5,5348.23,5451.41,5469.49,5390.94,5231.83,5024.1,4798.89,4577.85,4372.69,4188.07,4024.68,3881.22,3755.66,3645.79,3549.53,3465,3390.59,3324.93,3266.86,3215.38,3169.67,3129.03,3092.86,3060.65,3031.96,3006.43,2983.72,2963.56,2945.71,2929.95,2916.1,2903.98,2893.46,2884.41,2876.71,2870.25,2864.95,2860.73,2857.49,2855.19,2853.75,2853.13,2853.26,2854.1,2855.61,2857.75,2860.48,2863.77,2867.59,2871.9,2876.69,2881.92,2887.57,2893.62,2900.05,2906.85,2913.98,2921.43,2929.2,2937.26,2945.59,2954.2,2963.05,2972.14,2981.46,2991,3000.75,3010.69,3020.82,3031.12,3041.6,3052.23,3063.02,3073.95,3085.02,3096.21,3107.53,3118.97,3130.52,3142.17,3153.92,3165.76,3177.69,3189.7,3201.79,3213.95,3226.18,3238.47,3250.81,3263.21,3275.66,3288.16,3300.7,3313.28
4332.74,4432.34,4546.71,4677.69,4825.98,4988.98,5156.96,5308.71,5412.25,5436.39,5368.27,5220.76,5022.96,4804.85,4588.25,4385.49,4201.94,4038.78,3895.07,3769,3658.49,3561.54,3476.32,3401.24,3334.95,3276.29,3224.26,3178.05,3136.94,3100.34,3067.73,3038.68,3012.81,2989.79,2969.34,2951.22,2935.22,2921.13,2908.81,2898.09,2888.85,2880.97,2874.36,2868.9,2864.53,2861.16,2858.73,2857.17,2856.43,2856.46,2857.2,2858.61,2860.66,2863.31,2866.51,2870.25,2874.49,2879.2,2884.36,2889.95,2895.94,2902.31,2909.04,2916.12,2923.52,2931.24,2939.25,2947.54,2956.09,2964.9,2973.95,2983.23,2992.73,3002.44,3012.35,3022.44,3032.71,3043.15,3053.75,3064.51,3075.41,3086.45,3097.62,3108.91,3120.32,3131.85,3143.47,3155.2,3167.02,3178.92,3190.91,3202.98,3215.12,3227.32,3239.59,3251.92,3264.3,3276.74,3289.21,3301.74,3314.29
4322.68,4420.09,4531.63,4658.98,4802.7,4960.3,5122.76,5270.59,5374.11,5403.55,5345.06,5208.6,5020.55,4809.64,4597.65,4397.51,4215.2,4052.41,3908.56,3782.06,3670.97,3573.37,3487.5,3411.78,3344.88,3285.64,3233.08,3186.36,3144.8,3107.77,3074.77,3045.36,3019.15,2995.83,2975.1,2956.72,2940.46,2926.15,2913.61,2902.7,2893.27,2885.22,2878.44,2872.84,2868.32,2864.82,2862.26,2860.59,2859.73,2859.65,2860.29,2861.61,2863.56,2866.12,2869.25,2872.9,2877.07,2881.71,2886.8,2892.32,2898.25,2904.56,2911.24,2918.26,2925.61,2933.27,2941.23,2949.47,2957.98,2966.75,2975.76,2985,2994.46,3004.13,3014,3024.06,3034.29,3044.7,3055.27,3066,3076.87,3087.88,3099.02,3110.29,3121.67,3133.17,3144.77,3156.47,3168.27,3180.15,3192.12,3204.16,3216.28,3228.47,3240.72,3253.03,3265.39,3277.8,3290.26,3302.77,3315.31
4312.81,4408.11,4516.93,4640.8,4780.17,4932.64,5089.84,5233.81,5336.99,5371.05,5321.4,5195.45,5016.96,4813.28,4606.08,4408.74,4227.84,4065.56,3921.68,3794.83,3683.22,3585.03,3498.53,3422.2,3354.7,3294.9,3241.82,3194.62,3152.6,3115.16,3081.77,3052,3025.47,3001.84,2980.83,2962.18,2945.69,2931.15,2918.4,2907.29,2897.68,2889.46,2882.52,2876.76,2872.1,2868.47,2865.78,2863.99,2863.02,2862.83,2863.37,2864.59,2866.46,2868.93,2871.97,2875.55,2879.64,2884.21,2889.23,2894.69,2900.55,2906.8,2913.42,2920.39,2927.69,2935.3,2943.21,2951.41,2959.87,2968.6,2977.56,2986.76,2996.19,3005.82,3015.65,3025.67,3035.88,3046.25,3056.79,3067.48,3078.33,3089.31,3100.42,3111.66,3123.02,3134.49,3146.07,3157.74,3169.52,3181.38,3193.32,3205.35,3217.44,3229.61,3241.84,3254.13,3266.47,3278.87,3291.31,3303.8,3316.32
4303.12,4396.38,4502.59,4623.13,4758.35,4905.95,5058.13,5198.3,5300.9,5338.95,5297.41,5181.41,5012.24,4815.83,4613.55,4419.2,4239.87,4078.23,3934.42,3807.3,3695.24,3596.49,3509.41,3432.49,3364.43,3304.08,3250.49,3202.81,3160.35,3122.5,3088.73,3058.61,3031.75,3007.82,2986.53,2967.63,2950.89,2936.13,2923.17,2911.86,2902.07,2893.68,2886.58,2880.67,2875.87,2872.1,2869.29,2867.38,2866.3,2866,2866.44,2867.57,2869.34,2871.73,2874.68,2878.19,2882.2,2886.7,2891.66,2897.05,2902.85,2909.04,2915.6,2922.51,2929.76,2937.32,2945.18,2953.33,2961.76,2970.44,2979.36,2988.52,2997.9,3007.5,3017.29,3027.28,3037.45,3047.8,3058.3,3068.97,3079.78,3090.73,3101.82,3113.03,3124.36,3135.81,3147.36,3159.01,3170.76,3182.6,3194.52,3206.53,3218.6,3230.75,3242.96,3255.23,3267.55,3279.93,3292.36,3304.83,3317.34
4293.61,4384.9,4488.59,4605.94,4737.2,4880.17,5027.55,5164.02,5265.8,5307.31,5273.18,5166.6,5006.49,4817.31,4620.09,4428.87,4251.27,4090.42,3946.78,3819.47,3707.01,3607.77,3520.14,3442.66,3374.04,3313.17,3259.08,3210.94,3168.04,3129.79,3095.65,3065.18,3038,3013.77,2992.2,2973.04,2956.07,2941.08,2927.92,2916.42,2906.45,2897.88,2890.62,2884.57,2879.63,2875.72,2872.79,2870.75,2869.56,2869.16,2869.5,2870.53,2872.22,2874.51,2877.39,2880.82,2884.76,2889.19,2894.07,2899.4,2905.14,2911.27,2917.78,2924.63,2931.83,2939.34,2947.15,2955.26,2963.63,2972.27,2981.15,2990.27,2999.62,3009.18,3018.94,3028.89,3039.02,3049.34,3059.81,3070.44,3081.23,3092.15,3103.21,3114.4,3125.7,3137.12,3148.65,3160.28,3172.01,3183.82,3195.72,3207.7,3219.76,3231.88,3244.07,3256.33,3268.63,3280.99,3293.4,3305.85,3318.34
4284.26,4373.64,4474.92,4589.21,4716.7,4855.25,4998.06,5130.9,5231.68,5276.14,5248.8,5151.09,4999.77,4817.79,4625.71,4437.78,4262.06,4102.11,3958.75,3831.34,3718.55,3618.85,3530.7,3452.69,3383.55,3322.17,3267.6,3219,3175.68,3137.03,3102.52,3071.71,3044.22,3019.69,2997.85,2978.44,2961.22,2946.02,2932.65,2920.95,2910.8,2902.07,2894.65,2888.45,2883.37,2879.33,2876.27,2874.12,2872.82,2872.31,2872.55,2873.49,2875.08,2877.3,2880.09,2883.44,2887.31,2891.66,2896.48,2901.75,2907.42,2913.5,2919.94,2926.75,2933.89,2941.35,2949.12,2957.17,2965.51,2974.1,2982.94,2992.02,3001.33,3010.85,3020.57,3030.49,3040.59,3050.87,3061.32,3071.92,3082.67,3093.57,3104.6,3115.76,3127.04,3138.43,3149.94,3161.54,3173.25,3185.04,3196.92,3208.88,3220.91,3233.02,3245.19,3257.42,3269.71,3282.05,3294.44,3306.88,3319.35
4275.08,4362.62,4461.56,4572.93,4696.81,4831.15,4969.58,5098.89,5198.53,5245.5,5224.33,5134.99,4992.15,4817.3,4630.43,4445.93,4272.23,4113.31,3970.34,3842.89,3729.84,3629.73,3541.11,3462.6,3392.95,3331.08,3276.04,3227,3183.26,3144.22,3109.35,3078.21,3050.39,3025.58,3003.47,2983.8,2966.36,2950.93,2937.36,2925.47,2915.14,2906.24,2898.67,2892.31,2887.09,2882.93,2879.75,2877.48,2876.07,2875.45,2875.59,2876.44,2877.94,2880.07,2882.78,2886.05,2889.85,2894.13,2898.89,2904.09,2909.7,2915.72,2922.11,2928.86,2935.95,2943.36,2951.08,2959.09,2967.37,2975.92,2984.73,2993.77,3003.03,3012.52,3022.21,3032.09,3042.16,3052.4,3062.82,3073.39,3084.11,3094.98,3105.98,3117.12,3128.37,3139.74,3151.22,3162.8,3174.48,3186.25,3198.11,3210.05,3222.06,3234.15,3246.3,3258.51,3270.78,3283.11,3295.48,3307.9,3320.36
4266.07,4351.82,4448.51,4557.06,4677.5,4807.83,4942.07,5067.95,5166.31,5215.41,5199.86,5118.36,4983.71,4815.89,4634.3,4453.33,4281.78,4124.02,3981.52,3854.13,3740.87,3640.41,3551.35,3472.36,3402.24,3339.89,3284.39,3234.92,3190.78,3151.36,3116.13,3084.66,3056.54,3031.44,3009.06,2989.14,2971.46,2955.82,2942.04,2929.97,2919.46,2910.4,2902.67,2896.17,2890.81,2886.51,2883.21,2880.82,2879.3,2878.58,2878.62,2879.37,2880.79,2882.83,2885.47,2888.66,2892.38,2896.6,2901.28,2906.42,2911.97,2917.93,2924.26,2930.96,2938,2945.36,2953.03,2960.99,2969.24,2977.74,2986.5,2995.51,3004.73,3014.18,3023.83,3033.68,3043.72,3053.93,3064.31,3074.86,3085.55,3096.39,3107.37,3118.47,3129.7,3141.05,3152.5,3164.06,3175.72,3187.46,3199.3,3211.22,3223.21,3235.28,3247.41,3259.6,3271.85,3284.16,3296.52,3308.92,3321.36
4257.2,4341.22,4435.75,4541.6,4658.74,4785.24,4915.48,5038.02,5135.01,5185.87,5175.44,5101.3,4974.51,4813.62,4637.32,4459.99,4290.72,4134.22,3992.31,3865.06,3751.65,3650.87,3561.42,3481.99,3411.4,3348.61,3292.67,3242.78,3198.24,3158.44,3122.87,3091.07,3062.64,3037.26,3014.62,2994.46,2976.55,2960.69,2946.71,2934.45,2923.77,2914.54,2906.65,2900,2894.51,2890.08,2886.66,2884.16,2882.52,2881.7,2881.65,2882.3,2883.63,2885.59,2888.14,2891.26,2894.91,2899.05,2903.67,2908.74,2914.24,2920.13,2926.41,2933.05,2940.04,2947.35,2954.98,2962.89,2971.09,2979.56,2988.28,2997.24,3006.43,3015.84,3025.46,3035.27,3045.28,3055.46,3065.81,3076.32,3086.99,3097.8,3108.75,3119.82,3131.03,3142.35,3153.78,3165.31,3176.95,3188.67,3200.49,3212.38,3224.36,3236.4,3248.51,3260.69,3272.92,3285.21,3297.55,3309.93,3322.36
4248.49,4330.84,4423.27,4526.52,4640.5,4763.35,4889.75,5009.06,5104.6,5156.92,5151.11,5083.86,4964.62,4810.52,4639.53,4465.94,4299.05,4143.93,4002.7,3875.66,3762.17,3661.13,3571.31,3491.47,3420.46,3357.22,3300.86,3250.56,3205.63,3165.47,3129.56,3097.43,3068.71,3043.05,3020.14,2999.74,2981.6,2965.54,2951.36,2938.91,2928.05,2918.66,2910.62,2903.83,2898.2,2893.64,2890.09,2887.48,2885.74,2884.81,2884.66,2885.22,2886.46,2888.33,2890.81,2893.85,2897.42,2901.5,2906.06,2911.06,2916.49,2922.33,2928.56,2935.14,2942.08,2949.34,2956.92,2964.79,2972.95,2981.37,2990.05,2998.97,3008.12,3017.5,3027.08,3036.86,3046.83,3056.98,3067.3,3077.78,3088.42,3099.2,3110.12,3121.17,3132.35,3143.65,3155.05,3166.56,3178.17,3189.88,3201.67,3213.55,3225.5,3237.52,3249.62,3261.77,3273.99,3286.26,3298.58,3310.95,3323.36
4239.92,4320.65,4411.06,4511.81,4622.77,4742.12,4864.86,4981.02,5075.05,5128.54,5126.93,5066.12,4954.1,4806.65,4640.97,4471.18,4306.78,4153.15,4012.68,3885.93,3772.42,3671.18,3581.04,3500.81,3429.38,3365.74,3308.96,3258.27,3212.96,3172.45,3136.2,3103.76,3074.74,3048.8,3025.64,3005,2986.64,2970.36,2955.98,2943.35,2932.32,2922.76,2914.57,2907.63,2901.87,2897.19,2893.51,2890.79,2888.94,2887.91,2887.66,2888.13,2889.28,2891.07,2893.47,2896.43,2899.93,2903.94,2908.43,2913.37,2918.75,2924.53,2930.69,2937.23,2944.11,2951.33,2958.85,2966.68,2974.79,2983.17,2991.81,3000.7,3009.81,3019.15,3028.69,3038.44,3048.38,3058.49,3068.78,3079.24,3089.84,3100.6,3111.49,3122.52,3133.67,3144.94,3156.32,3167.81,3179.4,3191.08,3202.85,3214.71,3226.64,3238.65,3250.72,3262.86,3275.05,3287.31,3299.61,3311.96,3324.35
4231.5,4310.65,4399.11,4497.46,4605.52,4721.52,4840.74,4953.87,5046.33,5100.76,5102.94,5048.14,4943.02,4802.05,4641.66,4475.73,4313.92,4161.87,4022.26,3895.88,3782.41,3681,3590.58,3510,3438.19,3374.15,3316.98,3265.9,3220.23,3179.36,3142.78,3110.04,3080.73,3054.52,3031.11,3010.22,2991.64,2975.16,2960.59,2947.77,2936.57,2926.85,2918.5,2911.43,2905.53,2900.72,2896.93,2894.08,2892.13,2891,2890.65,2891.03,2892.09,2893.8,2896.12,2899.01,2902.43,2906.37,2910.8,2915.68,2920.99,2926.71,2932.83,2939.31,2946.14,2953.3,2960.79,2968.57,2976.63,2984.97,2993.57,3002.42,3011.49,3020.79,3030.31,3040.02,3049.92,3060.01,3070.27,3080.69,3091.27,3101.99,3112.86,3123.86,3134.99,3146.23,3157.59,3169.06,3180.62,3192.28,3204.03,3215.86,3227.78,3239.76,3251.82,3263.94,3276.12,3288.35,3300.64,3312.97,3325.34
4223.21,4300.83,4387.41,4483.44,4588.72,4701.53,4817.38,4927.56,5018.43,5073.57,5079.17,5029.97,4931.42,4796.77,4641.63,4479.62,4320.48,4170.1,4031.44,3905.49,3792.13,3690.61,3599.94,3519.05,3446.87,3382.45,3324.9,3273.46,3227.43,3186.22,3149.32,3116.27,3086.68,3060.2,3036.54,3015.42,2996.62,2979.93,2965.17,2952.17,2940.8,2930.92,2922.42,2915.2,2909.17,2904.23,2900.32,2897.37,2895.3,2894.08,2893.63,2893.92,2894.89,2896.52,2898.76,2901.57,2904.93,2908.8,2913.16,2917.97,2923.23,2928.89,2934.95,2941.38,2948.16,2955.28,2962.71,2970.45,2978.47,2986.77,2995.33,3004.13,3013.17,3022.44,3031.91,3041.59,3051.46,3061.52,3071.74,3082.14,3092.69,3103.39,3114.23,3125.2,3136.3,3147.52,3158.86,3170.3,3181.84,3193.48,3205.21,3217.02,3228.91,3240.88,3252.91,3265.01,3277.17,3289.39,3301.66,3313.98,3326.33
4215.06,4291.2,4375.95,4469.75,4572.36,4682.1,4794.73,4902.05,4991.31,5046.97,5055.64,5011.66,4919.38,4790.86,4640.91,4482.85,4326.46,4177.85,4040.21,3914.78,3801.58,3700,3609.12,3527.94,3455.43,3390.65,3332.74,3280.93,3234.56,3193.02,3155.81,3122.46,3092.59,3065.85,3041.94,3020.59,3001.57,2984.68,2969.72,2956.55,2945.01,2934.97,2926.32,2918.96,2912.8,2907.74,2903.71,2900.64,2898.47,2897.14,2896.6,2896.8,2897.69,2899.23,2901.39,2904.13,2907.41,2911.22,2915.51,2920.27,2925.46,2931.07,2937.07,2943.45,2950.18,2957.24,2964.63,2972.32,2980.3,2988.56,2997.08,3005.84,3014.85,3024.07,3033.51,3043.16,3053,3063.02,3073.22,3083.58,3094.1,3104.77,3115.59,3126.54,3137.61,3148.81,3160.12,3171.54,3183.06,3194.67,3206.38,3218.17,3230.04,3241.99,3254.01,3266.09,3278.23,3290.43,3302.68,3314.98,3327.32
4207.04,4281.74,4364.72,4456.38,4556.42,4663.22,4772.75,4877.32,4964.94,5020.95,5032.39,4993.25,4906.94,4784.37,4639.55,4485.45,4331.88,4185.11,4048.58,3923.73,3810.75,3709.16,3618.12,3536.67,3463.85,3398.73,3340.48,3288.33,3241.62,3199.76,3162.24,3128.6,3098.46,3071.46,3047.3,3025.73,3006.5,2989.4,2974.26,2960.9,2949.2,2939,2930.21,2922.71,2916.41,2911.23,2907.08,2903.9,2901.62,2900.2,2899.56,2899.66,2900.47,2901.93,2904.01,2906.68,2909.89,2913.63,2917.86,2922.55,2927.68,2933.23,2939.18,2945.5,2952.19,2959.2,2966.55,2974.19,2982.13,2990.34,2998.82,3007.55,3016.51,3025.71,3035.11,3044.72,3054.53,3064.52,3074.69,3085.02,3095.52,3106.16,3116.95,3127.87,3138.92,3150.09,3161.38,3172.77,3184.27,3195.86,3207.55,3219.32,3231.17,3243.1,3255.1,3267.16,3279.28,3291.47,3303.7,3315.98,3328.31
4199.14,4272.45,4353.72,4443.3,4540.88,4644.86,4751.42,4853.32,4939.3,4995.51,5009.43,4974.8,4894.14,4777.33,4637.57,4487.45,4336.74,4191.9,4056.55,3932.35,3819.65,3718.09,3626.92,3545.25,3472.14,3406.71,3348.12,3295.65,3248.61,3206.44,3168.62,3134.7,3104.28,3077.03,3052.64,3030.84,3011.39,2994.1,2978.77,2965.24,2953.36,2943.02,2934.08,2926.44,2920.01,2914.7,2910.44,2907.15,2904.77,2903.24,2902.51,2902.52,2903.24,2904.62,2906.63,2909.22,2912.36,2916.03,2920.19,2924.82,2929.9,2935.39,2941.29,2947.56,2954.19,2961.16,2968.45,2976.06,2983.95,2992.12,3000.56,3009.25,3018.18,3027.33,3036.71,3046.29,3056.06,3066.02,3076.16,3086.46,3096.92,3107.54,3118.3,3129.2,3140.22,3151.37,3162.63,3174,3185.48,3197.05,3208.72,3220.47,3232.3,3244.21,3256.18,3268.23,3280.34,3292.5,3304.72,3316.98,3329.29
4191.37,4263.32,4342.94,4430.52,4525.72,4627,4730.71,4830.02,4914.37,4970.65,4986.78,4956.33,4881.04,4769.79,4635,4488.86,4341.07,4198.21,4064.13,3940.64,3828.28,3726.8,3635.54,3553.67,3480.3,3414.57,3355.67,3302.88,3255.53,3213.06,3174.94,3140.74,3110.07,3082.56,3057.93,3035.91,3016.26,2998.77,2983.25,2969.55,2957.51,2947.01,2937.93,2930.15,2923.59,2918.16,2913.78,2910.38,2907.9,2906.27,2905.44,2905.37,2906.01,2907.31,2909.23,2911.75,2914.82,2918.42,2922.52,2927.09,2932.11,2937.55,2943.39,2949.61,2956.19,2963.11,2970.36,2977.92,2985.77,2993.9,3002.3,3010.95,3019.84,3028.96,3038.3,3047.84,3057.58,3067.51,3077.62,3087.89,3098.33,3108.92,3119.65,3130.52,3141.52,3152.64,3163.88,3175.23,3186.69,3198.24,3209.88,3221.61,3233.42,3245.31,3257.27,3269.3,3281.39,3293.53,3305.73,3317.98,3330.27
4183.72,4254.35,4332.37,4418.02,4510.94,4609.62,4710.58,4807.4,4890.12,4946.35,4964.46,4937.88,4867.67,4761.79,4631.87,4489.7,4344.87,4204.07,4071.3,3948.6,3836.63,3735.27,3643.96,3561.93,3488.33,3422.32,3363.13,3310.03,3262.38,3219.61,3181.21,3146.74,3115.8,3088.06,3063.2,3040.95,3021.1,3003.41,2987.72,2973.84,2961.64,2950.99,2941.76,2933.85,2927.16,2921.61,2917.11,2913.6,2911.02,2909.29,2908.37,2908.21,2908.76,2909.98,2911.83,2914.27,2917.28,2920.81,2924.85,2929.35,2934.31,2939.69,2945.48,2951.65,2958.18,2965.05,2972.25,2979.77,2987.58,2995.67,3004.03,3012.64,3021.49,3030.58,3039.88,3049.39,3059.1,3069,3079.08,3089.32,3099.73,3110.29,3121,3131.84,3142.82,3153.92,3165.13,3176.46,3187.89,3199.42,3211.04,3222.75,3234.54,3246.41,3258.35,3270.36,3282.43,3294.56,3306.74,3318.98,3331.25
4176.18,4245.53,4322,4405.78,4496.5,4592.69,4691.02,4785.42,4866.52,4922.6,4942.47,4919.49,4854.08,4753.36,4628.22,4489.99,4348.16,4209.46,4078.09,3956.22,3844.7,3743.52,3652.2,3570.03,3496.22,3429.95,3370.48,3317.09,3269.15,3226.1,3187.42,3152.69,3121.5,3093.51,3068.42,3045.97,3025.91,3008.03,2992.15,2978.11,2965.75,2954.94,2945.57,2937.53,2930.71,2925.04,2920.43,2916.81,2914.12,2912.3,2911.29,2911.04,2911.5,2912.64,2914.42,2916.79,2919.72,2923.19,2927.16,2931.61,2936.51,2941.83,2947.57,2953.68,2960.16,2966.99,2974.15,2981.62,2989.38,2997.43,3005.75,3014.33,3023.14,3032.19,3041.46,3050.94,3060.62,3070.48,3080.53,3090.75,3101.13,3111.66,3122.34,3133.16,3144.11,3155.19,3166.38,3177.68,3189.09,3200.6,3212.2,3223.89,3235.66,3247.51,3259.43,3271.42,3283.48,3295.59,3307.75,3319.97,3332.23
4168.76,4236.86,4311.82,4393.81,4482.41,4576.19,4671.99,4764.05,4843.56,4899.4,4920.83,4901.16,4840.31,4744.55,4624.08,4489.77,4350.95,4214.41,4084.49,3963.52,3852.5,3751.53,3660.24,3577.96,3503.97,3437.47,3377.74,3324.07,3275.85,3232.52,3193.58,3158.58,3127.15,3098.92,3073.61,3050.94,3030.68,3012.62,2996.57,2982.35,2969.84,2958.88,2949.37,2941.19,2934.24,2928.45,2923.73,2920.01,2917.21,2915.29,2914.19,2913.85,2914.24,2915.3,2916.99,2919.29,2922.16,2925.56,2929.47,2933.85,2938.7,2943.97,2949.64,2955.71,2962.14,2968.92,2976.03,2983.46,2991.18,2999.19,3007.47,3016.01,3024.79,3033.8,3043.04,3052.48,3062.13,3071.97,3081.98,3092.17,3102.52,3113.03,3123.68,3134.48,3145.4,3156.45,3167.62,3178.9,3190.29,3201.77,3213.36,3225.02,3236.78,3248.61,3260.51,3272.48,3284.52,3296.61,3308.76,3320.96,3333.21
4161.45,4228.34,4301.84,4382.08,4468.64,4560.12,4653.48,4743.28,4821.21,4876.73,4899.54,4882.94,4826.38,4735.4,4619.48,4489.05,4353.25,4218.92,4090.5,3970.49,3860.02,3759.31,3668.08,3585.74,3511.58,3444.87,3384.89,3330.96,3282.48,3238.88,3199.68,3164.43,3132.75,3104.3,3078.77,3055.89,3035.43,3017.18,3000.95,2986.57,2973.9,2962.8,2953.14,2944.83,2937.76,2931.85,2927.02,2923.19,2920.29,2918.28,2917.08,2916.66,2916.96,2917.94,2919.56,2921.79,2924.59,2927.92,2931.77,2936.09,2940.88,2946.09,2951.72,2957.73,2964.11,2970.85,2977.91,2985.3,2992.98,3000.95,3009.19,3017.69,3026.43,3035.41,3044.61,3054.02,3063.64,3073.44,3083.43,3093.59,3103.91,3114.39,3125.02,3135.79,3146.69,3157.71,3168.86,3180.12,3191.48,3202.95,3214.51,3226.16,3237.89,3249.7,3261.58,3273.54,3285.56,3297.63,3309.76,3321.95,3334.18
4154.25,4219.96,4292.04,4370.59,4455.18,4544.44,4635.46,4723.08,4799.44,4854.58,4878.6,4864.85,4812.33,4725.93,4614.44,4487.85,4355.09,4223.01,4096.14,3977.14,3867.26,3766.86,3675.73,3593.34,3519.05,3452.15,3391.94,3337.76,3289.02,3245.17,3205.71,3170.22,3138.31,3109.63,3083.88,3060.8,3040.15,3021.72,3005.31,2990.77,2977.94,2966.69,2956.9,2948.46,2941.27,2935.24,2930.29,2926.36,2923.36,2921.25,2919.97,2919.45,2919.67,2920.58,2922.12,2924.28,2927.01,2930.28,2934.06,2938.33,2943.05,2948.21,2953.78,2959.75,2966.08,2972.77,2979.79,2987.13,2994.77,3002.7,3010.9,3019.36,3028.07,3037.01,3046.18,3055.56,3065.14,3074.91,3084.87,3095,3105.3,3115.75,3126.35,3137.09,3147.97,3158.97,3170.1,3181.33,3192.67,3204.12,3215.66,3227.29,3239,3250.79,3262.66,3274.59,3286.59,3298.65,3310.77,3322.93,3335.15
4147.15,4211.71,4282.42,4359.34,4442.03,4529.14,4617.9,4703.41,4778.24,4832.94,4858.02,4846.89,4798.19,4716.17,4609,4486.19,4356.48,4226.67,4101.4,3983.46,3874.23,3774.18,3683.18,3600.78,3526.38,3459.31,3398.88,3344.48,3295.49,3251.39,3211.69,3175.96,3143.81,3114.92,3088.96,3065.68,3044.84,3026.22,3009.65,2994.95,2981.97,2970.57,2960.64,2952.07,2944.75,2938.61,2933.55,2929.51,2926.42,2924.21,2922.84,2922.24,2922.38,2923.2,2924.67,2926.76,2929.42,2932.62,2936.34,2940.55,2945.22,2950.32,2955.84,2961.76,2968.04,2974.68,2981.66,2988.95,2996.55,3004.44,3012.6,3021.03,3029.7,3038.61,3047.74,3057.09,3066.64,3076.38,3086.31,3096.41,3106.68,3117.11,3127.68,3138.4,3149.25,3160.23,3171.33,3182.54,3193.86,3205.29,3216.8,3228.41,3240.11,3251.88,3263.73,3275.64,3287.63,3299.67,3311.77,3323.92,3336.12
4140.15,4203.6,4272.97,4348.31,4429.16,4514.22,4600.8,4684.27,4757.59,4811.8,4837.8,4829.08,4783.98,4706.17,4603.19,4484.1,4357.43,4229.92,4106.3,3989.46,3880.93,3781.26,3690.43,3608.05,3533.57,3466.34,3405.73,3351.1,3301.88,3257.54,3217.61,3181.65,3149.28,3120.16,3094,3070.52,3049.49,3030.7,3013.96,2999.1,2985.96,2974.43,2964.36,2955.66,2948.22,2941.96,2936.8,2932.65,2929.46,2927.16,2925.69,2925.01,2925.07,2925.81,2927.21,2929.23,2931.82,2934.96,2938.62,2942.77,2947.38,2952.43,2957.9,2963.76,2970,2976.59,2983.52,2990.77,2998.33,3006.18,3014.3,3022.69,3031.33,3040.2,3049.3,3058.61,3068.13,3077.85,3087.75,3097.82,3108.06,3118.46,3129.01,3139.7,3150.53,3161.48,3172.56,3183.75,3195.05,3206.45,3217.95,3229.54,3241.21,3252.96,3264.79,3276.69,3288.66,3300.68,3312.76,3324.9,3337.08
4133.26,4195.61,4263.69,4337.5,4416.58,4499.65,4584.14,4665.63,4737.46,4791.14,4817.94,4811.45,4769.74,4695.94,4597.02,4481.61,4357.95,4232.77,4110.83,3995.15,3887.35,3788.11,3697.48,3615.16,3540.61,3473.25,3412.46,3357.63,3308.19,3263.63,3223.47,3187.28,3154.69,3125.36,3099,3075.33,3054.12,3035.15,3018.24,3003.22,2989.94,2978.26,2968.06,2959.23,2951.68,2945.3,2940.03,2935.78,2932.49,2930.1,2928.54,2927.77,2927.75,2928.42,2929.74,2931.69,2934.21,2937.29,2940.89,2944.98,2949.53,2954.53,2959.94,2965.75,2971.94,2978.49,2985.38,2992.59,3000.1,3007.91,3016,3024.35,3032.95,3041.79,3050.85,3060.14,3069.62,3079.31,3089.18,3099.22,3109.43,3119.81,3130.33,3141,3151.8,3162.73,3173.78,3184.95,3196.23,3207.61,3219.09,3230.66,3242.31,3254.05,3265.86,3277.74,3289.69,3301.69,3313.76,3325.88,3338.04
4126.46,4187.75,4254.57,4326.9,4404.26,4485.41,4567.88,4647.46,4717.84,4770.95,4798.44,4794,4755.47,4685.51,4590.54,4478.72,4358.07,4235.23,4115.01,4000.52,3893.5,3794.73,3704.34,3622.09,3547.51,3480.04,3419.09,3364.07,3314.42,3269.64,3229.26,3192.86,3160.06,3130.52,3103.96,3080.1,3058.71,3039.57,3022.5,3007.32,2993.9,2982.08,2971.74,2962.79,2955.11,2948.63,2943.24,2938.89,2935.51,2933.02,2931.38,2930.53,2930.42,2931.01,2932.27,2934.14,2936.6,2939.61,2943.15,2947.18,2951.68,2956.62,2961.98,2967.74,2973.89,2980.39,2987.23,2994.4,3001.87,3009.64,3017.69,3026,3034.56,3043.37,3052.4,3061.65,3071.11,3080.76,3090.6,3100.62,3110.81,3121.15,3131.65,3142.29,3153.07,3163.98,3175.01,3186.15,3197.41,3208.77,3220.23,3231.78,3243.41,3255.13,3266.92,3278.78,3290.71,3302.7,3314.75,3326.85,3339.01
4119.76,4180.02,4245.61,4316.5,4392.21,4471.51,4552.03,4629.76,4698.71,4751.23,4779.29,4776.74,4741.21,4674.92,4583.76,4475.47,4357.8,4237.32,4118.84,4005.58,3899.38,3801.12,3711,3628.86,3554.27,3486.71,3425.62,3370.42,3320.57,3275.59,3234.99,3198.38,3165.37,3135.64,3108.88,3084.84,3063.27,3043.96,3026.73,3011.4,2997.83,2985.87,2975.41,2966.33,2958.53,2951.93,2946.44,2941.99,2938.51,2935.93,2934.2,2933.27,2933.08,2933.6,2934.78,2936.58,2938.97,2941.92,2945.4,2949.37,2953.81,2958.7,2964.01,2969.73,2975.82,2982.28,2989.07,2996.2,3003.63,3011.36,3019.37,3027.65,3036.18,3044.95,3053.95,3063.17,3072.59,3082.22,3092.03,3102.02,3112.17,3122.49,3132.96,3143.58,3154.34,3165.22,3176.23,3187.35,3198.59,3209.92,3221.36,3232.89,3244.51,3256.2,3267.98,3279.82,3291.74,3303.71,3315.74,3327.83,3339.96
4113.15,4172.4,4236.8,4306.3,4380.4,4457.92,4536.56,4612.5,4680.05,4731.94,4760.5,4759.68,4726.97,4664.18,4576.7,4471.87,4357.16,4239.03,4122.34,4010.35,3905,3807.27,3717.46,3635.45,3560.88,3493.25,3432.03,3376.67,3326.64,3281.46,3240.66,3203.85,3170.64,3140.71,3113.77,3089.54,3067.8,3048.32,3030.93,3015.45,3001.73,2989.64,2979.05,2969.85,2961.94,2955.22,2949.63,2945.08,2941.5,2938.83,2937.01,2935.99,2935.73,2936.17,2937.28,2939.01,2941.34,2944.23,2947.64,2951.56,2955.94,2960.78,2966.04,2971.7,2977.75,2984.16,2990.91,2998,3005.39,3013.08,3021.05,3029.29,3037.78,3046.52,3055.49,3064.68,3074.07,3083.66,3093.45,3103.41,3113.54,3123.83,3134.28,3144.87,3155.6,3166.46,3177.44,3188.55,3199.76,3211.08,3222.49,3234,3245.6,3257.28,3269.03,3280.86,3292.76,3304.71,3316.73,3328.8,3340.92
4106.63,4164.9,4228.15,4296.29,4368.84,4444.63,4521.45,4595.66,4661.85,4713.1,4742.06,4742.83,4712.76,4653.31,4569.39,4467.94,4356.16,4240.4,4125.5,4014.81,3910.36,3813.2,3723.73,3641.88,3567.34,3499.67,3438.34,3382.83,3332.63,3287.26,3246.27,3209.26,3175.86,3145.74,3118.61,3094.21,3072.29,3052.65,3035.11,3019.48,3005.62,2993.39,2982.67,2973.35,2965.32,2958.5,2952.8,2948.15,2944.47,2941.71,2939.81,2938.71,2938.37,2938.74,2939.77,2941.44,2943.7,2946.52,2949.88,2953.73,2958.07,2962.85,2968.06,2973.67,2979.67,2986.04,2992.75,2999.79,3007.14,3014.79,3022.73,3030.93,3039.39,3048.09,3057.02,3066.18,3075.54,3085.11,3094.86,3104.79,3114.9,3125.16,3135.58,3146.15,3156.86,3167.7,3178.66,3189.74,3200.93,3212.23,3223.62,3235.11,3246.69,3258.35,3270.09,3281.9,3293.78,3305.72,3317.72,3329.77,3341.87
4100.2,4157.51,4219.63,4286.46,4357.51,4431.63,4506.71,4579.24,4644.09,4694.67,4723.96,4726.19,4698.61,4642.34,4561.86,4463.7,4354.82,4241.41,4128.34,4018.98,3915.45,3818.9,3729.8,3648.14,3573.66,3505.96,3444.54,3388.89,3338.53,3292.98,3251.81,3214.61,3181.02,3150.72,3123.41,3098.83,3076.75,3056.95,3039.25,3023.48,3009.48,2997.12,2986.27,2976.83,2968.69,2961.76,2955.96,2951.2,2947.44,2944.59,2942.6,2941.42,2941,2941.29,2942.25,2943.85,2946.05,2948.81,2952.11,2955.9,2960.18,2964.91,2970.07,2975.64,2981.59,2987.91,2994.58,3001.57,3008.89,3016.5,3024.39,3032.56,3040.99,3049.65,3058.56,3067.68,3077.01,3086.55,3096.27,3106.18,3116.25,3126.49,3136.89,3147.43,3158.11,3168.93,3179.87,3190.93,3202.1,3213.37,3224.75,3236.22,3247.78,3259.42,3271.14,3282.93,3294.79,3306.72,3318.7,3330.74,3342.83
4093.85,4150.23,4211.26,4276.81,4346.4,4418.91,4492.3,4563.2,4626.75,4676.66,4706.2,4709.77,4684.53,4631.28,4554.12,4459.18,4353.15,4242.1,4130.86,4022.85,3920.29,3824.38,3735.67,3654.23,3579.83,3512.12,3450.62,3394.86,3344.35,3298.64,3257.29,3219.91,3186.14,3155.65,3128.17,3103.42,3081.18,3061.22,3043.37,3027.45,3013.32,3000.83,2989.85,2980.29,2972.04,2965,2959.1,2954.25,2950.38,2947.45,2945.37,2944.11,2943.61,2943.83,2944.73,2946.26,2948.39,2951.09,2954.32,2958.07,2962.29,2966.97,2972.08,2977.59,2983.5,2989.77,2996.4,3003.35,3010.63,3018.2,3026.06,3034.19,3042.58,3051.21,3060.08,3069.17,3078.48,3087.98,3097.68,3107.55,3117.61,3127.82,3138.19,3148.71,3159.37,3170.16,3181.08,3192.11,3203.26,3214.52,3225.87,3237.32,3248.86,3260.49,3272.19,3283.96,3295.81,3307.71,3319.68,3331.7,3343.77
4087.59,4143.06,4203.02,4267.34,4335.52,4406.47,4478.21,4547.55,4609.81,4659.04,4688.78,4693.57,4670.52,4620.15,4546.19,4454.39,4351.17,4242.47,4133.07,4026.45,3924.87,3829.63,3741.35,3660.15,3585.86,3518.16,3456.6,3400.73,3350.09,3304.22,3262.7,3225.14,3191.2,3160.54,3132.89,3107.98,3085.57,3065.46,3047.46,3031.4,3017.13,3004.51,2993.42,2983.74,2975.37,2968.23,2962.22,2957.27,2953.32,2950.29,2948.14,2946.79,2946.22,2946.37,2947.19,2948.65,2950.72,2953.36,2956.54,2960.22,2964.39,2969.02,2974.07,2979.54,2985.4,2991.63,2998.21,3005.13,3012.36,3019.9,3027.72,3035.81,3044.17,3052.77,3061.61,3070.67,3079.94,3089.41,3099.08,3108.93,3118.95,3129.14,3139.49,3149.98,3160.62,3171.38,3182.28,3193.29,3204.42,3215.66,3226.99,3238.42,3249.94,3261.55,3273.23,3284.99,3296.82,3308.71,3320.66,3332.66,3344.72
