CO2 Density [kg/m3] PelePhys
474.187,242.161,210.483,191.409,177.688,166.984,158.228,150.837,144.455,138.852,133.867,129.384,125.318,121.602,118.185,115.026,112.091,109.355,106.793,104.387,102.121,99.9801,97.9537,96.0311,94.2031,92.4619,90.8005,89.2128,87.6932,86.2368,84.8391,83.4962,82.2045,80.9606,79.7617,78.605,77.4879,76.4083,75.3641,74.3532,73.374,72.4247,71.5039,70.6101,69.7421,68.8985,68.0783,67.2804,66.5038,65.7475,65.0107,64.2926,63.5923,62.9092,62.2425,61.5916,60.9559,60.3348,59.7278,59.1343,58.5539,57.9861,57.4304,56.8864,56.3537,55.832,55.3208,54.8199,54.3289,53.8474,53.3752,52.9121,52.4576,52.0116,51.5737,51.1439,50.7217,50.3071,49.8997,49.4994,49.106,48.7193,48.3392,47.9653,47.5976,47.236,46.8801,46.53,46.1855,45.8463,45.5124,45.1837,44.86,44.5412,44.2272,43.9179,43.6131,43.3128,43.0168,42.7251,42.4375
504.833,256.877,219.463,198.31,183.453,172.014,162.735,154.947,148.253,142.395,137.198,132.534,128.312,124.46,120.922,117.655,114.624,111.8,109.159,106.679,104.346,102.143,100.059,98.0826,96.2043,94.416,92.7104,91.0809,89.5219,88.0282,86.5952,85.2188,83.8951,82.6208,81.3928,80.2082,79.0646,77.9595,76.8907,75.8563,74.8545,73.8835,72.9417,72.0277,71.1401,70.2777,69.4392,68.6237,67.8299,67.0571,66.3042,65.5705,64.855,64.1572,63.4762,62.8114,62.1622,61.5279,60.908,60.3021,59.7094,59.1297,58.5624,58.0071,57.4634,56.9308,56.4091,55.8979,55.3967,54.9054,54.4236,53.9509,53.4872,53.0321,52.5854,52.1468,51.7161,51.2931,50.8775,50.4691,50.0678,49.6734,49.2856,48.9042,48.5292,48.1603,47.7974,47.4403,47.0889,46.743,46.4025,46.0673,45.7372,45.4121,45.0918,44.7764,44.4656,44.1594,43.8576,43.5601,43.2669
524.502,274.087,229.052,205.499,189.39,177.159,167.323,159.119,152.099,145.977,140.56,135.71,131.328,127.336,123.675,120.299,117.169,114.256,111.533,108.98,106.578,104.312,102.169,100.139,98.2095,96.3736,94.6233,92.9517,91.353,89.8217,88.3531,86.9428,85.5869,84.282,83.0247,81.8122,80.6418,79.5111,78.4178,77.3598,76.3352,75.3423,74.3794,73.4451,72.5379,71.6566,70.7998,69.9665,69.1557,68.3662,67.5972,66.8478,66.1172,65.4046,64.7093,64.0305,63.3678,62.7203,62.0876,61.4691,60.8643,60.2726,59.6937,59.127,58.5722,58.0289,57.4966,56.975,56.4638,55.9626,55.4711,54.9889,54.5159,54.0518,53.5962,53.1488,52.7096,52.2782,51.8544,51.438,51.0288,50.6266,50.2312,49.8423,49.46,49.0839,48.7139,48.3498,47.9915,47.6389,47.2918,46.95,46.6135,46.2821,45.9557,45.6341,45.3173,45.0052,44.6975,44.3943,44.0955
539.609,294.9,239.341,213,195.507,182.422,171.996,163.354,155.993,149.597,143.953,138.912,134.365,130.23,126.443,122.955,119.725,116.721,113.916,111.287,108.816,106.487,104.285,102.199,100.219,98.3346,96.5391,94.8251,93.1863,91.6172,90.1127,88.6683,87.2801,85.9443,84.6576,83.417,82.2197,81.0632,79.9451,78.8634,77.816,76.8012,75.8172,74.8625,73.9356,73.0352,72.1601,71.3091,70.481,69.6748,68.8897,68.1246,67.3788,66.6514,65.9418,65.2491,64.5727,63.912,63.2665,62.6354,62.0183,61.4148,60.8242,60.2462,59.6803,59.1262,58.5833,58.0514,57.53,57.0189,56.5177,56.0262,55.5439,55.0706,54.6061,54.1501,53.7023,53.2625,52.8305,52.4061,51.989,51.579,51.1759,50.7796,50.3899,50.0066,49.6295,49.2585,48.8933,48.534,48.1803,47.832,47.4891,47.1514,46.8187,46.4911,46.1683,45.8502,45.5368,45.2278,44.9233
552.101,321.113,250.44,220.84,201.815,187.809,176.756,167.654,159.937,153.257,147.378,142.14,137.424,133.143,129.227,125.625,122.293,119.196,116.307,113.602,111.061,108.667,106.405,104.264,102.231,100.299,98.4579,96.7011,95.0219,93.4146,91.8739,90.3953,88.9744,87.6076,86.2913,85.0224,83.7981,82.6157,81.4728,80.3672,79.2969,78.26,77.2548,76.2797,75.3331,74.4136,73.5201,72.6512,71.8059,70.983,70.1817,69.4009,68.6399,67.8977,67.1736,66.467,65.777,65.1031,64.4446,63.801,63.1717,62.5562,61.954,61.3646,60.7877,60.2227,59.6692,59.1269,58.5955,58.0745,57.5636,57.0625,56.571,56.0887,55.6152,55.1505,54.6942,54.246,53.8058,53.3733,52.9483,52.5305,52.1199,51.7161,51.319,50.9285,50.5443,50.1663,49.7944,49.4283,49.0679,48.7132,48.3638,48.0198,47.681,47.3473,47.0185,46.6945,46.3752,46.0606,45.7504
562.862,354.809,262.479,229.048,208.324,193.323,181.604,172.018,163.932,156.955,150.835,145.394,140.505,136.074,132.027,128.308,124.871,121.681,118.708,115.925,113.313,110.853,108.531,106.333,104.248,102.267,100.38,98.5795,96.8596,95.2138,93.6368,92.1236,90.67,89.2719,87.9258,86.6285,85.377,84.1686,83.0007,81.8712,80.7779,79.7189,78.6924,77.6967,76.7303,75.7918,74.8797,73.993,73.1304,72.2908,71.4732,70.6767,69.9004,69.1433,68.4049,67.6842,66.9806,66.2934,65.622,64.9658,64.3243,63.6969,63.083,62.4823,61.8942,61.3183,60.7543,60.2017,59.6601,59.1292,58.6086,58.0981,57.5973,57.1059,56.6235,56.1501,55.6852,55.2287,54.7803,54.3397,53.9068,53.4813,53.063,52.6517,52.2473,51.8496,51.4583,51.0734,50.6946,50.3217,49.9548,49.5935,49.2378,48.8875,48.5425,48.2027,47.8679,47.538,47.2129,46.8925,46.5767
572.378,393.673,275.606,237.655,215.044,198.97,186.544,176.45,167.976,160.694,154.324,148.674,143.608,139.023,134.841,131.004,127.461,124.176,121.116,118.255,115.57,113.044,110.661,108.406,106.268,104.237,102.304,100.46,98.6995,97.015,95.4012,93.8533,92.3666,90.9371,89.5611,88.2352,86.9564,85.7218,84.5289,83.3754,82.259,81.1778,80.1299,79.1136,78.1273,77.1696,76.239,75.3343,74.4544,73.598,72.7642,71.9519,71.1602,70.3884,69.6355,68.9008,68.1835,67.4831,66.7987,66.13,65.4762,64.8367,64.2112,63.5991,62.9999,62.4132,61.8386,61.2756,60.7239,60.1831,59.6529,59.1328,58.6227,58.1222,57.631,57.1488,56.6754,56.2105,55.7539,55.3052,54.8644,54.4311,54.0053,53.5865,53.1748,52.7698,52.3715,51.9796,51.5939,51.2144,50.8408,50.4731,50.111,49.7544,49.4032,49.0573,48.7165,48.3807,48.0498,47.7237,47.4023
580.949,428.198,289.983,246.693,221.987,204.754,191.577,180.949,172.073,164.473,157.845,151.981,146.732,141.99,137.671,133.713,130.063,126.68,123.533,120.592,117.834,115.241,112.796,110.484,108.292,106.211,104.231,102.344,100.541,98.8179,97.1672,95.5843,94.0644,92.6033,91.1972,89.8426,88.5363,87.2755,86.0574,84.8797,83.7401,82.6366,81.5672,80.5303,79.524,78.5471,77.5979,76.6753,75.778,74.9048,74.0546,73.2265,72.4195,71.6328,70.8654,70.1166,69.3857,68.672,67.9747,67.2933,66.6272,65.9759,65.3387,64.7152,64.1049,63.5073,62.922,62.3487,61.7869,61.2362,60.6962,60.1667,59.6473,59.1377,58.6376,58.1467,57.6648,57.1915,56.7266,56.27,55.8212,55.3802,54.9467,54.5205,54.1014,53.6893,53.2839,52.885,52.4925,52.1063,51.7261,51.3518,50.9833,50.6205,50.2631,49.9111,49.5643,49.2226,48.886,48.5541,48.2271
588.772,454.8,305.757,256.196,229.163,210.68,196.706,185.518,176.221,168.292,161.398,155.313,149.878,144.975,140.517,136.435,132.675,129.194,125.958,122.936,120.105,117.444,114.936,112.565,110.32,108.189,106.161,104.229,102.385,100.623,98.9348,97.3166,95.7633,94.2704,92.834,91.4505,90.1166,88.8294,87.586,86.3841,85.2212,84.0953,83.0044,81.9467,80.9205,79.9243,78.9565,78.0158,77.1011,76.211,75.3445,74.5006,73.6782,72.8766,72.0947,71.3319,70.5873,69.8602,69.15,68.456,67.7776,67.1142,66.4653,65.8304,65.209,64.6006,64.0047,63.421,62.849,62.2884,61.7388,61.1998,60.6711,60.1524,59.6434,59.1438,58.6533,58.1716,57.6986,57.2338,56.7772,56.3284,55.8873,55.4537,55.0273,54.6079,54.1954,53.7896,53.3903,52.9973,52.6105,52.2298,51.8549,51.4858,51.1222,50.7641,50.4114,50.0638,49.7213,49.3838,49.0511
595.988,475.524,323.006,266.196,236.583,216.753,201.933,190.156,180.422,172.152,164.984,158.672,153.045,147.978,143.377,139.17,135.298,131.718,128.391,125.287,122.381,119.651,117.08,114.651,112.351,110.169,108.094,106.117,104.231,102.429,100.704,99.0501,97.4632,95.9383,94.4715,93.059,91.6974,90.3836,89.1149,87.8886,86.7024,85.554,84.4415,83.363,82.3167,81.3011,80.3146,79.3559,78.4237,77.5167,76.6338,75.774,74.9363,74.1197,73.3233,72.5464,71.7881,71.0477,70.3245,69.6178,68.9271,68.2518,67.5912,66.9449,66.3123,65.693,65.0865,64.4924,63.9103,63.3398,62.7805,62.232,61.6941,61.1663,60.6484,60.14,59.641,59.151,58.6697,58.1969,57.7323,57.2758,56.8271,56.386,55.9523,55.5257,55.1061,54.6934,54.2872,53.8876,53.4942,53.1069,52.7257,52.3503,51.9806,51.6164,51.2577,50.9042,50.5559,50.2127,49.8744
602.698,492.377,341.634,276.721,244.257,222.975,207.259,194.865,184.675,176.053,168.602,162.057,156.234,150.999,146.253,141.917,137.933,134.25,130.832,127.645,124.664,121.864,119.229,116.741,114.386,112.152,110.029,108.008,106.079,104.237,102.474,100.785,99.1641,97.6071,96.1097,94.668,93.2785,91.9381,90.6439,89.3932,88.1835,87.0126,85.8784,84.779,83.7126,82.6776,81.6724,80.6956,79.7458,78.8219,77.9226,77.0469,76.1937,75.3622,74.5513,73.7602,72.9882,72.2344,71.4982,70.779,70.0759,69.3886,68.7163,68.0585,67.4148,66.7846,66.1675,65.5631,64.9708,64.3904,63.8214,63.2634,62.7162,62.1793,61.6525,61.1354,60.6278,60.1294,59.6399,59.1591,58.6867,58.2224,57.7661,57.3175,56.8764,56.4427,56.016,55.5963,55.1834,54.777,54.377,53.9833,53.5957,53.214,52.8381,52.4679,52.1032,51.7438,51.3898,51.0408,50.6969
608.98,506.594,361.255,287.793,252.195,229.352,212.686,199.646,188.982,179.995,172.252,165.468,159.445,154.039,149.143,144.678,140.578,136.793,133.281,130.01,126.952,124.083,121.382,118.834,116.424,114.138,111.967,109.9,107.929,106.047,104.246,102.521,100.866,99.2766,97.7484,96.2774,94.86,93.4929,92.173,90.8978,89.6645,88.471,87.3151,86.1947,85.1082,84.0537,83.0297,82.0347,81.0674,80.1265,79.2108,78.3192,77.4505,76.604,75.7785,74.9733,74.1875,73.4204,72.6712,71.9393,71.2239,70.5245,69.8405,69.1714,68.5165,67.8754,67.2477,66.6329,66.0305,65.4401,64.8614,64.2939,63.7374,63.1914,62.6557,62.13,61.6138,61.107,60.6093,60.1204,59.6401,59.1681,58.7042,58.2482,57.7998,57.3588,56.9251,56.4985,56.0787,55.6656,55.2591,54.8589,54.4649,54.0769,53.6949,53.3186,52.9479,52.5827,52.2228,51.8682,51.5187
614.893,518.924,381.169,299.415,260.403,235.886,218.217,204.499,193.343,183.979,175.936,168.906,162.677,157.095,152.049,147.451,143.233,139.344,135.738,132.382,129.246,126.306,123.54,120.932,118.465,116.127,113.907,111.795,109.781,107.858,106.019,104.258,102.569,100.947,99.3878,97.8874,96.4418,95.0478,93.7023,92.4024,91.1455,89.9293,88.7515,87.6102,86.5034,85.4294,84.3866,83.3734,82.3885,81.4306,80.4984,79.5908,78.7067,77.8451,77.0051,76.1857,75.3862,74.6057,73.8435,73.0988,72.3711,71.6597,70.964,70.2834,69.6174,68.9654,68.3271,67.7018,67.0893,66.489,65.9006,65.3236,64.7578,64.2027,63.6581,63.1236,62.599,62.0838,61.5779,61.081,60.5927,60.113,59.6415,59.178,58.7223,58.2741,57.8334,57.3998,56.9732,56.5534,56.1403,55.7336,55.3332,54.939,54.5508,54.1685,53.7918,53.4207,53.0551,52.6948,52.3397
620.485,529.841,400.549,311.573,268.885,242.58,223.851,209.425,197.757,188.003,179.651,172.369,165.93,160.17,154.969,150.236,145.9,141.904,138.203,134.761,131.547,128.534,125.702,123.033,120.51,118.119,115.85,113.692,111.634,109.671,107.793,105.996,104.272,102.618,101.028,99.4977,98.0239,96.603,95.2316,93.907,92.6264,91.3874,90.1877,89.0253,87.8982,86.8047,85.743,84.7116,83.7091,82.7341,81.7854,80.8618,79.9622,79.0856,78.2309,77.3974,76.5841,75.7902,75.0149,74.2576,73.5176,72.7941,72.0867,71.3946,70.7174,70.0546,69.4056,68.7699,68.1472,67.537,66.9389,66.3525,65.7773,65.2132,64.6597,64.1165,63.5833,63.0597,62.5456,62.0406,61.5445,61.057,60.5779,60.107,59.6439,59.1886,58.7408,58.3003,57.8669,57.4404,57.0207,56.6076,56.2008,55.8004,55.406,55.0176,54.635,54.258,53.8867,53.5207,53.16
625.794,539.66,418.741,324.219,277.643,249.435,229.59,214.424,202.225,192.069,183.399,175.859,169.204,163.262,157.904,153.034,148.577,144.473,140.676,137.146,133.852,130.767,127.869,125.138,122.557,120.114,117.795,115.59,113.49,111.485,109.569,107.735,105.977,104.29,102.668,101.108,99.6063,98.1583,96.761,95.4116,94.1072,92.8453,91.6237,90.4402,89.2927,88.1796,87.0989,86.0493,85.0291,84.037,83.0718,82.1322,81.217,80.3253,79.4561,78.6083,77.7812,76.9739,76.1856,75.4156,74.6632,73.9277,73.2085,72.505,71.8166,71.1429,70.4832,69.8372,69.2044,68.5842,67.9764,67.3804,66.796,66.2228,65.6604,65.1085,64.5667,64.0348,63.5125,62.9995,62.4955,62.0002,61.5136,61.0351,60.5648,60.1023,59.6474,59.2,58.7598,58.3266,57.9003,57.4807,57.0676,56.6609,56.2604,55.8659,55.4774,55.0946,54.7174,54.3457,53.9794
630.853,548.601,435.423,337.269,286.673,256.452,235.435,219.497,206.748,196.175,187.179,179.374,172.5,166.371,160.854,155.844,151.264,147.051,143.156,139.538,136.164,133.005,130.039,127.246,124.608,122.112,119.743,117.491,115.347,113.301,111.346,109.475,107.682,105.962,104.309,102.72,101.189,99.7137,98.2904,96.9161,95.5878,94.3031,93.0594,91.8547,90.6869,89.554,88.4544,87.3864,86.3485,85.3393,84.3575,83.4019,82.4712,81.5644,80.6805,79.8186,78.9776,78.1569,77.3555,76.5728,75.808,75.0604,74.3295,73.6145,72.915,72.2304,71.5601,70.9036,70.2606,69.6305,69.013,68.4076,67.8139,67.2316,66.6602,66.0996,65.5493,65.009,64.4785,63.9574,63.4456,62.9426,62.4483,61.9625,61.4848,61.0151,60.5532,60.0988,59.6518,59.212,58.7791,58.3531,57.9336,57.5207,57.114,56.7135,56.319,55.9303,55.5474,55.1701,54.7982
635.686,556.823,450.552,350.6,295.965,263.63,241.384,224.643,211.324,200.323,190.991,182.915,175.816,169.498,163.817,158.666,153.961,149.638,145.644,141.936,138.481,135.248,132.214,129.358,126.662,124.112,121.693,119.394,117.205,115.118,113.124,111.216,109.388,107.635,105.951,104.331,102.772,101.269,99.8199,98.4205,97.0683,95.7606,94.4948,93.2689,92.0806,90.928,89.8094,88.723,87.6674,86.6411,85.6427,84.6709,83.7246,82.8028,81.9042,81.028,80.1733,79.3391,78.5247,77.7292,76.952,76.1924,75.4497,74.7233,74.0125,73.317,72.636,71.9692,71.316,70.676,70.0488,69.4338,68.8309,68.2394,67.6592,67.0899,66.531,65.9824,65.4437,64.9146,64.3948,63.8841,63.3823,62.889,62.404,61.9271,61.4582,60.9969,60.5431,60.0965,59.6571,59.2246,58.7988,58.3796,57.9668,57.5603,57.1598,56.7653,56.3766,55.9936,55.6161
640.318,564.445,464.243,364.054,305.501,270.966,247.438,229.862,215.953,204.511,194.835,186.482,179.153,172.642,166.795,161.5,156.669,152.233,148.139,144.341,140.803,137.496,134.393,131.474,128.719,126.114,123.645,121.298,119.065,116.936,114.903,112.958,111.095,109.308,107.593,105.943,104.355,102.825,101.349,99.9249,98.5486,97.2178,95.9299,94.6826,93.4738,92.3015,91.1638,90.0591,88.9857,87.9422,86.9271,85.9393,84.9774,84.0404,83.1272,82.2367,81.3681,80.5205,79.693,78.8848,78.0952,77.3235,76.569,75.8311,75.1092,74.4028,73.7112,73.0339,72.3706,71.7206,71.0837,70.4593,69.847,69.2465,68.6574,68.0793,67.5119,66.9549,66.408,65.8709,65.3432,64.8248,64.3154,63.8146,63.3223,62.8383,62.3623,61.8941,61.4335,60.9803,60.5343,60.0953,59.6632,59.2378,58.8188,58.4062,57.9998,57.5995,57.2051,56.8164,56.4334
644.766,571.559,476.665,377.455,315.257,278.456,253.595,235.154,220.636,208.74,198.711,190.073,182.511,175.802,169.787,164.346,159.386,154.837,150.641,146.752,143.131,139.748,136.576,133.593,130.779,128.119,125.599,123.205,120.927,118.756,116.683,114.701,112.803,110.983,109.235,107.555,105.938,104.381,102.879,101.429,100.029,98.6748,97.3647,96.0961,94.8667,93.6745,92.5178,91.3946,90.3034,89.2426,88.2109,87.207,86.2295,85.2773,84.3494,83.4447,82.5622,81.7011,80.8605,80.0396,79.2376,78.4538,77.6875,76.9382,76.2051,75.4877,74.7854,74.0978,73.4243,72.7644,72.1177,71.4838,70.8622,70.2526,69.6546,69.0678,68.4919,67.9266,67.3715,66.8263,66.2908,65.7646,65.2476,64.7394,64.2399,63.7487,63.2656,62.7905,62.3231,61.8632,61.4107,60.9653,60.5268,60.0951,59.6701,59.2514,58.8391,58.4329,58.0328,57.6384,57.2498
649.046,578.234,487.994,390.632,325.199,286.093,259.853,240.517,225.371,213.009,202.617,193.69,185.888,178.979,172.793,167.203,162.114,157.449,153.15,149.168,145.464,142.004,138.763,135.715,132.842,130.127,127.555,125.113,122.79,120.577,118.465,116.445,114.511,112.657,110.877,109.167,107.521,105.936,104.408,102.933,101.509,100.131,98.7991,97.509,96.2591,95.0471,93.8712,92.7295,91.6205,90.5425,89.4941,88.474,87.4808,86.5135,85.5708,84.6518,83.7555,82.8809,82.0272,81.1935,80.3791,79.5832,78.8052,78.0444,77.3001,76.5717,75.8588,75.1608,74.4771,73.8073,73.1509,72.5075,71.8766,71.2579,70.651,70.0555,69.4711,68.8974,68.3341,67.7809,67.2375,66.7036,66.179,65.6634,65.1565,64.6582,64.1681,63.6861,63.2119,62.7454,62.2863,61.8344,61.3896,60.9517,60.5205,60.0959,59.6776,59.2656,58.8597,58.4597,58.0655
653.174,584.529,498.385,403.436,335.283,293.868,266.209,245.95,230.158,217.317,206.555,197.331,189.286,182.173,175.812,170.072,164.851,160.07,155.667,151.591,147.802,144.265,140.953,137.84,134.908,132.137,129.513,127.023,124.655,122.399,120.247,118.189,116.22,114.332,112.52,110.78,109.105,107.492,105.937,104.437,102.988,101.588,100.233,98.9216,97.651,96.4191,95.224,94.0638,92.9369,91.8416,90.7765,89.7402,88.7314,87.7489,86.7915,85.8582,84.948,84.0599,83.1931,82.3466,81.5198,80.7118,79.922,79.1497,78.3942,77.655,76.9314,76.2229,75.5291,74.8493,74.1832,73.5303,72.8902,72.2624,71.6466,71.0423,70.4494,69.8673,69.2958,68.7346,68.1833,67.6418,67.1096,66.5865,66.0724,65.5669,65.0698,64.5808,64.0999,63.6267,63.161,62.7027,62.2516,61.8075,61.3702,60.9395,60.5153,60.0975,59.6858,59.2802,58.8804
657.16,590.49,507.973,415.757,345.46,301.769,272.66,251.451,234.996,221.664,210.523,200.996,192.703,185.382,178.845,172.952,167.597,162.698,158.19,154.02,150.145,146.531,143.147,139.969,136.976,134.149,131.473,128.934,126.521,124.223,122.03,119.935,117.929,116.008,114.164,112.392,110.688,109.048,107.466,105.941,104.468,103.044,101.667,100.334,99.0424,97.7906,96.5763,95.3976,94.2527,93.1402,92.0583,91.0058,89.9813,88.9836,88.0115,87.0638,86.1397,85.2381,84.3582,83.4989,82.6597,81.8396,81.038,80.2542,79.4875,78.7373,78.003,77.2842,76.5801,75.8905,75.2146,74.5522,73.9028,73.2659,72.6412,72.0283,71.4268,70.8364,70.2567,69.6875,69.1283,68.579,68.0393,67.5088,66.9874,66.4747,65.9706,65.4748,64.987,64.5072,64.035,63.5702,63.1128,62.6624,62.219,61.7823,61.3522,60.9286,60.5112,60.0999,59.6946
661.016,596.154,516.869,427.525,355.673,309.781,279.2,257.019,239.883,226.048,214.52,204.685,196.14,188.608,181.891,175.843,170.353,165.334,160.719,156.454,152.493,148.8,145.345,142.101,139.047,136.164,133.435,130.848,128.389,126.047,123.814,121.68,119.639,117.683,115.807,114.005,112.272,110.603,108.995,107.444,105.947,104.5,103.1,101.745,100.433,99.1615,97.9279,96.7307,95.5679,94.438,93.3394,92.2707,91.2305,90.2175,89.2306,88.2687,87.3306,86.4155,85.5224,84.6504,83.7987,82.9665,82.1531,81.3578,80.5799,79.8188,79.0738,78.3446,77.6304,76.9307,76.2452,75.5733,74.9146,74.2686,73.635,73.0134,72.4034,71.8046,71.2167,70.6395,70.0725,69.5155,68.9682,68.4303,67.9016,67.3817,66.8706,66.3679,65.8734,65.3868,64.9081,64.437,63.9732,63.5166,63.0671,62.6244,62.1884,61.7589,61.3358,60.9189,60.508
664.752,601.552,525.166,438.708,365.865,317.888,285.824,262.651,244.819,230.47,218.547,208.397,199.595,191.849,184.95,178.745,173.117,167.978,163.256,158.894,154.846,151.074,147.546,144.236,141.12,138.18,135.399,132.762,130.257,127.873,125.599,123.427,121.35,119.36,117.451,115.618,113.855,112.159,110.524,108.948,107.426,105.955,104.533,103.157,101.824,100.532,99.279,98.0631,96.8824,95.7351,94.6197,93.5348,92.4788,91.4506,90.449,89.4727,88.5207,87.5921,86.6858,85.801,84.9369,84.0926,83.2674,82.4605,81.6714,80.8994,80.1438,79.4041,78.6797,77.9701,77.2749,76.5935,75.9255,75.2704,74.628,73.9976,73.3791,72.772,72.1759,71.5906,71.0158,70.4511,69.8962,69.3509,68.8149,68.2879,67.7698,67.2602,66.7589,66.2657,65.7804,65.3029,64.8328,64.37,63.9144,63.4657,63.0238,62.5885,62.1596,61.7371,61.3207
668.375,606.713,532.941,449.301,375.977,326.068,292.525,268.344,249.801,234.929,222.602,212.132,203.069,195.105,188.021,181.657,175.891,170.629,165.798,161.339,157.203,153.351,149.75,146.373,143.196,140.199,137.365,134.678,132.127,129.699,127.385,125.174,123.061,121.036,119.095,117.231,115.439,113.714,112.053,110.451,108.904,107.41,105.965,104.567,103.214,101.902,100.629,99.395,98.1962,97.0316,95.8994,94.7981,93.7265,92.683,91.6665,90.6759,89.71,88.7678,87.8484,86.9508,86.0742,85.2178,84.3808,83.5624,82.7621,81.9791,81.2128,80.4627,79.7282,79.0087,78.3037,77.6128,76.9355,76.2714,75.62,74.981,74.3539,73.7384,73.1342,72.5409,71.9582,71.3858,70.8234,70.2707,69.7274,69.1933,68.6681,68.1516,67.6436,67.1438,66.652,66.168,65.6916,65.2226,64.7609,64.3062,63.8584,63.4173,62.9827,62.5545,62.1326
671.893,611.658,540.256,459.32,385.955,334.301,299.295,274.094,254.829,239.422,226.685,215.889,206.561,198.376,191.105,184.579,178.673,173.288,168.347,163.79,159.565,155.633,151.958,148.514,145.274,142.22,139.332,136.596,133.998,131.527,129.171,126.922,124.772,122.713,120.739,118.844,117.022,115.27,113.581,111.953,110.382,108.864,107.397,105.978,104.603,103.271,101.979,100.726,99.5094,98.3273,97.1783,96.0608,94.9733,93.9146,92.8833,91.8783,90.8984,89.9427,89.0101,88.0997,87.2106,86.3421,85.4933,84.6634,83.8519,83.0579,82.281,81.5204,80.7757,80.0463,79.3316,78.6312,77.9447,77.2715,76.6112,75.9635,75.3279,74.7041,74.0917,73.4904,72.8998,72.3197,71.7497,71.1896,70.639,70.0978,69.5656,69.0422,68.5274,68.021,67.5227,67.0323,66.5496,66.0744,65.6066,65.1459,64.6922,64.2453,63.805,63.3712,62.9438
675.314,616.408,547.166,468.793,395.75,342.562,306.126,279.897,259.899,243.949,230.795,219.668,210.07,201.661,194.2,187.512,181.464,175.954,170.902,166.245,161.931,157.918,154.169,150.657,147.355,144.242,141.301,138.515,135.87,133.355,130.958,128.67,126.484,124.39,122.383,120.457,118.606,116.825,115.109,113.456,111.86,110.319,108.829,107.387,105.992,104.64,103.329,102.057,100.822,99.6223,98.4564,97.3226,96.2194,95.1453,94.0992,93.0798,92.086,91.1167,90.1709,89.2477,88.3462,87.4655,86.6049,85.7635,84.9408,84.1359,83.3483,82.5773,81.8224,81.083,80.3587,79.6488,78.9529,78.2706,77.6015,76.9451,76.301,75.6688,75.0483,74.4389,73.8405,73.2527,72.6752,72.1077,71.5498,71.0015,70.4623,69.932,69.4105,68.8974,68.3926,67.8958,67.4068,66.9254,66.4515,65.9848,65.5252,65.0725,64.6265,64.1871,63.7542
678.643,620.978,553.715,477.755,405.322,350.827,313.006,285.75,265.01,248.509,234.931,223.469,213.597,204.961,197.308,190.455,184.263,178.627,173.463,168.706,164.302,160.206,156.383,152.802,149.438,146.267,143.272,140.435,137.743,135.184,132.746,130.419,128.196,126.068,124.028,122.07,120.189,118.38,116.637,114.958,113.337,111.772,110.26,108.796,107.38,106.008,104.677,103.386,102.134,100.917,99.7338,98.5837,97.4646,96.3753,95.3143,94.2805,93.2728,92.2899,91.3309,90.3949,89.4809,88.5881,87.7157,86.8628,86.0288,85.213,84.4147,83.6333,82.8682,82.1189,81.3848,80.6654,79.9603,79.2689,78.5909,77.9258,77.2732,76.6327,76.004,75.3867,74.7804,74.1849,73.5998,73.0249,72.4598,71.9043,71.3581,70.821,70.2927,69.773,69.2617,68.7585,68.2632,67.7756,67.2956,66.823,66.3575,65.899,65.4473,65.0023,64.5638
681.885,625.384,559.94,486.244,414.64,359.07,319.926,291.648,270.159,253.1,239.092,227.289,217.14,208.274,200.427,193.407,187.07,181.307,176.03,171.172,166.677,162.499,158.601,154.951,151.523,148.293,145.244,142.357,139.618,137.014,134.534,132.169,129.908,127.745,125.672,123.683,121.772,119.934,118.165,116.459,114.814,113.225,111.69,110.205,108.767,107.375,106.025,104.716,103.445,102.21,101.01,99.844,98.7091,97.6044,96.5286,95.4804,94.4587,93.4622,92.4901,91.5412,90.6148,89.7098,88.8255,87.9611,87.1159,86.2891,85.4802,84.6884,83.9131,83.1539,82.4101,81.6812,80.9668,80.2664,79.5795,78.9056,78.2445,77.5957,76.9588,76.3335,75.7194,75.1162,74.5236,73.9413,73.3689,72.8063,72.2532,71.7092,71.1741,70.6478,70.1299,69.6203,69.1188,68.625,68.139,67.6603,67.189,66.7247,66.2673,65.8167,65.3727
685.046,629.638,565.875,494.295,423.682,367.268,326.874,297.584,275.343,257.72,243.277,231.129,220.7,211.601,203.557,196.368,189.885,183.993,178.602,173.642,169.055,164.794,160.821,157.101,153.61,150.321,147.217,144.279,141.493,138.845,136.323,133.918,131.621,129.423,127.317,125.296,123.355,121.489,119.692,117.961,116.291,114.678,113.12,111.613,110.154,108.742,107.372,106.044,104.755,103.503,102.286,101.103,99.9527,98.8327,97.7421,96.6795,95.6437,94.6337,93.6483,92.6867,91.7477,90.8306,89.9345,89.0586,88.2021,87.3644,86.5448,85.7426,84.9571,84.188,83.4344,82.6961,81.9724,81.2629,80.5671,79.8846,79.215,78.5578,77.9128,77.2795,76.6576,76.0467,75.4465,74.8568,74.2772,73.7075,73.1473,72.5965,72.0547,71.5218,70.9974,70.4814,69.9736,69.4737,68.9815,68.4969,68.0197,67.5496,67.0865,66.6303,66.1808
688.13,633.752,571.547,501.944,432.434,375.395,333.838,303.554,280.56,262.368,247.485,234.988,224.275,214.94,206.697,199.338,192.707,186.685,181.18,176.117,171.438,167.093,163.043,159.255,155.698,152.351,149.192,146.203,143.369,140.676,138.113,135.668,133.334,131.1,128.961,126.909,124.938,123.043,121.219,119.462,117.767,116.13,114.549,113.02,111.541,110.108,108.719,107.372,106.064,104.795,103.561,102.362,101.196,100.06,98.9547,97.8776,96.8279,95.8043,94.8057,93.8312,92.8798,91.9505,91.0426,90.1552,89.2875,88.4388,87.6085,86.7958,86.0002,85.2211,84.4579,83.7101,82.9771,82.2585,81.5539,80.8627,80.1846,79.5191,78.8659,78.2246,77.5948,76.9763,76.3686,75.7715,75.1847,74.6078,74.0407,73.483,72.9345,72.3949,71.8641,71.3417,70.8276,70.3215,69.8233,69.3327,68.8496,68.3737,67.905,67.4432,66.9882
691.142,637.736,576.979,509.225,440.889,383.431,340.805,309.551,285.806,267.042,251.715,238.864,227.865,218.292,209.848,202.317,195.537,189.384,183.763,178.597,173.824,169.396,165.269,161.41,157.789,154.382,151.168,148.128,145.246,142.508,139.903,137.419,135.047,132.778,130.605,128.522,126.521,124.597,122.746,120.962,119.242,117.582,115.978,114.427,112.926,111.473,110.064,108.699,107.373,106.086,104.836,103.62,102.438,101.287,100.166,99.075,98.0112,96.974,95.9622,94.9749,94.011,93.0695,92.1498,91.2508,90.3719,89.5123,88.6713,87.8482,87.0425,86.2534,85.4805,84.7232,83.981,83.2533,82.5398,81.8399,81.1533,80.4795,79.8181,79.1688,78.5313,77.905,77.2898,76.6854,76.0913,75.5073,74.9332,74.3687,73.8134,73.2673,72.7299,72.2011,71.6808,71.1685,70.6642,70.1677,69.6787,69.1971,68.7227,68.2553,67.7948
694.085,641.6,582.194,516.168,449.046,391.355,347.764,315.568,291.078,271.739,255.965,242.758,231.469,221.656,213.009,205.304,198.373,192.089,186.351,181.08,176.214,171.701,167.497,163.567,159.882,156.415,153.145,150.053,147.123,144.341,141.693,139.169,136.76,134.456,132.25,130.134,128.103,126.151,124.272,122.462,120.717,119.033,117.406,115.833,114.311,112.838,111.41,110.025,108.681,107.377,106.109,104.877,103.679,102.513,101.377,100.271,99.1936,98.1428,97.1178,96.1176,95.1412,94.1877,93.2561,92.3456,91.4554,90.5849,89.7332,88.8997,88.0838,87.2848,86.5022,85.7354,84.9839,84.2472,83.5248,82.8162,82.1211,81.439,80.7695,80.1122,79.4668,78.8329,78.2102,77.5983,76.997,76.406,75.8249,75.2535,74.6915,74.1388,73.5949,73.0598,72.5331,72.0148,71.5044,71.0019,70.5071,70.0197,69.5396,69.0667,68.6006
696.963,645.35,587.208,522.8,456.91,399.149,354.7,321.6,296.372,276.458,260.234,246.668,235.086,225.031,216.179,208.299,201.217,194.799,188.944,183.568,178.608,174.009,169.728,165.727,161.976,158.449,155.124,151.98,149.002,146.174,143.484,140.92,138.473,136.134,133.894,131.746,129.685,127.704,125.798,123.962,122.192,120.484,118.834,117.239,115.696,114.201,112.754,111.35,109.988,108.666,107.382,106.133,104.919,103.738,102.587,101.467,100.375,99.3108,98.2726,97.2595,96.2706,95.3049,94.3614,93.4394,92.538,91.6565,90.7942,89.9503,89.1242,88.3153,87.523,86.7467,85.9859,85.2401,84.5089,83.7917,83.0881,82.3976,81.72,81.0547,80.4015,79.76,79.1297,78.5105,77.9019,77.3038,76.7157,76.1375,75.5688,75.0095,74.4592,73.9176,73.3847,72.8602,72.3438,71.8354,71.3347,70.8415,70.3558,69.8772,69.4057
699.779,648.994,592.038,529.146,464.486,406.801,361.602,327.639,301.684,281.197,264.521,250.593,238.717,228.417,219.359,211.302,204.067,197.515,191.541,186.06,181.005,176.32,171.961,167.889,164.072,160.485,157.103,153.908,150.881,148.007,145.275,142.671,140.187,137.812,135.538,133.359,131.267,129.257,127.323,125.461,123.666,121.934,120.261,118.644,117.079,115.565,114.097,112.675,111.295,109.955,108.654,107.389,106.159,104.962,103.797,102.662,101.556,100.478,99.4264,98.4005,97.399,96.4212,95.4659,94.5324,93.6197,92.7273,91.8543,90.9999,90.1637,89.3448,88.5428,87.7571,86.987,86.2322,85.4921,84.7662,84.0541,83.3554,82.6696,81.9964,81.3353,80.6861,80.0484,79.4218,78.806,78.2008,77.6058,77.0207,76.4453,75.8793,75.3226,74.7747,74.2355,73.7048,73.1824,72.668,72.1615,71.6626,71.1712,70.6871,70.2101
702.535,652.539,596.699,535.23,471.785,414.298,368.459,333.679,307.01,285.952,268.824,254.533,242.36,231.813,222.547,214.313,206.923,200.236,194.143,188.555,183.405,178.634,174.196,170.052,166.17,162.522,159.084,155.836,152.76,149.842,147.066,144.423,141.9,139.489,137.182,134.97,132.848,130.809,128.848,126.959,125.139,123.383,121.687,120.048,118.462,116.927,115.44,113.999,112.6,111.243,109.924,108.643,107.397,106.185,105.005,103.855,102.736,101.644,100.579,99.5405,98.5266,97.5365,96.5694,95.6244,94.7005,93.7971,92.9134,92.0487,91.2022,90.3735,89.5618,88.7666,87.9873,87.2234,86.4744,85.7399,85.0193,84.3123,83.6183,82.9371,82.2683,81.6114,80.9662,80.3322,79.7092,79.0969,78.4949,77.903,77.321,76.7484,76.1851,75.6309,75.0855,74.5487,74.0202,73.4999,72.9875,72.4829,71.9858,71.4961,71.0137
705.236,655.991,601.202,541.071,478.818,421.631,375.258,339.711,312.347,290.723,273.141,258.485,246.014,235.219,225.744,217.33,209.785,202.963,196.749,191.055,185.808,180.95,176.433,172.217,168.269,164.56,161.065,157.765,154.64,151.676,148.858,146.174,143.613,141.167,138.826,136.582,134.429,132.361,130.372,128.458,126.612,124.832,123.112,121.451,119.844,118.289,116.782,115.322,113.905,112.53,111.195,109.897,108.635,107.407,106.212,105.048,103.914,102.809,101.731,100.68,99.6532,98.651,97.6721,96.7155,95.7804,94.866,93.9717,93.0965,92.2399,91.4012,90.5798,89.7751,88.9866,88.2137,87.4558,86.7126,85.9836,85.2682,84.5662,83.877,83.2004,82.5359,81.8831,81.2418,80.6116,79.9922,79.3833,78.7846,78.1958,77.6167,77.0469,76.4864,75.9347,75.3917,74.8572,74.331,73.8128,73.3024,72.7997,72.3044,71.8165
707.883,659.356,605.56,546.688,485.597,428.794,381.99,345.729,317.689,295.505,277.471,262.45,249.678,238.634,228.948,220.354,212.653,205.694,199.359,193.557,188.213,183.268,178.672,174.384,170.369,166.599,163.048,159.695,156.521,153.511,150.65,147.925,145.327,142.844,140.469,138.193,136.01,133.913,131.896,129.955,128.084,126.28,124.537,122.854,121.226,119.65,118.123,116.644,115.209,113.816,112.464,111.15,109.872,108.629,107.419,106.24,105.092,103.973,102.882,101.818,100.779,99.7645,98.7737,97.8056,96.8593,95.934,95.029,94.1434,93.2767,92.4281,91.597,90.7828,89.985,89.203,88.4364,87.6845,86.947,86.2233,85.5132,84.8161,84.1316,83.4594,82.7992,82.1505,81.5131,80.8866,80.2708,79.6653,79.0698,78.4841,77.9079,77.341,76.7831,76.234,75.6935,75.1613,74.6372,74.1211,73.6128,73.112,72.6186
710.478,662.637,609.781,552.098,492.133,435.783,388.645,351.726,323.034,300.296,281.812,266.425,253.353,242.058,232.16,223.385,215.526,208.429,201.973,196.063,190.622,185.589,180.913,176.552,172.471,168.639,165.031,161.625,158.402,155.346,152.441,149.677,147.04,144.521,142.112,139.804,137.59,135.464,133.42,131.452,129.556,127.727,125.962,124.256,122.606,121.01,119.464,117.965,116.512,115.102,113.732,112.401,111.108,109.849,108.624,107.431,106.269,105.137,104.032,102.955,101.904,100.877,99.8745,98.8949,97.9373,97.0011,96.0854,95.1894,94.3125,93.454,92.6132,91.7896,90.9825,90.1915,89.416,88.6555,87.9095,87.1776,86.4593,85.7542,85.062,84.3822,83.7144,83.0584,82.4138,81.7803,81.1575,80.5451,79.9429,79.3507,78.768,78.1948,77.6307,77.0754,76.5289,75.9908,75.4609,74.9391,74.4251,73.9188,73.4199
713.024,665.839,613.875,557.315,498.44,442.596,395.215,357.695,328.375,305.095,286.163,270.41,257.036,245.489,235.379,226.421,218.404,211.169,204.591,198.572,193.033,187.912,183.156,178.722,174.574,170.68,167.015,163.556,160.283,157.181,154.233,151.428,148.753,146.198,143.755,141.415,139.17,137.015,134.942,132.948,131.027,129.174,127.385,125.657,123.986,122.369,120.804,119.286,117.814,116.386,115,113.652,112.343,111.069,109.829,108.622,107.446,106.299,105.182,104.091,103.028,101.989,100.974,99.9832,99.0144,98.0672,97.1408,96.2345,95.3474,94.479,93.6285,92.7954,91.9791,91.1791,90.3947,89.6256,88.8711,88.1309,87.4045,86.6915,85.9915,85.304,84.6288,83.9655,83.3136,82.673,82.0433,81.4241,80.8153,80.2165,79.6274,79.0478,78.4774,77.9161,77.3635,76.8195,76.2838,75.7563,75.2367,74.7248,74.2205
715.524,668.968,617.85,562.353,504.53,449.234,401.692,363.63,333.71,309.897,290.522,274.404,260.728,248.928,238.604,229.462,221.287,213.913,207.212,201.083,195.447,190.237,185.401,180.893,176.678,172.722,168.999,165.487,162.165,159.016,156.025,153.179,150.466,147.875,145.397,143.025,140.749,138.565,136.465,134.444,132.497,130.62,128.808,127.058,125.365,123.728,122.142,120.606,119.116,117.67,116.266,114.903,113.577,112.287,111.033,109.811,108.621,107.461,106.33,105.227,104.15,103.1,102.073,101.071,100.091,99.1324,98.1954,97.2786,96.3814,95.503,94.6429,93.8004,92.9748,92.1657,91.3726,90.5947,89.8318,89.0833,88.3488,87.6279,86.9201,86.225,85.5423,84.8716,84.2126,83.5649,82.9283,82.3023,81.6868,81.0814,80.4859,79.9,79.3234,78.756,78.1974,77.6475,77.106,76.5727,76.0475,75.5301,75.0203
717.978,672.026,621.714,567.223,510.413,455.696,408.071,369.525,339.034,314.7,294.886,278.404,264.426,252.374,241.835,232.509,224.174,216.66,209.836,203.598,197.863,192.564,187.647,183.066,178.782,174.764,170.984,167.419,164.047,160.852,157.817,154.93,152.179,149.552,147.04,144.634,142.328,140.114,137.986,135.939,133.967,132.065,130.23,128.457,126.744,125.086,123.48,121.925,120.416,118.953,117.532,116.152,114.81,113.505,112.235,110.999,109.795,108.621,107.477,106.361,105.272,104.209,103.171,102.157,101.166,100.197,99.249,98.3218,97.4144,96.5262,95.6564,94.8044,93.9696,93.1515,92.3495,91.563,90.7917,90.0349,89.2923,88.5634,87.8478,87.1451,86.4549,85.7769,85.1107,84.456,83.8124,83.1797,82.5575,81.9456,81.3436,80.7514,80.1686,79.595,79.0305,78.4746,77.9273,77.3884,76.8575,76.3346,75.8194
720.389,675.016,625.473,571.937,516.103,461.987,414.345,375.373,344.342,319.502,299.255,282.411,268.131,255.825,245.071,235.561,227.066,219.412,212.463,206.114,200.281,194.893,189.895,185.24,180.888,176.808,172.97,169.351,165.929,162.687,159.609,156.681,153.891,151.228,148.681,146.244,143.906,141.663,139.507,137.433,135.435,133.51,131.651,129.856,128.121,126.442,124.817,123.243,121.716,120.235,118.797,117.4,116.042,114.722,113.437,112.186,110.968,109.781,108.624,107.495,106.393,105.318,104.268,103.242,102.24,101.26,100.302,99.364,98.4465,97.5484,96.6689,95.8075,94.9635,94.1363,93.3255,92.5304,91.7506,90.9856,90.2349,89.498,88.7747,88.0644,87.3667,86.6814,86.008,85.3463,84.6958,84.0562,83.4274,82.8089,82.2005,81.602,81.013,80.4333,79.8627,79.301,78.7479,78.2033,77.6668,77.1383,76.6177
722.758,677.943,629.133,576.506,521.609,468.108,420.512,381.169,349.63,324.299,303.625,286.422,271.841,259.282,248.312,238.617,229.961,222.166,215.093,208.634,202.7,197.223,192.144,187.414,182.995,178.852,174.956,171.283,167.811,164.523,161.401,158.432,155.603,152.903,150.323,147.852,145.484,143.211,141.028,138.927,136.904,134.953,133.072,131.254,129.498,127.798,126.153,124.56,123.015,121.516,120.061,118.647,117.274,115.938,114.638,113.373,112.141,110.94,109.769,108.627,107.513,106.426,105.364,104.327,103.313,102.322,101.353,100.405,99.4777,98.5697,97.6805,96.8097,95.9564,95.1203,94.3006,93.4969,92.7086,91.9353,91.1765,90.4318,89.7007,88.9827,88.2777,87.585,86.9045,86.2356,85.5782,84.9319,84.2964,83.6714,83.0566,82.4517,81.8566,81.2708,80.6942,80.1266,79.5677,79.0174,78.4753,77.9413,77.4152
725.087,680.809,632.7,580.937,526.941,474.065,426.568,386.908,354.895,329.089,307.996,290.437,275.556,262.743,251.557,241.676,232.859,224.923,217.726,211.155,205.122,199.555,194.394,189.59,185.102,180.896,176.942,173.215,169.694,166.358,163.193,160.183,157.315,154.579,151.963,149.46,147.061,144.759,142.547,140.42,138.371,136.396,134.491,132.652,130.873,129.154,127.489,125.876,124.313,122.796,121.324,119.894,118.504,117.153,115.838,114.558,113.312,112.097,110.914,109.759,108.633,107.533,106.459,105.411,104.386,103.384,102.404,101.446,100.508,99.59,98.6912,97.8109,96.9485,96.1033,95.2748,94.4625,93.6658,92.8842,92.1173,91.3647,90.6258,89.9003,89.1877,88.4878,87.8,87.1242,86.4599,85.8068,85.1646,84.5331,83.9119,83.3007,82.6993,82.1075,81.5249,80.9514,80.3868,79.8307,79.283,78.7435,78.212
727.378,683.617,636.179,585.24,532.109,479.861,432.511,392.587,360.132,333.87,312.365,294.453,279.274,266.208,254.806,244.74,235.761,227.683,220.36,213.678,207.545,201.888,196.645,191.766,187.21,182.941,178.929,175.148,171.576,168.194,164.984,161.933,159.026,156.253,153.604,151.068,148.638,146.306,144.066,141.912,139.838,137.839,135.91,134.048,132.248,130.508,128.823,127.191,125.609,124.075,122.586,121.139,119.734,118.367,117.037,115.743,114.482,113.254,112.057,110.89,109.751,108.639,107.553,106.493,105.457,104.444,103.454,102.485,101.537,100.609,99.701,98.8112,97.9396,97.0854,96.2481,95.4272,94.622,93.8322,93.0573,92.2967,91.55,90.8169,90.0969,89.3896,88.6948,88.0119,87.3407,86.6808,86.032,85.394,84.7663,84.1489,83.5413,82.9434,82.3549,81.7755,81.205,80.6433,80.09,79.545,79.0081
729.632,686.37,639.574,589.422,537.123,485.502,438.34,398.199,365.338,338.637,316.73,298.47,282.994,269.676,258.059,247.806,238.665,230.446,222.997,216.203,209.97,204.222,198.897,193.943,189.318,184.986,180.916,177.081,173.458,170.029,166.775,163.683,160.737,157.928,155.243,152.675,150.214,147.852,145.584,143.403,141.303,139.28,137.328,135.443,133.622,131.861,130.157,128.506,126.905,125.353,123.847,122.384,120.962,119.58,118.235,116.926,115.652,114.41,113.2,112.019,110.868,109.744,108.647,107.575,106.528,105.504,104.503,103.524,102.566,101.628,100.71,99.8106,98.9298,98.0666,97.2205,96.3909,95.5774,94.7793,93.9963,93.2278,92.4734,91.7327,91.0052,90.2907,89.5886,88.8987,88.2207,87.554,86.8986,86.254,85.62,84.9962,84.3825,83.7785,83.184,82.5987,82.0225,81.4551,80.8962,80.3457,79.8034
731.85,689.069,642.89,593.489,541.99,490.993,444.053,403.744,370.509,343.389,321.09,302.487,286.716,273.147,261.314,250.875,241.572,233.21,225.636,218.73,212.396,206.557,201.15,196.121,191.427,187.032,182.902,179.013,175.34,171.864,168.566,165.432,162.448,159.602,156.882,154.281,151.789,149.398,147.102,144.894,142.768,140.72,138.745,136.838,134.996,133.214,131.489,129.819,128.2,126.631,125.107,123.627,122.19,120.792,119.432,118.109,116.82,115.565,114.341,113.148,111.984,110.848,109.739,108.656,107.597,106.562,105.551,104.561,103.593,102.645,101.718,100.809,99.919,99.0469,98.192,97.3538,96.5318,95.7255,94.9344,94.158,93.3959,92.6476,91.9127,91.1909,90.4817,89.7847,89.0998,88.4264,87.7643,87.1132,86.4728,85.8428,85.2228,84.6128,84.0123,83.4212,82.8392,82.2661,81.7017,81.1457,80.598
734.033,691.718,646.131,597.449,546.718,496.339,449.651,409.216,375.642,348.123,325.443,306.501,290.439,276.619,264.571,253.946,244.481,235.976,228.276,221.258,214.823,208.893,203.403,198.299,193.536,189.077,184.889,180.946,177.222,173.699,170.357,167.181,164.158,161.275,158.521,155.887,153.363,150.943,148.618,146.384,144.233,142.16,140.161,138.232,136.368,134.565,132.821,131.132,129.495,127.907,126.366,124.87,123.416,122.003,120.628,119.29,117.988,116.719,115.482,114.276,113.099,111.951,110.83,109.735,108.666,107.62,106.598,105.598,104.62,103.662,102.725,101.807,100.907,100.026,99.1625,98.3157,97.4854,96.6708,95.8717,95.0874,94.3175,93.5616,92.8193,92.0902,91.3738,90.6699,89.9781,89.2979,88.6292,87.9716,87.3248,86.6885,86.0624,85.4463,84.8399,84.2429,83.6551,83.0764,82.5064,81.9449,81.3918
736.183,694.318,649.3,601.307,551.315,501.546,455.135,414.614,380.734,352.836,329.786,310.512,294.161,280.092,267.829,257.018,247.391,238.744,230.918,223.787,217.251,211.23,205.657,200.478,195.646,191.123,186.876,182.878,179.104,175.533,172.147,168.93,165.867,162.947,160.159,157.492,154.937,152.487,150.134,147.873,145.696,143.599,141.577,139.625,137.739,135.916,134.152,132.443,130.788,129.182,127.624,126.111,124.642,123.213,121.823,120.471,119.154,117.872,116.621,115.403,114.213,113.053,111.92,110.814,109.733,108.677,107.644,106.633,105.645,104.678,103.731,102.803,101.895,101.005,100.132,99.2768,98.438,97.6152,96.808,96.0158,95.2382,94.4748,93.725,92.9886,92.2651,91.5542,90.8555,90.1686,89.4933,88.8292,88.176,87.5334,86.9012,86.279,85.6666,85.0638,84.4703,83.8859,83.3103,82.7433,82.1848
738.301,696.871,652.401,605.068,555.787,506.618,460.505,419.936,385.782,357.526,334.117,314.518,297.881,283.565,271.089,260.092,250.303,241.513,233.56,226.317,219.68,213.568,207.912,202.657,197.755,193.169,188.863,184.81,180.985,177.367,173.936,170.678,167.576,164.619,161.796,159.096,156.51,154.03,151.649,149.361,147.158,145.037,142.991,141.017,139.109,137.266,135.481,133.754,132.08,130.456,128.881,127.352,125.866,124.422,123.018,121.651,120.32,119.023,117.76,116.528,115.327,114.154,113.01,111.892,110.8,109.732,108.689,107.668,106.67,105.692,104.736,103.799,102.881,101.982,101.101,100.237,99.3897,98.5587,97.7435,96.9434,96.1581,95.387,94.6299,93.8862,93.1556,92.4377,91.7321,91.0385,90.3566,89.686,89.0264,88.3775,87.7391,87.1109,86.4926,85.8839,85.2847,84.6946,84.1134,83.541,82.9771
740.388,699.38,655.437,608.738,560.142,511.562,465.764,425.18,390.783,362.191,338.436,318.517,301.599,287.038,274.349,263.167,253.216,244.283,236.204,228.847,222.109,215.905,210.167,204.836,199.865,195.214,190.85,186.742,182.866,179.2,175.726,172.425,169.285,166.291,163.432,160.699,158.082,155.573,153.163,150.848,148.62,146.474,144.405,142.408,140.479,138.614,136.81,135.063,133.371,131.73,130.138,128.592,127.09,125.63,124.211,122.829,121.484,120.174,118.898,117.653,116.439,115.254,114.098,112.969,111.865,110.787,109.733,108.702,107.693,106.706,105.74,104.794,103.867,102.959,102.069,101.196,100.341,99.5014,98.678,97.8701,97.077,96.2985,95.5339,94.783,94.0452,93.3203,92.6079,91.9075,91.219,90.5419,89.876,89.2208,88.5763,87.942,87.3178,86.7033,86.0983,85.5025,84.9158,84.3379,83.7687
742.445,701.845,658.411,612.321,564.384,516.381,470.912,430.345,395.735,366.828,342.74,322.51,305.314,290.51,277.609,266.242,256.129,247.054,238.848,231.379,224.539,218.244,212.422,207.015,201.975,197.26,192.836,188.674,184.747,181.033,177.514,174.172,170.992,167.961,165.068,162.302,159.653,157.114,154.677,152.334,150.081,147.91,145.817,143.798,141.847,139.962,138.138,136.372,134.661,133.002,131.393,129.83,128.313,126.837,125.403,124.007,122.648,121.324,120.034,118.777,117.55,116.354,115.185,114.044,112.93,111.841,110.776,109.735,108.716,107.719,106.743,105.787,104.851,103.934,103.036,102.154,101.29,100.443,99.6117,98.7959,97.9951,97.209,96.437,95.6788,94.934,94.2021,93.4828,92.7757,92.0806,91.397,90.7247,90.0633,89.4127,88.7723,88.1422,87.5218,86.9111,86.3097,85.7175,85.1341,84.5595
744.472,704.269,661.326,615.821,568.519,521.082,475.953,435.43,400.637,371.436,347.028,326.493,309.024,293.979,280.868,269.317,259.043,249.825,241.493,233.91,226.969,220.582,214.677,209.194,204.084,199.305,194.822,190.605,186.627,182.866,179.302,175.918,172.699,169.631,166.703,163.904,161.224,158.655,156.189,153.82,151.54,149.345,147.229,145.187,143.215,141.309,139.465,137.68,135.95,134.274,132.647,131.068,129.534,128.043,126.594,125.183,123.81,122.473,121.17,119.9,118.661,117.452,116.272,115.119,113.994,112.894,111.818,110.766,109.738,108.731,107.745,106.78,105.835,104.909,104.002,103.112,102.239,101.384,100.544,99.7208,98.9123,98.1187,97.3393,96.5738,95.8219,95.083,94.3569,93.6431,92.9414,92.2513,91.5726,90.905,90.2482,89.6019,88.9658,88.3396,87.7231,87.1161,86.5183,85.9295,85.3495
746.472,706.652,664.184,619.243,572.553,525.668,480.887,440.434,405.486,376.011,351.298,330.467,312.728,297.445,284.125,272.392,261.956,252.596,244.137,236.442,229.399,222.92,216.932,211.373,206.193,201.35,196.808,192.536,188.507,184.698,181.089,177.664,174.405,171.3,168.337,165.505,162.794,160.195,157.701,155.304,152.999,150.779,148.639,146.575,144.581,142.654,140.79,138.986,137.238,135.544,133.9,132.304,130.755,129.248,127.784,126.359,124.972,123.621,122.305,121.021,119.77,118.549,117.357,116.193,115.056,113.945,112.859,111.797,110.758,109.742,108.747,107.772,106.818,105.883,104.967,104.068,103.188,102.324,101.476,100.645,99.8287,99.0274,98.2407,97.468,96.7089,95.9631,95.2301,94.5096,93.8013,93.1048,92.4198,91.7459,91.083,90.4306,89.7886,89.1566,88.5344,87.9218,87.3184,86.7242,86.1388
748.444,708.997,666.987,622.59,576.49,530.145,485.719,445.358,410.28,380.554,355.547,334.429,316.426,300.908,287.381,275.465,264.869,255.367,246.782,238.974,231.829,225.258,219.186,213.551,208.302,203.395,198.793,194.466,190.386,186.529,182.876,179.408,176.111,172.969,169.97,167.105,164.362,161.734,159.211,156.788,154.457,152.212,150.049,147.962,145.947,143.999,142.115,140.292,138.525,136.813,135.152,133.54,131.974,130.453,128.973,127.533,126.132,124.768,123.438,122.142,120.878,119.645,118.441,117.266,116.118,114.996,113.9,112.827,111.778,110.752,109.747,108.763,107.8,106.856,105.931,105.024,104.135,103.263,102.407,101.568,100.744,99.9353,99.1412,98.3613,97.5951,96.8423,96.1025,95.3753,94.6604,93.9574,93.2661,92.586,91.9169,91.2586,90.6106,89.9728,89.3449,88.7266,88.1178,87.5181,86.9274
750.389,711.305,669.739,625.865,580.335,534.517,490.449,450.201,415.019,385.061,359.776,338.378,320.117,304.367,290.634,278.537,267.781,258.138,249.426,241.505,234.259,227.596,221.441,215.729,210.41,205.439,200.778,196.395,192.264,188.36,184.662,181.152,177.815,174.636,171.603,168.704,165.93,163.272,160.721,158.27,155.914,153.644,151.458,149.348,147.311,145.343,143.439,141.596,139.811,138.081,136.403,134.774,133.193,131.656,130.161,128.707,127.292,125.913,124.571,123.262,121.985,120.74,119.525,118.338,117.179,116.046,114.939,113.856,112.797,111.761,110.746,109.753,108.781,107.828,106.894,105.979,105.081,104.201,103.337,102.49,101.659,100.842,100.041,99.2537,98.4804,97.7207,96.9741,96.2402,95.5187,94.8093,94.1116,93.4253,92.7501,92.0857,91.4318,90.7882,90.1546,89.5307,88.9164,88.3112,87.7152
752.309,713.577,672.44,629.072,584.092,538.788,495.081,454.964,419.701,389.531,363.982,342.314,323.799,307.82,293.884,281.607,270.692,260.907,252.07,244.036,236.688,229.934,223.695,217.907,212.518,207.482,202.762,198.324,194.142,190.19,186.447,182.895,179.519,176.303,173.234,170.302,167.497,164.809,162.229,159.752,157.369,155.076,152.865,150.733,148.674,146.685,144.762,142.9,141.096,139.349,137.653,136.008,134.41,132.857,131.348,129.879,128.45,127.058,125.702,124.38,123.092,121.834,120.607,119.409,118.238,117.095,115.977,114.884,113.815,112.769,111.745,110.742,109.761,108.799,107.856,106.932,106.026,105.138,104.267,103.412,102.572,101.749,100.94,100.145,99.3649,98.5982,97.8448,97.1042,96.3762,95.6603,94.9563,94.2637,93.5824,92.912,92.2523,91.6029,90.9636,90.3341,89.7142,89.1036,88.5022
754.203,715.815,675.093,632.213,587.765,542.962,499.618,459.647,424.325,393.964,368.163,346.235,327.472,311.268,297.13,284.675,273.601,263.676,254.713,246.566,239.117,232.271,225.948,220.084,214.625,209.525,204.745,200.252,196.018,192.018,188.231,184.638,181.222,177.968,174.865,171.9,169.063,166.345,163.737,161.232,158.824,156.506,154.272,152.117,150.037,148.027,146.083,144.202,142.38,140.615,138.902,137.24,135.626,134.058,132.534,131.051,129.607,128.202,126.833,125.498,124.197,122.927,121.688,120.479,119.297,118.143,117.014,115.911,114.832,113.776,112.742,111.73,110.74,109.769,108.817,107.885,106.971,106.074,105.195,104.332,103.485,102.654,101.838,101.036,100.249,99.4749,98.7146,97.9674,97.2328,96.5105,95.8001,95.1014,94.414,93.7376,93.0719,92.4167,91.7717,91.1367,90.5112,89.8953,89.2885
756.074,718.018,677.7,635.292,591.358,547.044,504.061,464.251,428.891,398.356,372.32,350.139,331.135,314.709,300.372,287.74,276.509,266.443,257.355,249.095,241.545,234.607,228.201,222.261,216.732,211.567,206.728,202.18,197.894,193.847,190.014,186.379,182.923,179.633,176.494,173.496,170.628,167.88,165.244,162.712,160.278,157.935,155.677,153.5,151.398,149.367,147.404,145.504,143.663,141.88,140.15,138.472,136.842,135.258,133.719,132.221,130.764,129.345,127.962,126.615,125.301,124.019,122.769,121.547,120.355,119.19,118.051,116.937,115.848,114.782,113.739,112.718,111.718,110.738,109.778,108.837,107.914,107.01,106.122,105.252,104.397,103.558,102.735,101.926,101.131,100.351,99.5837,98.8297,98.0886,97.3598,96.6432,95.9382,95.2447,94.5624,93.8908,93.2298,92.5791,91.9385,91.3075,90.6862,90.0741
757.921,720.19,680.263,638.311,594.875,551.036,508.415,468.777,433.398,402.708,376.449,354.026,334.787,318.143,303.609,290.801,279.414,269.208,259.995,251.623,243.972,236.942,230.453,224.436,218.837,213.608,208.709,204.106,199.77,195.674,191.797,188.119,184.624,181.297,178.123,175.091,172.192,169.414,166.749,164.19,161.73,159.363,157.082,154.882,152.758,150.707,148.723,146.804,144.945,143.144,141.397,139.702,138.056,136.457,134.902,133.39,131.919,130.486,129.091,127.73,126.404,125.11,123.848,122.615,121.412,120.235,119.086,117.962,116.863,115.787,114.734,113.704,112.695,111.706,110.737,109.788,108.857,107.944,107.049,106.17,105.308,104.462,103.631,102.815,102.013,101.226,100.452,99.6913,98.9436,98.2084,97.4854,96.7743,96.0747,95.3863,94.7089,94.0421,93.3858,92.7395,92.1031,91.4763,90.8589
759.745,722.33,682.782,641.272,598.317,554.942,512.681,473.226,437.845,407.019,380.551,357.896,338.426,321.568,306.841,293.859,282.316,271.971,262.634,254.15,246.398,239.276,232.703,226.611,220.942,215.649,210.69,206.032,201.644,197.5,193.578,189.859,186.324,182.959,179.75,176.686,173.754,170.946,168.254,165.668,163.182,160.79,158.485,156.262,154.117,152.045,150.042,148.103,146.226,144.407,142.643,140.931,139.269,137.655,136.085,134.559,133.073,131.627,130.218,128.845,127.506,126.2,124.926,123.682,122.467,121.28,120.12,118.986,117.877,116.791,115.729,114.689,113.671,112.673,111.696,110.738,109.799,108.878,107.974,107.088,106.218,105.364,104.526,103.703,102.894,102.1,101.319,100.552,99.7977,99.0561,98.3268,97.6095,96.9038,96.2095,95.5262,94.8537,94.1916,93.5398,92.8979,92.2657,91.643
761.546,724.439,685.261,644.179,601.69,558.767,516.862,477.6,442.234,411.287,384.624,361.745,342.053,324.986,310.067,296.912,285.215,274.732,265.271,256.676,248.822,241.609,234.953,228.785,223.046,217.688,212.67,207.956,203.517,199.325,195.359,191.597,188.023,184.621,181.377,178.279,175.316,172.478,169.757,167.144,164.632,162.215,159.887,157.642,155.475,153.382,151.359,149.401,147.505,145.668,143.887,142.159,140.481,138.851,137.267,135.726,134.226,132.766,131.344,129.959,128.607,127.289,126.003,124.748,123.522,122.324,121.153,120.009,118.89,117.794,116.723,115.673,114.646,113.64,112.654,111.687,110.74,109.81,108.899,108.005,107.127,106.266,105.421,104.59,103.774,102.973,102.186,101.412,100.651,99.903,99.1674,98.4439,97.7322,97.0319,96.3427,95.6644,94.9967,94.3393,93.6919,93.0543,92.4263
763.326,726.519,687.699,647.032,604.995,562.512,520.961,481.899,446.562,415.512,388.666,365.575,345.667,328.394,313.287,299.961,288.111,277.491,267.905,259.199,251.245,243.941,237.202,230.957,225.148,219.726,214.648,209.88,205.389,201.149,197.138,193.334,189.721,186.281,183.002,179.871,176.877,174.009,171.259,168.619,166.082,163.64,161.288,159.021,156.832,154.718,152.675,150.698,148.784,146.929,145.131,143.386,141.692,140.047,138.447,136.892,135.378,133.905,132.47,131.071,129.707,128.377,127.08,125.813,124.576,123.367,122.186,121.031,119.902,118.797,117.715,116.657,115.62,114.605,113.61,112.635,111.679,110.742,109.823,108.921,108.036,107.167,106.314,105.476,104.654,103.846,103.051,102.271,101.503,100.749,100.007,99.2775,98.5597,97.8535,97.1585,96.4744,95.801,95.138,94.4851,93.8422,93.2088
765.084,728.571,690.099,649.834,608.235,566.181,524.98,486.125,450.832,419.692,392.679,369.384,349.266,331.792,316.499,303.005,291.003,280.246,270.538,261.721,253.667,246.271,239.449,233.128,227.25,221.763,216.626,211.802,207.26,202.972,198.916,195.07,191.417,187.941,184.626,181.462,178.436,175.538,172.76,170.093,167.53,165.064,162.688,160.398,158.188,156.053,153.99,151.994,150.061,148.189,146.373,144.612,142.902,141.241,139.627,138.057,136.529,135.042,133.594,132.183,130.806,129.464,128.155,126.877,125.628,124.409,123.217,122.052,120.913,119.798,118.707,117.639,116.594,115.569,114.566,113.582,112.618,111.673,110.746,109.836,108.943,108.067,107.207,106.362,105.532,104.717,103.916,103.129,102.355,101.594,100.846,100.11,99.3865,98.6743,97.9734,97.2836,96.6045,95.936,95.2776,94.6293,93.9907
766.823,730.595,692.461,652.587,611.413,569.777,528.921,490.278,455.042,423.829,396.659,373.17,352.849,335.179,319.704,306.044,293.891,282.998,273.168,264.24,256.086,248.6,241.695,235.298,229.35,223.799,218.602,213.723,209.13,204.794,200.693,196.805,193.113,189.599,186.249,183.052,179.994,177.067,174.26,171.566,168.977,166.486,164.087,161.774,159.542,157.387,155.304,153.289,151.337,149.447,147.615,145.837,144.111,142.435,140.805,139.221,137.679,136.179,134.717,133.293,131.904,130.55,129.229,127.939,126.68,125.45,124.247,123.072,121.923,120.798,119.698,118.621,117.566,116.533,115.521,114.529,113.556,112.603,111.668,110.75,109.85,108.966,108.099,107.247,106.41,105.588,104.78,103.986,103.206,102.439,101.684,100.942,100.212,99.4943,98.7876,98.092,97.4073,96.7332,96.0694,95.4157,94.7717
768.541,732.592,694.788,655.293,614.532,573.302,532.788,494.362,459.193,427.92,400.607,376.934,356.417,338.556,322.901,309.076,296.774,285.747,275.795,266.758,258.504,250.927,243.939,237.466,231.448,225.833,220.577,215.643,210.998,206.615,202.469,198.539,194.807,191.256,187.871,184.64,181.551,178.594,175.759,173.038,170.423,167.907,165.484,163.149,160.896,158.72,156.617,154.582,152.613,150.705,148.855,147.061,145.319,143.627,141.983,140.384,138.828,137.314,135.839,134.402,133.001,131.635,130.302,129.001,127.731,126.49,125.277,124.091,122.932,121.797,120.688,119.601,118.537,117.495,116.475,115.474,114.494,113.532,112.589,111.663,110.756,109.864,108.989,108.13,107.287,106.458,105.643,104.843,104.056,103.282,102.522,101.774,101.038,100.313,99.6009,98.8996,98.2093,97.5296,96.8604,96.2013,95.5521
770.239,734.563,697.08,657.953,617.592,576.76,536.583,498.377,463.286,431.966,404.522,380.674,359.968,341.92,326.089,312.103,299.653,288.492,278.419,269.272,260.919,253.252,246.181,239.633,233.545,227.866,222.551,217.561,212.865,208.434,204.243,200.272,196.5,192.911,189.492,186.228,183.107,180.12,177.256,174.508,171.867,169.327,166.881,164.523,162.248,160.051,157.928,155.875,153.887,151.961,150.094,148.283,146.525,144.818,143.159,141.546,139.976,138.448,136.96,135.51,134.097,132.719,131.374,130.062,128.78,127.528,126.305,125.109,123.94,122.796,121.676,120.581,119.508,118.457,117.428,116.419,115.43,114.46,113.509,112.576,111.66,110.762,109.88,109.013,108.163,107.327,106.506,105.698,104.905,104.125,103.358,102.604,101.862,101.132,100.414,99.7065,99.0105,98.3253,97.6506,96.9861,96.3317
771.918,736.508,699.339,660.569,620.598,580.152,540.307,502.324,467.321,435.967,408.403,384.391,363.502,345.272,329.269,315.122,302.527,291.233,281.04,271.784,263.332,255.575,248.422,241.798,235.641,229.898,224.523,219.478,214.731,210.252,206.016,202.003,198.191,194.566,191.111,187.814,184.662,181.645,178.753,175.977,173.311,170.746,168.276,165.896,163.599,161.382,159.239,157.166,155.159,153.216,151.332,149.504,147.731,146.008,144.334,142.706,141.123,139.581,138.08,136.618,135.192,133.802,132.445,131.122,129.829,128.566,127.332,126.126,124.947,123.793,122.664,121.559,120.477,119.418,118.38,117.362,116.365,115.387,114.428,113.487,112.564,111.658,110.769,109.895,109.038,108.195,107.367,106.553,105.753,104.967,104.194,103.434,102.685,101.95,101.225,100.513,99.8109,99.1202,98.4401,97.7703,97.1105
773.579,738.429,701.564,663.143,623.55,583.481,543.963,506.205,471.299,439.922,412.251,388.082,367.018,348.611,332.438,318.134,305.395,293.97,283.658,274.293,265.743,257.895,250.66,243.961,237.735,231.927,226.494,221.394,216.595,212.069,207.788,203.732,199.882,196.219,192.729,189.398,186.215,183.168,180.248,177.445,174.753,172.163,169.67,167.267,164.949,162.711,160.548,158.456,156.431,154.47,152.569,150.725,148.935,147.197,145.508,143.866,142.268,140.713,139.199,137.724,136.286,134.884,133.515,132.18,130.876,129.603,128.359,127.142,125.953,124.79,123.651,122.537,121.446,120.377,119.331,118.305,117.299,116.313,115.346,114.398,113.467,112.554,111.657,110.777,109.912,109.062,108.228,107.407,106.601,105.808,105.029,104.262,103.508,102.766,102.036,101.318,100.611,99.9144,99.2288,98.5536,97.8886
775.222,740.326,703.759,665.676,626.451,586.75,547.553,510.022,475.221,443.832,416.063,391.748,370.516,351.937,335.598,321.139,308.257,296.702,286.271,276.799,268.151,260.214,252.897,246.122,239.827,233.956,228.463,223.308,218.458,213.884,209.559,205.461,201.571,197.871,194.346,190.982,187.767,184.69,181.741,178.912,176.194,173.58,171.063,168.637,166.298,164.039,161.856,159.745,157.701,155.722,153.804,151.944,150.138,148.385,146.681,145.024,143.413,141.844,140.317,138.829,137.379,135.964,134.584,133.238,131.923,130.639,129.384,128.157,126.958,125.785,124.637,123.513,122.413,121.336,120.281,119.246,118.233,117.239,116.264,115.308,114.369,113.448,112.544,111.657,110.785,109.929,109.087,108.26,107.448,106.649,105.863,105.09,104.33,103.582,102.847,102.122,101.41,100.708,100.017,99.3362,98.666
776.846,742.2,705.922,668.17,629.302,589.96,551.08,513.777,479.086,447.696,419.841,395.388,373.994,355.248,338.747,324.136,311.113,299.429,288.881,279.302,270.556,262.53,255.131,248.282,241.917,235.982,230.43,225.221,220.32,215.697,211.328,207.188,203.258,199.521,195.961,192.564,189.318,186.211,183.234,180.377,177.634,174.995,172.454,170.006,167.645,165.365,163.163,161.032,158.971,156.974,155.039,153.162,151.34,149.571,147.853,146.182,144.556,142.974,141.434,139.933,138.47,137.044,135.652,134.294,132.968,131.673,130.408,129.171,127.962,126.779,125.622,124.489,123.38,122.294,121.23,120.187,119.165,118.163,117.18,116.216,115.271,114.342,113.431,112.536,111.658,110.794,109.946,109.113,108.294,107.488,106.696,105.917,105.151,104.398,103.656,102.926,102.208,101.5,100.804,100.118,99.4426
778.454,744.051,708.056,670.625,632.106,593.113,554.544,517.47,482.897,451.514,423.583,399.001,377.453,358.545,341.886,327.125,313.962,302.151,291.486,281.801,272.958,264.843,257.363,250.439,244.005,238.007,232.396,227.131,222.179,217.509,213.095,208.914,204.945,201.17,197.575,194.145,190.867,187.731,184.725,181.842,179.072,176.409,173.845,171.374,168.991,166.691,164.468,162.319,160.239,158.224,156.272,154.379,152.541,150.757,149.023,147.338,145.698,144.103,142.549,141.036,139.561,138.122,136.719,135.35,134.013,132.707,131.431,130.184,128.965,127.773,126.606,125.464,124.346,123.251,122.178,121.127,120.097,119.087,118.096,117.124,116.171,115.235,114.317,113.415,112.529,111.659,110.804,109.964,109.139,108.327,107.529,106.744,105.972,105.212,104.465,103.729,103.005,102.292,101.59,100.899,100.218
780.045,745.88,710.161,673.043,634.863,596.212,557.949,521.103,486.653,455.288,427.29,402.587,380.892,361.827,345.013,330.104,316.805,304.868,294.088,284.297,275.357,267.153,259.592,252.594,246.092,240.029,234.359,229.041,224.038,219.32,214.861,210.638,206.629,202.818,199.188,195.724,192.415,189.249,186.215,183.304,180.509,177.821,175.234,172.741,170.336,168.015,165.773,163.604,161.506,159.474,157.504,155.594,153.741,151.941,150.193,148.493,146.839,145.23,143.664,142.138,140.65,139.2,137.785,136.404,135.056,133.74,132.454,131.196,129.967,128.765,127.589,126.438,125.31,124.207,123.125,122.066,121.027,120.009,119.011,118.031,117.07,116.127,115.201,114.293,113.4,112.523,111.661,110.815,109.983,109.165,108.36,107.569,106.791,106.026,105.273,104.531,103.802,103.083,102.376,101.68,100.994
781.619,747.687,712.239,675.425,637.576,599.258,561.296,524.677,490.355,459.016,430.961,406.146,384.31,365.094,348.128,333.075,319.641,307.579,296.684,286.788,277.752,269.461,261.819,254.746,248.176,242.05,236.321,230.948,225.894,221.129,216.625,212.36,208.312,204.464,200.799,197.302,193.962,190.765,187.703,184.766,181.945,179.232,176.621,174.106,171.68,169.338,167.076,164.888,162.771,160.721,158.735,156.809,154.939,153.124,151.361,149.647,147.98,146.357,144.777,143.238,141.739,140.276,138.85,137.458,136.099,134.772,133.475,132.208,130.968,129.756,128.571,127.41,126.274,125.162,124.072,123.004,121.957,120.931,119.925,118.937,117.969,117.018,116.085,115.169,114.27,113.386,112.518,111.665,110.826,110.002,109.191,108.394,107.61,106.839,106.08,105.333,104.597,103.874,103.161,102.459,101.768
783.177,749.473,714.289,677.773,640.245,602.253,564.586,528.195,494.006,462.699,434.596,409.678,387.707,368.344,351.232,336.037,322.469,310.284,299.276,289.276,280.144,271.766,264.043,256.897,250.258,244.069,238.281,232.853,227.749,222.936,218.388,214.081,209.994,206.109,202.408,198.879,195.507,192.281,189.19,186.226,183.379,180.642,178.008,175.47,173.022,170.66,168.378,166.171,164.036,161.968,159.965,158.022,156.137,154.306,152.528,150.8,149.118,147.482,145.89,144.338,142.826,141.352,139.913,138.51,137.14,135.802,134.495,133.218,131.969,130.747,129.552,128.382,127.237,126.116,125.017,123.941,122.886,121.852,120.837,119.843,118.867,117.909,116.968,116.045,115.139,114.248,113.373,112.514,111.669,110.838,110.021,109.218,108.428,107.651,106.886,106.133,105.392,104.663,103.945,103.238,102.542
784.719,751.239,716.312,680.087,642.873,605.199,567.822,531.657,497.604,466.339,438.195,413.181,391.082,371.578,354.322,338.989,325.29,312.983,301.862,291.759,282.533,274.067,266.265,259.044,252.337,246.085,240.239,234.757,229.602,224.741,220.149,215.8,211.674,207.752,204.017,200.454,197.051,193.795,190.676,187.685,184.812,182.051,179.393,176.832,174.363,171.98,169.678,167.453,165.299,163.214,161.193,159.234,157.333,155.487,153.694,151.951,150.256,148.607,147.001,145.436,143.912,142.426,140.976,139.561,138.18,136.832,135.514,134.227,132.968,131.736,130.532,129.353,128.199,127.069,125.962,124.877,123.814,122.772,121.749,120.747,119.763,118.798,117.851,116.92,116.007,115.11,114.228,113.362,112.51,111.673,110.85,110.041,109.245,108.462,107.691,106.933,106.187,105.452,104.729,104.016,103.315
786.246,752.985,718.31,682.368,645.461,608.097,571.005,535.065,501.152,469.933,441.758,416.656,394.436,374.796,357.4,341.93,328.103,315.675,304.443,294.238,284.917,276.365,268.483,261.189,254.414,248.1,242.195,236.659,231.453,226.545,221.908,217.518,213.353,209.393,205.623,202.028,198.593,195.307,192.16,189.142,186.244,183.458,180.777,178.194,175.703,173.299,170.978,168.733,166.561,164.458,162.421,160.445,158.528,156.667,154.859,153.102,151.393,149.73,148.111,146.534,144.997,143.499,142.038,140.612,139.22,137.86,136.532,135.235,133.966,132.725,131.511,130.323,129.16,128.021,126.905,125.812,124.741,123.69,122.661,121.65,120.659,119.687,118.732,117.795,116.874,115.97,115.082,114.209,113.351,112.508,111.679,110.863,110.061,109.272,108.496,107.732,106.98,106.24,105.511,104.794,104.087
787.757,754.712,720.283,684.617,648.009,610.949,574.136,538.421,504.649,473.485,445.285,420.102,397.768,377.996,360.465,344.862,330.908,318.361,307.019,296.712,287.298,278.66,270.698,263.331,256.489,250.112,244.149,238.558,233.302,228.347,223.666,219.234,215.029,211.033,207.228,203.6,200.134,196.819,193.643,190.598,187.674,184.864,182.159,179.554,177.042,174.617,172.276,170.012,167.822,165.701,163.647,161.655,159.722,157.845,156.023,154.251,152.528,150.852,149.22,147.63,146.081,144.571,143.098,141.661,140.258,138.888,137.55,136.242,134.963,133.712,132.489,131.292,130.119,128.972,127.848,126.746,125.667,124.608,123.571,122.553,121.554,120.574,119.612,118.668,117.741,116.83,115.935,115.056,114.191,113.342,112.506,111.685,110.877,110.082,109.3,108.531,107.773,107.027,106.293,105.57,104.858
789.254,756.419,722.232,686.836,650.52,613.755,577.218,541.725,508.098,476.993,448.776,423.52,401.077,381.179,363.516,347.783,333.704,321.04,309.589,299.181,289.675,280.951,272.911,265.471,258.561,252.121,246.101,240.456,235.149,230.147,225.422,220.948,216.705,212.672,208.832,205.17,201.673,198.328,195.125,192.053,189.103,186.268,183.54,180.912,178.379,175.934,173.572,171.29,169.081,166.943,164.871,162.863,160.914,159.023,157.185,155.399,153.663,151.973,150.328,148.725,147.164,145.642,144.158,142.709,141.295,139.914,138.566,137.247,135.959,134.699,133.466,132.259,131.078,129.922,128.789,127.679,126.592,125.525,124.48,123.454,122.448,121.461,120.492,119.54,118.606,117.689,116.787,115.901,115.03,114.175,113.333,112.506,111.692,110.891,110.103,109.328,108.565,107.814,107.074,106.346,105.629
790.737,758.108,724.157,689.025,652.993,616.519,580.251,544.978,511.499,480.458,452.231,426.909,404.363,384.344,366.553,350.692,336.491,323.712,312.153,301.646,292.047,283.238,275.12,267.607,260.63,254.128,248.05,242.351,236.994,231.945,227.176,222.661,218.378,214.308,210.434,206.739,203.211,199.836,196.605,193.506,190.531,187.671,184.92,182.27,179.715,177.249,174.868,172.566,170.339,168.184,166.095,164.07,162.106,160.199,158.347,156.546,154.796,153.093,151.434,149.82,148.246,146.712,145.216,143.756,142.331,140.94,139.581,138.252,136.954,135.684,134.442,133.226,132.036,130.871,129.73,128.612,127.516,126.442,125.388,124.355,123.341,122.347,121.371,120.412,119.471,118.546,117.638,116.746,115.869,115.007,114.159,113.326,112.506,111.699,110.906,110.125,109.356,108.6,107.855,107.121,106.399
792.205,759.779,726.059,691.186,655.432,619.241,583.238,548.183,514.853,483.881,455.651,430.268,407.627,387.492,369.576,353.591,339.269,326.376,314.711,304.105,294.415,285.522,277.325,269.741,262.697,256.133,249.997,244.244,238.837,233.741,228.928,224.371,220.05,215.943,212.034,208.306,204.747,201.343,198.083,194.957,191.957,189.073,186.298,183.626,181.049,178.563,176.162,173.841,171.596,169.423,167.318,165.276,163.296,161.374,159.507,157.692,155.928,154.211,152.54,150.913,149.327,147.781,146.273,144.802,143.366,141.964,140.595,139.256,137.948,136.669,135.417,134.192,132.993,131.819,130.67,129.543,128.439,127.357,126.296,125.255,124.234,123.232,122.248,121.283,120.335,119.404,118.489,117.59,116.706,115.838,114.984,114.145,113.319,112.507,111.707,110.921,110.147,109.385,108.634,107.896,107.168
793.659,761.432,727.938,693.317,657.835,621.921,586.179,551.341,518.16,487.263,459.035,433.599,410.867,390.62,372.585,356.478,342.038,329.033,317.263,306.559,296.779,287.802,279.527,271.871,264.761,258.135,251.941,246.135,240.678,235.535,230.678,226.08,221.72,217.576,213.632,209.872,206.281,202.848,199.56,196.407,193.381,190.473,187.675,184.98,182.382,179.876,177.455,175.115,172.852,170.661,168.539,166.481,164.485,162.548,160.666,158.837,157.059,155.329,153.645,152.004,150.406,148.849,147.329,145.847,144.4,142.988,141.608,140.259,138.941,137.652,136.391,135.157,133.949,132.767,131.608,130.473,129.361,128.271,127.202,126.154,125.125,124.116,123.125,122.153,121.198,120.26,119.338,118.433,117.543,116.669,115.809,114.963,114.131,113.313,112.508,111.716,110.936,110.169,109.413,108.669,107.936
795.1,763.068,729.796,695.422,660.206,624.563,589.075,554.452,521.423,490.603,462.383,436.9,414.084,393.731,375.578,359.353,344.798,331.682,319.809,309.008,299.137,290.077,281.726,273.998,266.821,260.134,253.884,248.024,242.517,237.327,232.426,227.787,223.388,219.208,215.229,211.436,207.814,204.351,201.035,197.856,194.804,191.872,189.05,186.333,183.714,181.187,178.747,176.388,174.106,171.898,169.759,167.685,165.673,163.72,161.824,159.981,158.188,156.445,154.748,153.095,151.485,149.915,148.384,146.891,145.433,144.01,142.62,141.261,139.933,138.634,137.364,136.121,134.904,133.713,132.546,131.403,130.283,129.184,128.108,127.052,126.016,124.999,124.001,123.022,122.06,121.115,120.187,119.275,118.379,117.498,116.632,115.78,114.943,114.119,113.308,112.51,111.725,110.952,110.191,109.442,108.704
796.528,764.687,731.632,697.5,662.543,627.166,591.929,557.518,524.641,493.903,465.696,440.173,417.277,396.822,378.557,362.216,347.548,334.324,322.348,311.451,301.491,292.349,283.921,276.122,268.879,262.131,255.823,249.91,244.353,239.117,234.172,229.492,225.054,220.837,216.824,212.999,209.346,205.853,202.509,199.303,196.226,193.269,190.424,187.685,185.044,182.497,180.037,177.659,175.36,173.133,170.977,168.887,166.859,164.891,162.98,161.123,159.317,157.56,155.85,154.185,152.562,150.981,149.438,147.934,146.465,145.031,143.631,142.262,140.924,139.616,138.336,137.084,135.858,134.658,133.483,132.331,131.203,130.097,129.012,127.949,126.905,125.881,124.876,123.89,122.921,121.97,121.035,120.117,119.214,118.327,117.455,116.597,115.754,114.924,114.107,113.304,112.513,111.735,110.969,110.214,109.471
797.942,766.29,733.448,699.552,664.849,629.731,594.741,560.539,527.815,497.162,468.975,443.416,420.446,399.894,381.521,365.067,350.287,336.957,324.879,313.888,303.841,294.616,286.112,278.242,270.934,264.125,257.76,251.794,246.187,240.905,235.916,231.195,226.718,222.465,218.418,214.559,210.876,207.354,203.981,200.749,197.646,194.665,191.797,189.035,186.374,183.805,181.326,178.929,176.611,174.368,172.195,170.088,168.045,166.062,164.136,162.264,160.444,158.674,156.951,155.273,153.639,152.045,150.491,148.975,147.496,146.051,144.64,143.262,141.914,140.596,139.307,138.046,136.811,135.603,134.419,133.259,132.123,131.008,129.916,128.845,127.794,126.763,125.751,124.757,123.782,122.823,121.882,120.957,120.048,119.155,118.277,117.413,116.564,115.728,114.906,114.097,113.301,112.517,111.745,110.986,110.237
799.344,767.876,735.243,701.579,667.125,632.261,597.512,563.518,530.948,500.382,472.219,446.63,423.592,402.947,384.469,367.906,353.017,339.581,327.404,316.32,306.185,296.878,288.299,280.359,272.986,266.115,259.694,253.675,248.019,242.69,237.658,232.896,228.381,224.091,220.009,216.118,212.404,208.852,205.452,202.193,199.065,196.059,193.168,190.384,187.701,185.113,182.613,180.198,177.862,175.601,173.411,171.288,169.229,167.23,165.29,163.404,161.571,159.787,158.051,156.361,154.714,153.108,151.543,150.016,148.526,147.071,145.649,144.26,142.903,141.576,140.277,139.007,137.763,136.546,135.354,134.186,133.041,131.919,130.819,129.74,128.682,127.643,126.624,125.624,124.641,123.676,122.728,121.797,120.882,119.982,119.098,118.228,117.373,116.531,115.704,114.889,114.087,113.298,112.521,111.756,111.003
800.733,769.447,737.019,703.581,669.37,634.755,600.244,566.455,534.038,503.563,475.428,449.815,426.713,405.981,387.401,370.732,355.736,342.197,329.922,318.745,308.523,299.136,290.482,282.473,275.034,268.103,261.626,255.554,249.849,244.473,239.398,234.595,230.041,225.716,221.599,217.676,213.93,210.349,206.921,203.635,200.482,197.452,194.538,191.732,189.027,186.418,183.899,181.465,179.111,176.832,174.625,172.486,170.412,168.398,166.443,164.543,162.696,160.899,159.15,157.447,155.788,154.171,152.594,151.056,149.554,148.089,146.657,145.258,143.891,142.554,141.246,139.967,138.715,137.488,136.288,135.111,133.959,132.829,131.721,130.634,129.569,128.523,127.497,126.489,125.5,124.528,123.574,122.636,121.714,120.809,119.918,119.042,118.181,117.334,116.501,115.68,114.873,114.079,113.296,112.526,111.768
802.11,771.002,738.775,705.559,671.586,637.215,602.937,569.351,537.088,506.706,478.604,452.971,429.811,408.995,390.317,373.544,358.445,344.805,332.433,321.164,310.857,301.39,292.661,284.582,277.079,270.088,263.554,257.431,251.676,246.254,241.136,236.292,231.7,227.338,223.187,219.231,215.455,211.845,208.389,205.076,201.897,198.843,195.906,193.078,190.352,187.723,185.184,182.731,180.359,178.063,175.839,173.684,171.593,169.565,167.595,165.68,163.819,162.009,160.247,158.532,156.861,155.232,153.644,152.094,150.582,149.106,147.664,146.255,144.878,143.531,142.214,140.926,139.665,138.43,137.221,136.036,134.875,133.737,132.622,131.528,130.455,129.402,128.368,127.354,126.358,125.379,124.418,123.474,122.546,121.634,120.738,119.856,118.989,118.136,117.297,116.471,115.658,114.858,114.071,113.295,112.532
803.475,772.542,740.512,707.514,673.775,639.642,605.593,572.207,540.097,509.812,481.745,456.098,432.885,411.989,393.218,376.344,361.143,347.403,334.936,323.577,313.185,303.639,294.836,286.688,279.121,272.07,265.48,259.304,253.5,248.033,242.871,237.987,233.356,228.958,224.773,220.785,216.978,213.338,209.855,206.516,203.311,200.233,197.273,194.422,191.675,189.026,186.468,183.996,181.605,179.292,177.051,174.88,172.774,170.73,168.745,166.817,164.942,163.119,161.344,159.616,157.933,156.292,154.692,153.131,151.609,150.122,148.669,147.251,145.864,144.508,143.181,141.884,140.614,139.37,138.153,136.96,135.791,134.645,133.522,132.42,131.34,130.279,129.239,128.217,127.215,126.23,125.262,124.311,123.377,122.459,121.556,120.669,119.796,118.937,118.092,117.261,116.443,115.637,114.844,114.064,113.295
804.828,774.067,742.23,709.446,675.935,642.037,608.213,575.025,543.068,512.88,484.854,459.196,435.934,414.964,396.102,379.131,363.83,349.992,337.431,325.983,315.507,305.883,297.006,288.79,281.159,274.049,267.403,261.175,255.322,249.809,244.604,239.68,235.011,230.577,226.357,222.337,218.499,214.83,211.319,207.953,204.724,201.622,198.638,195.765,192.997,190.327,187.75,185.259,182.85,180.519,178.262,176.074,173.953,171.894,169.894,167.952,166.064,164.227,162.439,160.699,159.003,157.351,155.739,154.168,152.634,151.137,149.674,148.245,146.849,145.483,144.148,142.841,141.562,140.31,139.084,137.883,136.706,135.552,134.421,133.312,132.224,131.156,130.109,129.08,128.071,127.079,126.105,125.148,124.207,123.283,122.374,121.48,120.602,119.737,118.887,118.05,117.226,116.415,115.617,114.832,114.058
806.169,775.578,743.931,711.356,678.069,644.4,610.797,577.804,546,515.912,487.929,462.265,438.959,417.918,398.969,381.904,366.506,352.573,339.919,328.383,317.824,308.121,299.172,290.888,283.194,276.024,269.323,263.043,257.142,251.583,246.335,241.37,236.663,232.193,227.94,223.887,220.018,216.32,212.781,209.389,206.135,203.008,200.002,197.107,194.318,191.627,189.03,186.521,184.094,181.746,179.472,177.268,175.13,173.056,171.043,169.086,167.184,165.334,163.533,161.78,160.073,158.408,156.786,155.203,153.658,152.15,150.678,149.239,147.832,146.457,145.113,143.797,142.509,141.249,140.014,138.805,137.62,136.458,135.319,134.203,133.107,132.033,130.978,129.942,128.926,127.927,126.947,125.983,125.037,124.106,123.191,122.291,121.407,120.537,119.68,118.838,118.009,117.193,116.39,115.598,114.819
807.499,777.074,745.614,713.244,680.176,646.733,613.347,580.547,548.895,518.907,490.972,465.307,441.96,420.852,401.82,384.663,369.171,355.143,342.399,330.776,320.135,310.355,301.334,292.982,285.225,277.996,271.24,264.908,258.959,253.355,248.064,243.059,238.314,233.807,229.52,225.435,221.536,217.809,214.242,210.824,207.544,204.393,201.364,198.447,195.637,192.926,190.309,187.781,185.337,182.971,180.68,178.46,176.307,174.218,172.189,170.219,168.303,166.44,164.626,162.861,161.141,159.465,157.831,156.237,154.682,153.163,151.68,150.231,148.815,147.431,146.077,144.752,143.455,142.186,140.943,139.726,138.532,137.363,136.217,135.092,133.99,132.908,131.846,130.804,129.78,128.775,127.788,126.818,125.865,124.928,124.007,123.102,122.211,121.335,120.473,119.626,118.791,117.97,117.161,116.365,115.581
808.818,778.557,747.28,715.111,682.259,649.035,615.863,583.253,551.753,521.868,493.983,468.319,444.937,423.767,404.655,387.409,371.824,357.704,344.87,333.162,322.44,312.584,303.491,295.073,287.252,279.965,273.154,266.771,260.773,255.124,249.79,244.745,239.962,235.42,231.099,226.981,223.051,219.296,215.701,212.257,208.952,205.777,202.724,199.786,196.954,194.223,191.587,189.04,186.578,184.195,181.887,179.651,177.482,175.378,173.335,171.35,169.421,167.544,165.718,163.94,162.208,160.521,158.875,157.27,155.704,154.175,152.682,151.223,149.797,148.403,147.04,145.706,144.401,143.123,141.871,140.646,139.444,138.267,137.113,135.981,134.871,133.782,132.713,131.664,130.634,129.622,128.628,127.652,126.693,125.75,124.823,123.911,123.015,122.133,121.266,120.412,119.572,118.745,117.932,117.13,116.341
810.126,780.026,748.929,716.957,684.316,651.309,618.346,585.925,554.576,524.794,496.961,471.304,447.891,426.661,407.472,390.14,374.465,360.256,347.334,335.541,324.738,314.807,305.643,297.158,289.276,281.93,275.065,268.63,262.585,256.89,251.514,246.429,241.608,237.03,232.675,228.525,224.565,220.781,217.158,213.688,210.358,207.159,204.083,201.123,198.27,195.519,192.864,190.298,187.817,185.417,183.093,180.84,178.656,176.537,174.479,172.481,170.537,168.648,166.809,165.018,163.275,161.575,159.918,158.302,156.725,155.186,153.682,152.213,150.778,149.374,148.002,146.659,145.345,144.058,142.799,141.565,140.355,139.17,138.009,136.869,135.752,134.655,133.579,132.523,131.486,130.468,129.468,128.485,127.519,126.57,125.637,124.72,123.818,122.93,122.057,121.198,120.353,119.521,118.701,117.895,117.101
811.423,781.481,750.561,718.783,686.349,653.554,620.798,588.561,557.363,527.686,499.909,474.261,450.82,429.535,410.273,392.858,377.095,362.797,349.789,337.913,327.031,317.025,307.791,299.24,291.296,283.892,276.972,270.487,264.393,258.654,253.236,248.11,243.252,238.638,234.25,230.068,226.077,222.264,218.614,215.117,211.762,208.539,205.441,202.458,199.585,196.813,194.138,191.554,189.056,186.638,184.297,182.029,179.829,177.695,175.623,173.61,171.653,169.75,167.898,166.095,164.34,162.628,160.96,159.333,157.745,156.195,154.681,153.203,151.758,150.345,148.963,147.611,146.288,144.993,143.725,142.483,141.266,140.073,138.903,137.756,136.632,135.528,134.445,133.382,132.338,131.313,130.306,129.317,128.345,127.39,126.451,125.528,124.62,123.727,122.848,121.983,121.132,120.295,119.471,118.659,117.859
812.709,782.924,752.177,720.59,688.358,655.772,623.218,591.165,560.116,530.544,502.825,477.19,453.725,432.388,413.057,395.561,379.713,365.329,352.235,340.277,329.318,319.238,309.934,301.317,293.312,285.85,278.877,272.341,266.199,260.415,254.955,249.789,244.893,240.244,235.822,231.608,227.587,223.745,220.068,216.545,213.165,209.918,206.797,203.792,200.898,198.106,195.412,192.809,190.293,187.858,185.5,183.215,181,178.851,176.764,174.737,172.767,170.851,168.987,167.171,165.403,163.68,162.001,160.363,158.764,157.204,155.68,154.191,152.736,151.314,149.923,148.562,147.23,145.927,144.65,143.4,142.175,140.974,139.797,138.643,137.51,136.4,135.31,134.24,133.189,132.157,131.144,130.149,129.171,128.209,127.264,126.335,125.421,124.522,123.638,122.768,121.911,121.069,120.239,119.422,118.618
813.985,784.353,753.778,722.377,690.345,657.963,625.608,593.735,562.835,533.369,505.71,480.092,456.606,435.222,415.824,398.25,382.319,367.85,354.673,342.634,331.598,321.444,312.072,303.39,295.324,287.805,280.778,274.191,268.002,262.173,256.671,251.466,246.533,241.848,237.392,233.147,229.096,225.224,221.52,217.971,214.566,211.295,208.151,205.125,202.209,199.398,196.684,194.063,191.528,189.076,186.702,184.401,182.17,180.006,177.905,175.864,173.88,171.951,170.074,168.246,166.466,164.731,163.04,161.391,159.782,158.211,156.677,155.178,153.714,152.282,150.882,149.512,148.172,146.86,145.575,144.316,143.083,141.874,140.69,139.528,138.388,137.27,136.173,135.096,134.039,133.001,131.981,130.979,129.995,129.027,128.076,127.141,126.221,125.317,124.427,123.551,122.69,121.842,121.007,120.185,119.375
815.251,785.77,755.363,724.146,692.309,660.128,627.969,596.274,565.521,536.163,508.566,482.967,459.464,438.035,418.573,400.925,384.913,370.362,357.103,344.984,333.871,323.646,314.204,305.459,297.332,289.756,282.675,276.039,269.803,263.929,258.385,253.141,248.17,243.45,238.961,234.683,230.602,226.702,222.97,219.395,215.965,212.671,209.504,206.456,203.519,200.688,197.955,195.315,192.762,190.293,187.902,185.585,183.339,181.16,179.044,176.989,174.992,173.05,171.16,169.32,167.528,165.781,164.079,162.419,160.799,159.217,157.673,156.165,154.69,153.249,151.84,150.461,149.112,147.791,146.498,145.231,143.99,142.774,141.581,140.412,139.265,138.14,137.036,135.952,134.888,133.843,132.817,131.809,130.818,129.845,128.888,127.946,127.021,126.111,125.215,124.334,123.467,122.614,121.774,120.946,120.132
816.507,787.175,756.933,725.896,694.251,662.267,630.3,598.781,568.175,538.924,511.391,485.814,462.298,440.827,421.306,403.585,387.495,372.863,359.523,347.327,336.138,325.841,316.332,307.523,299.335,291.704,284.57,277.883,271.6,265.682,260.096,254.813,249.805,245.05,240.527,236.218,232.107,228.178,224.419,220.817,217.363,214.045,210.855,207.785,204.828,201.976,199.224,196.565,193.995,191.508,189.101,186.768,184.507,182.313,180.183,178.114,176.103,174.147,172.244,170.392,168.588,166.83,165.116,163.445,161.814,160.223,158.668,157.15,155.666,154.215,152.797,151.409,150.051,148.722,147.42,146.146,144.896,143.672,142.472,141.296,140.141,139.009,137.898,136.807,135.737,134.685,133.653,132.638,131.641,130.661,129.698,128.751,127.82,126.904,126.003,125.116,124.244,123.385,122.54,121.707,120.888
817.752,788.567,758.487,727.628,696.171,664.381,632.604,601.258,570.797,541.654,514.187,488.635,465.108,443.6,424.021,406.231,390.065,375.353,361.935,349.661,338.399,328.031,318.455,309.582,301.335,293.647,286.46,279.724,273.394,267.433,261.805,256.482,251.437,246.647,242.091,237.75,233.609,229.652,225.865,222.238,218.758,215.417,212.204,209.113,206.135,203.263,200.491,197.814,195.226,192.723,190.299,187.95,185.673,183.464,181.319,179.236,177.212,175.243,173.328,171.463,169.647,167.878,166.153,164.47,162.829,161.227,159.662,158.134,156.641,155.181,153.753,152.356,150.99,149.652,148.342,147.059,145.802,144.57,143.362,142.178,141.017,139.877,138.759,137.662,136.584,135.526,134.487,133.466,132.463,131.477,130.508,129.555,128.618,127.696,126.79,125.898,125.02,124.156,123.305,122.468,121.643
