CO2 Specific Heat [J kg^-1 K^-1] CoolProp
16128.5,4312.12,2756.94,2200.34,1906.27,1722.99,1597.6,1506.46,1437.33,1383.27,1340.02,1304.83,1275.79,1251.58,1231.23,1214.01,1199.36,1186.85,1176.15,1166.97,1159.1,1152.36,1146.58,1141.66,1137.47,1133.94,1130.98,1128.52,1126.52,1124.92,1123.67,1122.75,1122.11,1121.73,1121.59,1121.65,1121.9,1122.32,1122.9,1123.61,1124.45,1125.41,1126.46,1127.62,1128.85,1130.17,1131.55,1133,1134.5,1136.06,1137.66,1139.3,1140.98,1142.7,1144.44,1146.21,1148,1149.82,1151.65,1153.5,1155.36,1157.23,1159.11,1161,1162.89,1164.79,1166.7,1168.6,1170.51,1172.41,1174.31,1176.21,1178.11,1180,1181.89,1183.77,1185.65,1187.52,1189.38,1191.23,1193.08,1194.91,1196.74,1198.56,1200.36,1202.16,1203.94,1205.72,1207.48,1209.23,1210.97,1212.7,1214.42,1216.12,1217.81,1219.49,1221.16,1222.82,1224.46,1226.09,1227.71
9649.64,5043.33,2953.95,2297.96,1966.66,1764.96,1628.96,1531.06,1457.32,1399.94,1354.21,1317.09,1286.53,1261.09,1239.72,1221.65,1206.29,1193.17,1181.94,1172.3,1164.03,1156.93,1150.84,1145.63,1141.2,1137.43,1134.26,1131.62,1129.45,1127.69,1126.3,1125.25,1124.49,1124,1123.75,1123.71,1123.87,1124.21,1124.71,1125.35,1126.12,1127.01,1128.01,1129.11,1130.29,1131.55,1132.89,1134.29,1135.75,1137.26,1138.83,1140.43,1142.08,1143.76,1145.47,1147.21,1148.97,1150.76,1152.57,1154.39,1156.23,1158.07,1159.93,1161.8,1163.68,1165.56,1167.44,1169.33,1171.21,1173.1,1174.99,1176.87,1178.76,1180.63,1182.51,1184.38,1186.24,1188.09,1189.94,1191.79,1193.62,1195.44,1197.26,1199.06,1200.86,1202.65,1204.42,1206.19,1207.94,1209.69,1211.42,1213.14,1214.85,1216.54,1218.23,1219.9,1221.56,1223.21,1224.84,1226.47,1228.08
7543.9,6108.42,3185.05,2405.78,2031.48,1809.27,1661.71,1556.55,1477.92,1417.04,1368.71,1329.59,1297.45,1270.74,1248.33,1229.39,1213.29,1199.55,1187.78,1177.68,1169,1161.53,1155.13,1149.63,1144.94,1140.94,1137.57,1134.74,1132.39,1130.47,1128.94,1127.75,1126.87,1126.27,1125.91,1125.78,1125.85,1126.11,1126.52,1127.09,1127.8,1128.62,1129.56,1130.6,1131.73,1132.94,1134.23,1135.58,1137,1138.47,1140,1141.57,1143.18,1144.82,1146.5,1148.21,1149.95,1151.71,1153.48,1155.28,1157.09,1158.92,1160.76,1162.6,1164.46,1166.32,1168.18,1170.05,1171.92,1173.79,1175.66,1177.53,1179.4,1181.26,1183.12,1184.98,1186.83,1188.67,1190.51,1192.34,1194.16,1195.97,1197.78,1199.57,1201.36,1203.14,1204.9,1206.66,1208.4,1210.14,1211.86,1213.57,1215.27,1216.96,1218.64,1220.31,1221.96,1223.6,1225.23,1226.85,1228.45
6439.01,7771.55,3459.01,2525.32,2101.19,1856.08,1695.9,1582.97,1499.13,1434.58,1383.53,1342.33,1308.56,1280.53,1257.05,1237.22,1220.38,1206,1193.68,1183.1,1174,1166.17,1159.43,1153.65,1148.7,1144.47,1140.88,1137.86,1135.34,1133.27,1131.59,1130.27,1129.26,1128.55,1128.08,1127.86,1127.84,1128,1128.34,1128.84,1129.47,1130.23,1131.11,1132.09,1133.16,1134.32,1135.56,1136.87,1138.25,1139.68,1141.16,1142.7,1144.27,1145.89,1147.53,1149.21,1150.92,1152.65,1154.4,1156.17,1157.96,1159.76,1161.58,1163.4,1165.24,1167.08,1168.93,1170.78,1172.63,1174.48,1176.34,1178.19,1180.04,1181.89,1183.74,1185.58,1187.42,1189.25,1191.07,1192.89,1194.7,1196.5,1198.3,1200.08,1201.86,1203.62,1205.38,1207.13,1208.86,1210.59,1212.31,1214.01,1215.7,1217.38,1219.05,1220.71,1222.36,1223.99,1225.61,1227.22,1228.82
5741.62,10574.1,3787.42,2658.33,2176.25,1905.56,1731.63,1610.35,1521,1452.57,1398.68,1355.32,1319.86,1290.48,1265.89,1245.15,1227.54,1212.5,1199.62,1188.56,1179.04,1170.83,1163.77,1157.69,1152.48,1148.02,1144.22,1141,1138.3,1136.07,1134.25,1132.79,1131.66,1130.83,1130.26,1129.93,1129.82,1129.9,1130.16,1130.58,1131.15,1131.84,1132.66,1133.58,1134.6,1135.71,1136.9,1138.17,1139.5,1140.89,1142.33,1143.83,1145.37,1146.95,1148.56,1150.21,1151.89,1153.59,1155.32,1157.07,1158.83,1160.61,1162.4,1164.21,1166.02,1167.84,1169.67,1171.5,1173.33,1175.17,1177.01,1178.85,1180.68,1182.52,1184.35,1186.18,1188,1189.82,1191.63,1193.44,1195.24,1197.03,1198.81,1200.59,1202.35,1204.11,1205.86,1207.6,1209.32,1211.04,1212.75,1214.44,1216.13,1217.8,1219.47,1221.12,1222.75,1224.38,1226,1227.6,1229.19
5254.65,15506.7,4185.36,2806.84,2257.2,1957.91,1768.97,1638.72,1543.52,1471.03,1414.16,1368.55,1331.34,1300.57,1274.85,1253.17,1234.77,1219.07,1205.62,1194.06,1184.11,1175.53,1168.13,1161.76,1156.28,1151.58,1147.56,1144.15,1141.28,1138.88,1136.91,1135.32,1134.06,1133.11,1132.44,1132.01,1131.81,1131.81,1131.99,1132.33,1132.82,1133.45,1134.21,1135.07,1136.04,1137.1,1138.24,1139.46,1140.75,1142.1,1143.5,1144.96,1146.46,1148.01,1149.6,1151.21,1152.86,1154.54,1156.24,1157.96,1159.7,1161.45,1163.22,1165.01,1166.8,1168.6,1170.41,1172.22,1174.04,1175.86,1177.68,1179.5,1181.33,1183.15,1184.96,1186.78,1188.59,1190.4,1192.2,1193.99,1195.78,1197.56,1199.33,1201.1,1202.85,1204.6,1206.34,1208.07,1209.78,1211.49,1213.19,1214.88,1216.56,1218.22,1219.88,1221.52,1223.15,1224.77,1226.38,1227.98,1229.56
4891.95,20600,4671.95,2973.18,2344.63,2013.33,1808.01,1668.13,1566.72,1489.95,1429.98,1382.04,1343.02,1310.81,1283.93,1261.29,1242.08,1225.7,1211.67,1199.61,1189.22,1180.26,1172.52,1165.85,1160.09,1155.15,1150.92,1147.31,1144.26,1141.7,1139.58,1137.85,1136.47,1135.4,1134.62,1134.1,1133.8,1133.71,1133.81,1134.08,1134.5,1135.07,1135.76,1136.57,1137.48,1138.48,1139.58,1140.75,1141.99,1143.3,1144.67,1146.09,1147.56,1149.07,1150.63,1152.21,1153.83,1155.48,1157.15,1158.85,1160.56,1162.3,1164.04,1165.81,1167.58,1169.36,1171.15,1172.94,1174.74,1176.55,1178.35,1180.16,1181.97,1183.77,1185.58,1187.38,1189.18,1190.97,1192.76,1194.54,1196.32,1198.08,1199.85,1201.6,1203.35,1205.08,1206.81,1208.53,1210.24,1211.94,1213.63,1215.31,1216.98,1218.64,1220.29,1221.92,1223.55,1225.16,1226.76,1228.35,1229.93
4609.35,17407.3,5269.57,3159.98,2439.14,2072.01,1848.82,1698.61,1590.62,1509.35,1446.15,1395.78,1354.89,1321.2,1293.12,1269.49,1249.47,1232.4,1217.77,1205.2,1194.37,1185.01,1176.93,1169.95,1163.93,1158.74,1154.29,1150.49,1147.25,1144.53,1142.26,1140.39,1138.88,1137.7,1136.81,1136.18,1135.79,1135.62,1135.64,1135.83,1136.19,1136.68,1137.31,1138.06,1138.92,1139.87,1140.92,1142.04,1143.24,1144.51,1145.84,1147.22,1148.66,1150.14,1151.66,1153.21,1154.8,1156.42,1158.07,1159.74,1161.43,1163.14,1164.87,1166.6,1168.36,1170.12,1171.89,1173.67,1175.45,1177.24,1179.03,1180.82,1182.61,1184.4,1186.19,1187.98,1189.76,1191.54,1193.32,1195.09,1196.85,1198.61,1200.36,1202.11,1203.84,1205.57,1207.29,1209,1210.7,1212.39,1214.07,1215.75,1217.41,1219.06,1220.7,1222.33,1223.94,1225.55,1227.15,1228.73,1230.3
4381.67,12542.2,5999.74,3370.08,2541.39,2134.18,1891.48,1730.2,1615.24,1529.24,1462.66,1409.78,1366.96,1331.74,1302.43,1277.8,1256.93,1239.15,1223.92,1210.83,1199.55,1189.8,1181.37,1174.08,1167.78,1162.35,1157.68,1153.67,1150.26,1147.36,1144.94,1142.93,1141.3,1140,1139,1138.28,1137.79,1137.53,1137.47,1137.59,1137.87,1138.3,1138.87,1139.56,1140.36,1141.26,1142.26,1143.34,1144.49,1145.72,1147.01,1148.35,1149.75,1151.2,1152.68,1154.21,1155.77,1157.36,1158.98,1160.63,1162.3,1163.98,1165.68,1167.4,1169.13,1170.88,1172.63,1174.39,1176.15,1177.92,1179.7,1181.47,1183.25,1185.02,1186.8,1188.57,1190.35,1192.11,1193.88,1195.64,1197.39,1199.14,1200.88,1202.61,1204.34,1206.06,1207.77,1209.47,1211.16,1212.84,1214.51,1216.18,1217.83,1219.47,1221.11,1222.73,1224.34,1225.94,1227.53,1229.1,1230.67
4193.44,9670.82,6873.52,3606.36,2652.07,2200.04,1936.09,1762.94,1640.59,1549.64,1479.53,1424.04,1379.22,1342.43,1311.86,1286.19,1264.47,1245.97,1230.13,1216.51,1204.76,1194.61,1185.83,1178.23,1171.66,1165.97,1161.07,1156.87,1153.27,1150.21,1147.63,1145.49,1143.72,1142.31,1141.2,1140.37,1139.79,1139.44,1139.3,1139.34,1139.55,1139.92,1140.42,1141.05,1141.8,1142.65,1143.6,1144.63,1145.74,1146.93,1148.18,1149.48,1150.85,1152.26,1153.71,1155.21,1156.74,1158.31,1159.9,1161.52,1163.16,1164.82,1166.5,1168.2,1169.91,1171.63,1173.37,1175.11,1176.85,1178.61,1180.37,1182.13,1183.89,1185.65,1187.41,1189.17,1190.93,1192.68,1194.44,1196.18,1197.92,1199.66,1201.39,1203.11,1204.83,1206.54,1208.24,1209.93,1211.62,1213.29,1214.95,1216.61,1218.25,1219.89,1221.51,1223.13,1224.73,1226.33,1227.91,1229.48,1231.04
4034.62,8034.92,7873.78,3871.4,2771.84,2269.82,1982.73,1796.87,1666.7,1570.53,1496.76,1438.56,1391.67,1353.27,1321.4,1294.68,1272.08,1252.85,1236.38,1222.22,1210.01,1199.46,1190.32,1182.4,1175.54,1169.61,1164.49,1160.07,1156.29,1153.06,1150.33,1148.04,1146.15,1144.62,1143.4,1142.47,1141.8,1141.36,1141.13,1141.1,1141.24,1141.54,1141.98,1142.55,1143.24,1144.04,1144.94,1145.92,1146.99,1148.13,1149.34,1150.61,1151.94,1153.32,1154.74,1156.21,1157.71,1159.25,1160.81,1162.41,1164.02,1165.66,1167.32,1169,1170.69,1172.39,1174.1,1175.83,1177.56,1179.29,1181.03,1182.78,1184.52,1186.27,1188.02,1189.77,1191.51,1193.25,1194.99,1196.73,1198.46,1200.19,1201.9,1203.62,1205.32,1207.02,1208.71,1210.4,1212.07,1213.74,1215.39,1217.04,1218.68,1220.31,1221.92,1223.53,1225.13,1226.71,1228.29,1229.85,1231.41
3898.33,6984.23,8908.76,4166.82,2901.32,2343.71,2031.47,1832,1693.56,1591.94,1514.34,1453.34,1404.32,1364.26,1331.06,1303.26,1279.77,1259.78,1242.68,1227.98,1215.3,1204.33,1194.83,1186.59,1179.45,1173.26,1167.91,1163.29,1159.32,1155.92,1153.04,1150.61,1148.59,1146.93,1145.6,1144.57,1143.8,1143.27,1142.97,1142.86,1142.92,1143.15,1143.53,1144.05,1144.68,1145.43,1146.28,1147.22,1148.24,1149.34,1150.51,1151.74,1153.04,1154.38,1155.77,1157.2,1158.68,1160.19,1161.73,1163.29,1164.89,1166.5,1168.14,1169.79,1171.46,1173.15,1174.84,1176.55,1178.26,1179.98,1181.7,1183.43,1185.16,1186.9,1188.63,1190.36,1192.09,1193.82,1195.55,1197.28,1198.99,1200.71,1202.42,1204.12,1205.82,1207.51,1209.19,1210.86,1212.53,1214.18,1215.83,1217.47,1219.1,1220.72,1222.33,1223.93,1225.52,1227.1,1228.67,1230.23,1231.77
3779.77,6252.1,9705.37,4492.38,3041.02,2421.9,2082.38,1868.39,1721.21,1613.88,1532.29,1468.39,1417.17,1375.4,1340.84,1311.93,1287.53,1266.78,1249.03,1233.77,1220.61,1209.23,1199.36,1190.8,1183.37,1176.93,1171.34,1166.52,1162.36,1158.79,1155.75,1153.18,1151.02,1149.25,1147.81,1146.67,1145.81,1145.19,1144.8,1144.62,1144.61,1144.78,1145.09,1145.54,1146.12,1146.82,1147.62,1148.51,1149.49,1150.55,1151.68,1152.87,1154.13,1155.44,1156.8,1158.2,1159.65,1161.13,1162.64,1164.18,1165.75,1167.34,1168.96,1170.59,1172.24,1173.9,1175.58,1177.26,1178.96,1180.66,1182.37,1184.08,1185.8,1187.52,1189.24,1190.96,1192.68,1194.39,1196.11,1197.82,1199.53,1201.23,1202.93,1204.62,1206.31,1207.99,1209.66,1211.32,1212.98,1214.63,1216.27,1217.9,1219.52,1221.13,1222.74,1224.33,1225.91,1227.49,1229.05,1230.6,1232.14
3675.41,5712.66,9888.21,4844.84,3191.23,2504.55,2135.53,1906.04,1749.65,1636.33,1550.61,1483.69,1430.22,1386.69,1350.73,1320.7,1295.36,1273.84,1255.43,1239.61,1225.96,1214.16,1203.92,1195.03,1187.31,1180.61,1174.79,1169.75,1165.41,1161.67,1158.47,1155.75,1153.47,1151.57,1150.02,1148.78,1147.82,1147.11,1146.64,1146.38,1146.3,1146.4,1146.65,1147.04,1147.57,1148.21,1148.96,1149.8,1150.74,1151.75,1152.84,1154,1155.22,1156.5,1157.82,1159.2,1160.61,1162.06,1163.55,1165.07,1166.61,1168.18,1169.77,1171.38,1173.01,1174.66,1176.31,1177.98,1179.66,1181.34,1183.04,1184.73,1186.43,1188.14,1189.84,1191.55,1193.26,1194.96,1196.66,1198.36,1200.06,1201.75,1203.44,1205.12,1206.8,1208.47,1210.13,1211.79,1213.43,1215.07,1216.71,1218.33,1219.94,1221.55,1223.14,1224.73,1226.3,1227.87,1229.43,1230.97,1232.51
3582.64,5298.25,9533.64,5216.73,3351.94,2591.77,2190.96,1944.99,1778.89,1659.31,1569.29,1499.27,1443.46,1398.12,1360.74,1329.55,1303.27,1280.95,1261.87,1245.48,1231.34,1219.11,1208.5,1199.28,1191.27,1184.3,1178.25,1173,1168.46,1164.55,1161.19,1158.33,1155.91,1153.89,1152.23,1150.88,1149.83,1149.04,1148.48,1148.14,1147.99,1148.02,1148.21,1148.54,1149.01,1149.6,1150.3,1151.09,1151.99,1152.96,1154.01,1155.13,1156.32,1157.56,1158.85,1160.19,1161.58,1163,1164.46,1165.95,1167.47,1169.02,1170.59,1172.18,1173.79,1175.41,1177.05,1178.7,1180.36,1182.03,1183.7,1185.38,1187.07,1188.76,1190.45,1192.14,1193.84,1195.53,1197.22,1198.91,1200.59,1202.27,1203.95,1205.62,1207.29,1208.95,1210.6,1212.25,1213.89,1215.52,1217.14,1218.76,1220.36,1221.96,1223.55,1225.13,1226.7,1228.25,1229.8,1231.34,1232.87
3499.47,4969.37,8899.6,5595.16,3522.65,2683.6,2248.72,1985.24,1808.94,1682.83,1588.33,1515.1,1456.89,1409.71,1370.87,1338.49,1311.25,1288.12,1268.36,1251.39,1236.76,1224.09,1213.1,1203.55,1195.24,1188.01,1181.72,1176.26,1171.53,1167.44,1163.92,1160.92,1158.36,1156.22,1154.44,1153,1151.84,1150.96,1150.32,1149.9,1149.68,1149.64,1149.76,1150.04,1150.45,1150.99,1151.63,1152.39,1153.23,1154.17,1155.18,1156.26,1157.41,1158.62,1159.88,1161.19,1162.54,1163.94,1165.37,1166.84,1168.33,1169.86,1171.4,1172.97,1174.56,1176.16,1177.78,1179.41,1181.05,1182.71,1184.37,1186.03,1187.7,1189.38,1191.06,1192.74,1194.42,1196.1,1197.77,1199.45,1201.12,1202.79,1204.46,1206.12,1207.78,1209.43,1211.07,1212.71,1214.34,1215.96,1217.58,1219.19,1220.78,1222.37,1223.95,1225.52,1227.09,1228.64,1230.18,1231.71,1233.24
3424.35,4701.53,8138.08,5960.02,3702.2,2779.98,2308.81,2026.82,1839.79,1706.88,1607.75,1531.2,1470.52,1421.44,1381.1,1347.53,1319.29,1295.35,1274.9,1257.34,1242.2,1229.1,1217.72,1207.83,1199.22,1191.73,1185.2,1179.52,1174.6,1170.33,1166.66,1163.5,1160.82,1158.55,1156.66,1155.11,1153.86,1152.89,1152.16,1151.67,1151.37,1151.26,1151.32,1151.54,1151.89,1152.38,1152.97,1153.68,1154.48,1155.37,1156.34,1157.39,1158.5,1159.67,1160.9,1162.18,1163.51,1164.88,1166.28,1167.72,1169.19,1170.69,1172.22,1173.76,1175.33,1176.91,1178.51,1180.13,1181.75,1183.39,1185.03,1186.68,1188.34,1190,1191.66,1193.33,1194.99,1196.66,1198.33,1199.99,1201.66,1203.31,1204.97,1206.62,1208.27,1209.91,1211.54,1213.17,1214.79,1216.41,1218.01,1219.61,1221.2,1222.78,1224.36,1225.92,1227.48,1229.02,1230.56,1232.08,1233.6
3356.06,4478.82,7399.96,6282.19,3888.68,2880.74,2371.21,2069.71,1871.46,1731.45,1627.53,1547.55,1484.34,1433.31,1391.45,1356.65,1327.41,1302.63,1281.48,1263.33,1247.68,1234.13,1222.36,1212.13,1203.22,1195.46,1188.69,1182.8,1177.68,1173.23,1169.4,1166.1,1163.28,1160.89,1158.88,1157.22,1155.88,1154.82,1154.01,1153.43,1153.06,1152.89,1152.88,1153.04,1153.34,1153.76,1154.31,1154.97,1155.73,1156.58,1157.51,1158.52,1159.59,1160.73,1161.93,1163.18,1164.47,1165.81,1167.19,1168.61,1170.05,1171.53,1173.03,1174.55,1176.1,1177.66,1179.25,1180.84,1182.45,1184.07,1185.69,1187.33,1188.97,1190.62,1192.27,1193.92,1195.57,1197.23,1198.88,1200.53,1202.18,1203.83,1205.48,1207.12,1208.76,1210.39,1212.01,1213.63,1215.24,1216.85,1218.45,1220.04,1221.62,1223.2,1224.76,1226.32,1227.87,1229.4,1230.93,1232.45,1233.96
3293.63,4290.41,6759.41,6525.29,4079.24,2985.55,2435.88,2113.9,1903.92,1756.55,1647.67,1564.17,1498.34,1445.33,1401.9,1365.85,1335.59,1309.97,1288.11,1269.35,1253.18,1239.18,1227.03,1216.45,1207.24,1199.2,1192.19,1186.08,1180.76,1176.14,1172.14,1168.7,1165.74,1163.23,1161.11,1159.34,1157.9,1156.74,1155.85,1155.2,1154.76,1154.51,1154.44,1154.54,1154.78,1155.15,1155.65,1156.26,1156.98,1157.78,1158.67,1159.64,1160.68,1161.79,1162.95,1164.17,1165.44,1166.75,1168.1,1169.49,1170.91,1172.36,1173.84,1175.35,1176.87,1178.42,1179.98,1181.55,1183.14,1184.75,1186.36,1187.98,1189.6,1191.23,1192.87,1194.51,1196.15,1197.79,1199.43,1201.07,1202.71,1204.35,1205.99,1207.62,1209.24,1210.86,1212.48,1214.09,1215.69,1217.29,1218.88,1220.46,1222.04,1223.61,1225.16,1226.71,1228.25,1229.79,1231.31,1232.82,1234.33
3236.26,4128.72,6228.56,6656.41,4270.1,3093.89,2502.71,2159.36,1937.18,1782.17,1668.16,1581.04,1512.54,1457.48,1412.47,1375.14,1343.84,1317.36,1294.78,1275.41,1258.71,1244.26,1231.71,1220.79,1211.27,1202.96,1195.7,1189.37,1183.86,1179.06,1174.89,1171.3,1168.21,1165.57,1163.33,1161.46,1159.92,1158.67,1157.7,1156.96,1156.45,1156.13,1156,1156.04,1156.22,1156.54,1156.99,1157.55,1158.22,1158.99,1159.84,1160.77,1161.77,1162.84,1163.97,1165.16,1166.4,1167.68,1169.01,1170.37,1171.77,1173.2,1174.65,1176.13,1177.64,1179.16,1180.71,1182.27,1183.84,1185.42,1187.02,1188.62,1190.23,1191.85,1193.47,1195.1,1196.73,1198.35,1199.98,1201.61,1203.24,1204.87,1206.49,1208.11,1209.73,1211.34,1212.95,1214.55,1216.14,1217.73,1219.31,1220.89,1222.46,1224.02,1225.57,1227.11,1228.64,1230.17,1231.68,1233.19,1234.69
3183.31,3988.26,5792.82,6662.91,4456.5,3205.05,2571.57,2206.06,1971.22,1808.31,1689.01,1598.16,1526.92,1469.78,1423.13,1384.51,1352.16,1324.8,1301.49,1281.5,1264.27,1249.36,1236.41,1225.14,1215.31,1206.72,1199.22,1192.67,1186.96,1181.98,1177.65,1173.9,1170.68,1167.91,1165.56,1163.58,1161.94,1160.61,1159.54,1158.73,1158.14,1157.76,1157.56,1157.53,1157.66,1157.93,1158.33,1158.85,1159.47,1160.19,1161,1161.89,1162.86,1163.9,1165,1166.15,1167.36,1168.61,1169.91,1171.25,1172.62,1174.03,1175.46,1176.92,1178.41,1179.91,1181.44,1182.98,1184.53,1186.1,1187.68,1189.27,1190.86,1192.47,1194.07,1195.69,1197.3,1198.92,1200.54,1202.15,1203.77,1205.39,1207,1208.61,1210.22,1211.82,1213.41,1215.01,1216.59,1218.17,1219.75,1221.31,1222.87,1224.42,1225.97,1227.5,1229.03,1230.55,1232.06,1233.56,1235.05
3134.23,3864.95,5432.63,6567.68,4632.8,3318.05,2642.26,2253.94,2006,1834.94,1710.2,1615.53,1541.48,1482.21,1433.91,1393.96,1360.53,1332.29,1308.24,1287.63,1269.86,1254.49,1241.14,1229.51,1219.36,1210.5,1202.75,1195.98,1190.06,1184.9,1180.41,1176.51,1173.15,1170.26,1167.79,1165.71,1163.97,1162.54,1161.39,1160.5,1159.83,1159.38,1159.12,1159.03,1159.1,1159.32,1159.67,1160.14,1160.71,1161.39,1162.16,1163.02,1163.95,1164.95,1166.02,1167.14,1168.32,1169.55,1170.82,1172.13,1173.48,1174.86,1176.27,1177.71,1179.18,1180.66,1182.17,1183.69,1185.23,1186.78,1188.34,1189.91,1191.49,1193.08,1194.67,1196.27,1197.88,1199.48,1201.09,1202.69,1204.3,1205.9,1207.5,1209.1,1210.7,1212.29,1213.88,1215.46,1217.04,1218.61,1220.18,1221.74,1223.29,1224.83,1226.37,1227.9,1229.42,1230.93,1232.43,1233.93,1235.41
3088.58,3755.72,5131.14,6404.05,4792.63,3431.7,2714.5,2302.91,2041.51,1862.05,1731.73,1633.13,1556.21,1494.78,1444.78,1403.49,1368.98,1339.84,1315.04,1293.79,1275.48,1259.64,1245.88,1233.89,1223.43,1214.29,1206.29,1199.29,1193.17,1187.83,1183.17,1179.13,1175.62,1172.61,1170.02,1167.83,1165.99,1164.47,1163.24,1162.27,1161.53,1161.01,1160.68,1160.53,1160.55,1160.71,1161.01,1161.43,1161.96,1162.59,1163.32,1164.14,1165.04,1166,1167.04,1168.13,1169.28,1170.48,1171.72,1173.01,1174.33,1175.69,1177.08,1178.5,1179.94,1181.41,1182.89,1184.4,1185.92,1187.45,1189,1190.55,1192.12,1193.69,1195.27,1196.86,1198.45,1200.04,1201.63,1203.23,1204.82,1206.42,1208.01,1209.6,1211.18,1212.77,1214.35,1215.92,1217.49,1219.05,1220.61,1222.16,1223.7,1225.24,1226.77,1228.29,1229.8,1231.31,1232.8,1234.29,1235.77
3045.98,3658.17,4875.49,6191.92,4929.26,3544.56,2787.95,2352.88,2077.7,1889.63,1753.58,1650.97,1571.12,1507.47,1455.75,1413.1,1377.48,1347.43,1321.87,1299.98,1281.12,1264.8,1250.63,1238.29,1227.51,1218.09,1209.84,1202.61,1196.29,1190.77,1185.94,1181.74,1178.1,1174.96,1172.26,1169.96,1168.02,1166.4,1165.09,1164.03,1163.22,1162.63,1162.24,1162.03,1161.99,1162.1,1162.34,1162.71,1163.2,1163.8,1164.49,1165.26,1166.12,1167.06,1168.06,1169.12,1170.24,1171.41,1172.63,1173.89,1175.19,1176.52,1177.89,1179.29,1180.71,1182.15,1183.62,1185.11,1186.61,1188.13,1189.66,1191.2,1192.75,1194.31,1195.87,1197.45,1199.02,1200.6,1202.18,1203.77,1205.35,1206.93,1208.51,1210.09,1211.67,1213.24,1214.81,1216.38,1217.94,1219.49,1221.04,1222.58,1224.12,1225.65,1227.17,1228.68,1230.19,1231.69,1233.18,1234.66,1236.13
3006.1,3570.44,4656.1,5953.95,5036.35,3654.99,2862.2,2403.71,2114.51,1917.65,1775.75,1669.03,1586.19,1520.28,1466.82,1422.78,1386.04,1355.06,1328.74,1306.19,1286.79,1269.99,1255.41,1242.7,1231.6,1221.89,1213.39,1205.94,1199.42,1193.71,1188.72,1184.36,1180.58,1177.31,1174.49,1172.08,1170.05,1168.34,1166.93,1165.8,1164.92,1164.26,1163.8,1163.53,1163.43,1163.48,1163.68,1164,1164.45,1165,1165.65,1166.39,1167.21,1168.11,1169.08,1170.11,1171.2,1172.34,1173.53,1174.77,1176.04,1177.35,1178.7,1180.07,1181.47,1182.9,1184.35,1185.81,1187.3,1188.8,1190.31,1191.84,1193.38,1194.92,1196.47,1198.03,1199.59,1201.16,1202.73,1204.3,1205.87,1207.44,1209.02,1210.58,1212.15,1213.71,1215.28,1216.83,1218.38,1219.93,1221.47,1223,1224.53,1226.05,1227.57,1229.07,1230.57,1232.07,1233.55,1235.02,1236.49
2968.68,3491.04,4465.83,5707.7,5108.88,3761.2,2936.76,2455.26,2151.9,1946.09,1798.21,1687.31,1601.42,1533.22,1477.98,1432.53,1394.65,1362.75,1335.64,1312.44,1292.47,1275.2,1260.2,1247.12,1235.7,1225.71,1216.95,1209.28,1202.55,1196.65,1191.49,1186.99,1183.06,1179.66,1176.73,1174.21,1172.07,1170.27,1168.78,1167.57,1166.61,1165.88,1165.36,1165.03,1164.87,1164.87,1165.01,1165.29,1165.69,1166.2,1166.81,1167.51,1168.29,1169.16,1170.09,1171.09,1172.15,1173.27,1174.43,1175.64,1176.89,1178.18,1179.5,1180.86,1182.24,1183.64,1185.07,1186.52,1187.99,1189.47,1190.97,1192.48,1194,1195.53,1197.07,1198.61,1200.16,1201.72,1203.28,1204.84,1206.4,1207.96,1209.52,1211.08,1212.63,1214.19,1215.74,1217.29,1218.83,1220.37,1221.9,1223.43,1224.95,1226.46,1227.97,1229.47,1230.96,1232.44,1233.92,1235.39,1236.85
2933.46,3418.78,4299.23,5465.49,5144.31,3861.3,3011.06,2507.34,2189.8,1974.9,1820.94,1705.8,1616.81,1546.27,1489.23,1442.35,1403.32,1370.47,1342.58,1318.72,1298.19,1280.43,1265,1251.56,1239.81,1229.53,1220.52,1212.62,1205.68,1199.6,1194.27,1189.61,1185.55,1182.02,1178.97,1176.34,1174.1,1172.21,1170.63,1169.34,1168.3,1167.5,1166.92,1166.52,1166.31,1166.26,1166.35,1166.58,1166.93,1167.4,1167.96,1168.63,1169.38,1170.21,1171.11,1172.08,1173.11,1174.2,1175.33,1176.52,1177.74,1179.01,1180.31,1181.64,1183,1184.39,1185.8,1187.23,1188.68,1190.14,1191.63,1193.12,1194.63,1196.14,1197.67,1199.2,1200.74,1202.28,1203.82,1205.37,1206.92,1208.47,1210.02,1211.57,1213.11,1214.66,1216.2,1217.74,1219.27,1220.8,1222.33,1223.85,1225.36,1226.86,1228.36,1229.86,1231.34,1232.82,1234.29,1235.75,1237.21
2900.25,3352.67,4152.16,5235.1,5143.22,3953.34,3084.47,2559.75,2228.11,2004.06,1843.94,1724.47,1632.34,1559.43,1500.56,1452.24,1412.04,1378.24,1349.55,1325.02,1303.92,1285.67,1269.82,1256.01,1243.94,1233.37,1224.1,1215.96,1208.82,1202.55,1197.05,1192.24,1188.04,1184.38,1181.21,1178.47,1176.13,1174.15,1172.48,1171.11,1170,1169.13,1168.48,1168.02,1167.75,1167.64,1167.68,1167.86,1168.17,1168.59,1169.12,1169.75,1170.46,1171.26,1172.13,1173.07,1174.07,1175.12,1176.23,1177.39,1178.59,1179.83,1181.11,1182.42,1183.76,1185.13,1186.52,1187.93,1189.36,1190.81,1192.28,1193.76,1195.25,1196.75,1198.26,1199.78,1201.3,1202.83,1204.37,1205.9,1207.44,1208.98,1210.52,1212.06,1213.6,1215.13,1216.66,1218.19,1219.72,1221.24,1222.75,1224.26,1225.77,1227.27,1228.76,1230.25,1231.73,1233.2,1234.66,1236.12,1237.56
2868.86,3291.91,4021.36,5020.71,5109.93,4035.48,3156.31,2612.23,2266.75,2033.51,1867.17,1743.33,1648,1572.7,1511.98,1462.19,1420.82,1386.05,1356.56,1331.35,1309.68,1290.93,1274.65,1260.47,1248.07,1237.21,1227.68,1219.31,1211.96,1205.5,1199.84,1194.87,1190.52,1186.74,1183.45,1180.6,1178.16,1176.08,1174.33,1172.88,1171.69,1170.75,1170.03,1169.52,1169.19,1169.02,1169.02,1169.15,1169.41,1169.79,1170.28,1170.87,1171.54,1172.31,1173.14,1174.05,1175.02,1176.05,1177.13,1178.26,1179.44,1180.66,1181.91,1183.2,1184.52,1185.87,1187.24,1188.64,1190.05,1191.48,1192.93,1194.4,1195.87,1197.36,1198.86,1200.36,1201.87,1203.39,1204.91,1206.44,1207.96,1209.49,1211.02,1212.55,1214.08,1215.6,1217.12,1218.64,1220.16,1221.67,1223.18,1224.68,1226.18,1227.67,1229.16,1230.64,1232.11,1233.57,1235.03,1236.48,1237.92
2839.13,3235.84,3904.25,4824,5051.25,4106.01,3225.85,2664.54,2305.61,2063.22,1890.62,1762.35,1663.8,1586.07,1523.47,1472.2,1429.64,1393.89,1363.59,1337.71,1315.45,1296.21,1279.5,1264.94,1252.21,1241.06,1231.27,1222.67,1215.11,1208.46,1202.62,1197.5,1193.01,1189.1,1185.69,1182.73,1180.19,1178.02,1176.18,1174.64,1173.38,1172.37,1171.59,1171.01,1170.62,1170.41,1170.35,1170.43,1170.65,1170.99,1171.44,1171.98,1172.63,1173.35,1174.16,1175.03,1175.97,1176.97,1178.03,1179.14,1180.29,1181.48,1182.72,1183.98,1185.28,1186.61,1187.96,1189.34,1190.74,1192.15,1193.59,1195.03,1196.5,1197.97,1199.45,1200.94,1202.44,1203.95,1205.45,1206.97,1208.48,1210,1211.52,1213.04,1214.55,1216.07,1217.58,1219.1,1220.6,1222.11,1223.61,1225.1,1226.59,1228.08,1229.55,1231.02,1232.49,1233.95,1235.4,1236.84,1238.28
2810.93,3183.9,3798.78,4644.95,4972.26,4163.51,3292.36,2716.38,2344.58,2093.13,1914.25,1781.52,1679.71,1599.52,1535.03,1482.27,1438.5,1401.77,1370.65,1344.08,1321.24,1301.5,1284.36,1269.42,1256.36,1244.91,1234.86,1226.03,1218.26,1211.42,1205.41,1200.13,1195.5,1191.46,1187.93,1184.86,1182.22,1179.95,1178.03,1176.41,1175.08,1174,1173.15,1172.51,1172.06,1171.79,1171.68,1171.72,1171.89,1172.18,1172.59,1173.1,1173.71,1174.4,1175.17,1176.01,1176.93,1177.9,1178.93,1180.01,1181.14,1182.31,1183.52,1184.76,1186.04,1187.35,1188.68,1190.04,1191.42,1192.82,1194.24,1195.67,1197.12,1198.58,1200.04,1201.52,1203.01,1204.5,1206,1207.5,1209,1210.51,1212.02,1213.52,1215.03,1216.54,1218.04,1219.55,1221.05,1222.54,1224.03,1225.52,1227,1228.48,1229.95,1231.41,1232.87,1234.32,1235.77,1237.2,1238.63
2784.12,3135.61,3703.29,4482.62,4878.77,4206.95,3355.1,2767.45,2383.52,2123.18,1938.03,1800.82,1695.72,1613.06,1546.66,1492.39,1447.4,1409.68,1377.74,1350.48,1327.05,1306.81,1289.23,1273.91,1260.51,1248.77,1238.46,1229.39,1221.41,1214.39,1208.2,1202.77,1198,1193.82,1190.17,1187,1184.25,1181.89,1179.88,1178.18,1176.77,1175.62,1174.7,1174,1173.5,1173.17,1173.01,1173,1173.13,1173.38,1173.74,1174.22,1174.79,1175.44,1176.18,1177,1177.88,1178.82,1179.82,1180.88,1181.98,1183.13,1184.32,1185.54,1186.8,1188.09,1189.4,1190.74,1192.1,1193.49,1194.89,1196.31,1197.74,1199.18,1200.64,1202.1,1203.57,1205.05,1206.54,1208.03,1209.52,1211.02,1212.51,1214.01,1215.51,1217.01,1218.5,1220,1221.49,1222.97,1224.46,1225.94,1227.41,1228.88,1230.34,1231.8,1233.25,1234.7,1236.13,1237.56,1238.99
2758.61,3090.57,3616.4,4335.58,4775.94,4235.8,3413.36,2817.41,2422.3,2153.3,1961.93,1820.24,1711.83,1626.68,1558.35,1502.55,1456.35,1417.63,1384.86,1356.9,1332.88,1312.13,1294.11,1278.41,1264.68,1252.64,1242.06,1232.76,1224.57,1217.35,1211,1205.4,1200.49,1196.18,1192.41,1189.13,1186.28,1183.82,1181.72,1179.95,1178.46,1177.24,1176.26,1175.49,1174.93,1174.55,1174.34,1174.28,1174.36,1174.57,1174.9,1175.33,1175.86,1176.49,1177.19,1177.97,1178.83,1179.74,1180.72,1181.75,1182.83,1183.95,1185.12,1186.32,1187.56,1188.82,1190.12,1191.44,1192.79,1194.15,1195.54,1196.94,1198.36,1199.79,1201.23,1202.68,1204.14,1205.61,1207.08,1208.56,1210.04,1211.52,1213.01,1214.5,1215.99,1217.47,1218.96,1220.45,1221.93,1223.41,1224.88,1226.35,1227.82,1229.28,1230.74,1232.19,1233.63,1235.07,1236.5,1237.92,1239.34
2734.29,3048.44,3537,4202.25,4667.93,4250.08,3466.49,2865.93,2460.77,2183.42,1985.91,1839.75,1728.03,1640.37,1570.09,1512.77,1465.33,1425.6,1391.99,1363.34,1338.72,1317.46,1299,1282.92,1268.85,1256.51,1245.67,1236.13,1227.73,1220.32,1213.79,1208.04,1202.98,1198.54,1194.65,1191.26,1188.31,1185.76,1183.57,1181.71,1180.15,1178.86,1177.81,1176.99,1176.37,1175.93,1175.67,1175.56,1175.6,1175.76,1176.05,1176.44,1176.94,1177.53,1178.2,1178.95,1179.78,1180.66,1181.61,1182.62,1183.67,1184.77,1185.91,1187.09,1188.31,1189.56,1190.84,1192.14,1193.47,1194.82,1196.19,1197.57,1198.98,1200.39,1201.82,1203.26,1204.7,1206.16,1207.62,1209.09,1210.56,1212.03,1213.51,1214.98,1216.46,1217.94,1219.42,1220.89,1222.37,1223.84,1225.3,1226.77,1228.23,1229.68,1231.13,1232.57,1234.01,1235.44,1236.87,1238.28,1239.69
2711.07,3008.93,3464.15,4081.1,4557.94,4250.37,3513.9,2912.68,2498.76,2213.48,2009.94,1859.33,1744.29,1654.11,1581.89,1523.02,1474.34,1433.6,1399.15,1369.79,1344.58,1322.8,1303.9,1287.43,1273.02,1260.39,1249.28,1239.5,1230.89,1223.29,1216.59,1210.68,1205.48,1200.91,1196.9,1193.39,1190.34,1187.69,1185.42,1183.48,1181.84,1180.48,1179.36,1178.48,1177.8,1177.31,1177,1176.84,1176.83,1176.95,1177.2,1177.56,1178.02,1178.57,1179.21,1179.93,1180.72,1181.58,1182.51,1183.48,1184.51,1185.59,1186.71,1187.87,1189.07,1190.29,1191.55,1192.84,1194.15,1195.48,1196.84,1198.21,1199.59,1200.99,1202.41,1203.83,1205.27,1206.71,1208.16,1209.61,1211.07,1212.54,1214,1215.47,1216.94,1218.41,1219.87,1221.34,1222.81,1224.27,1225.73,1227.18,1228.63,1230.08,1231.52,1232.96,1234.39,1235.81,1237.23,1238.64,1240.05
2688.88,2971.78,3397.05,3970.69,4448.33,4237.8,3555.12,2957.32,2536.12,2243.38,2033.97,1878.95,1760.61,1667.91,1593.72,1533.31,1483.38,1441.62,1406.33,1376.26,1350.45,1328.16,1308.81,1291.95,1277.2,1264.27,1252.9,1242.88,1234.05,1226.26,1219.38,1213.32,1207.97,1203.27,1199.14,1195.52,1192.37,1189.63,1187.26,1185.24,1183.53,1182.09,1180.91,1179.97,1179.23,1178.69,1178.32,1178.12,1178.06,1178.14,1178.35,1178.67,1179.09,1179.61,1180.22,1180.91,1181.67,1182.5,1183.4,1184.35,1185.35,1186.41,1187.51,1188.64,1189.82,1191.03,1192.27,1193.54,1194.83,1196.15,1197.48,1198.84,1200.21,1201.6,1203,1204.41,1205.83,1207.26,1208.7,1210.14,1211.59,1213.04,1214.5,1215.95,1217.41,1218.87,1220.33,1221.79,1223.24,1224.7,1226.15,1227.6,1229.04,1230.48,1231.91,1233.34,1234.77,1236.18,1237.6,1239,1240.4
2667.63,2936.77,3335.04,3869.74,4340.83,4214.06,3589.76,2999.55,2572.68,2273.04,2057.96,1898.6,1776.96,1681.74,1605.6,1543.63,1492.45,1449.66,1413.53,1382.74,1356.33,1333.52,1313.73,1296.48,1281.39,1268.15,1256.51,1246.26,1237.21,1229.23,1222.18,1215.96,1210.47,1205.63,1201.38,1197.65,1194.39,1191.56,1189.11,1187,1185.21,1183.71,1182.46,1181.46,1180.66,1180.07,1179.65,1179.4,1179.3,1179.33,1179.5,1179.78,1180.16,1180.65,1181.22,1181.88,1182.62,1183.42,1184.29,1185.21,1186.19,1187.22,1188.3,1189.42,1190.57,1191.76,1192.98,1194.23,1195.51,1196.81,1198.13,1199.47,1200.83,1202.2,1203.58,1204.98,1206.39,1207.81,1209.23,1210.67,1212.1,1213.54,1214.99,1216.44,1217.89,1219.34,1220.79,1222.23,1223.68,1225.13,1226.57,1228.01,1229.45,1230.88,1232.3,1233.73,1235.14,1236.56,1237.96,1239.36,1240.75
2647.28,2903.7,3277.55,3777.12,4236.61,4180.78,3617.59,3039.05,2608.26,2302.38,2081.86,1918.24,1793.34,1695.61,1617.5,1553.97,1501.54,1457.72,1420.74,1389.24,1362.22,1338.89,1318.65,1301.01,1285.58,1272.04,1260.13,1249.64,1240.38,1232.2,1224.98,1218.59,1212.96,1207.99,1203.62,1199.78,1196.42,1193.49,1190.95,1188.77,1186.9,1185.33,1184.01,1182.94,1182.09,1181.44,1180.97,1180.67,1180.53,1180.52,1180.64,1180.88,1181.24,1181.69,1182.23,1182.86,1183.56,1184.34,1185.18,1186.08,1187.03,1188.04,1189.09,1190.19,1191.32,1192.49,1193.7,1194.93,1196.19,1197.47,1198.77,1200.1,1201.44,1202.8,1204.17,1205.56,1206.95,1208.36,1209.77,1211.19,1212.62,1214.05,1215.48,1216.92,1218.36,1219.8,1221.24,1222.68,1224.12,1225.56,1226.99,1228.42,1229.85,1231.28,1232.7,1234.11,1235.52,1236.93,1238.32,1239.72,1241.1
2627.76,2872.41,3224.09,3691.88,4136.46,4139.74,3638.5,3075.57,2642.69,2331.31,2105.62,1937.85,1809.73,1709.49,1629.42,1564.34,1510.64,1465.8,1427.96,1395.74,1368.11,1344.27,1323.58,1305.55,1289.77,1275.93,1263.75,1253.02,1243.54,1235.17,1227.77,1221.23,1215.45,1210.35,1205.86,1201.91,1198.45,1195.42,1192.8,1190.53,1188.59,1186.94,1185.56,1184.43,1183.52,1182.81,1182.29,1181.95,1181.75,1181.71,1181.79,1181.99,1182.31,1182.72,1183.23,1183.83,1184.5,1185.25,1186.06,1186.94,1187.87,1188.85,1189.89,1190.96,1192.07,1193.22,1194.41,1195.62,1196.86,1198.13,1199.42,1200.73,1202.05,1203.4,1204.76,1206.13,1207.51,1208.9,1210.31,1211.71,1213.13,1214.55,1215.97,1217.4,1218.83,1220.26,1221.69,1223.12,1224.55,1225.98,1227.41,1228.83,1230.25,1231.67,1233.08,1234.49,1235.9,1237.29,1238.69,1240.07,1241.45
2609.01,2842.74,3174.25,3613.18,4040.9,4092.64,3652.53,3108.87,2675.81,2359.72,2129.19,1957.4,1826.1,1723.39,1641.36,1574.72,1519.76,1473.89,1435.19,1402.26,1374.02,1349.65,1328.51,1310.08,1293.97,1279.82,1267.37,1256.4,1246.71,1238.15,1230.57,1223.87,1217.95,1212.71,1208.1,1204.04,1200.47,1197.35,1194.64,1192.29,1190.27,1188.55,1187.11,1185.91,1184.95,1184.19,1183.62,1183.22,1182.98,1182.89,1182.93,1183.1,1183.38,1183.76,1184.23,1184.8,1185.44,1186.16,1186.95,1187.8,1188.71,1189.67,1190.68,1191.73,1192.82,1193.95,1195.12,1196.31,1197.54,1198.79,1200.06,1201.35,1202.67,1204,1205.34,1206.7,1208.07,1209.45,1210.84,1212.24,1213.64,1215.05,1216.47,1217.88,1219.3,1220.72,1222.15,1223.57,1224.99,1226.41,1227.83,1229.25,1230.66,1232.07,1233.47,1234.88,1236.27,1237.66,1239.05,1240.43,1241.8
2590.98,2814.56,3127.65,3540.28,3950.16,4041.06,3659.87,3138.75,2707.47,2387.54,2152.52,1976.85,1842.45,1737.28,1653.31,1585.11,1528.9,1481.99,1442.43,1408.78,1379.93,1355.04,1333.44,1314.63,1298.16,1283.71,1271,1259.78,1249.88,1241.12,1233.37,1226.51,1220.44,1215.07,1210.34,1206.16,1202.49,1199.28,1196.48,1194.05,1191.95,1190.16,1188.65,1187.4,1186.37,1185.56,1184.93,1184.49,1184.21,1184.07,1184.07,1184.2,1184.44,1184.79,1185.23,1185.77,1186.38,1187.08,1187.84,1188.66,1189.54,1190.48,1191.47,1192.5,1193.57,1194.68,1195.83,1197.01,1198.21,1199.45,1200.7,1201.98,1203.28,1204.59,1205.93,1207.27,1208.63,1210,1211.37,1212.76,1214.15,1215.55,1216.96,1218.36,1219.77,1221.18,1222.6,1224.01,1225.42,1226.84,1228.25,1229.66,1231.06,1232.46,1233.86,1235.26,1236.65,1238.03,1239.41,1240.79,1242.15
2573.64,2787.75,3083.97,3472.58,3864.34,3986.34,3660.83,3165.05,2737.5,2414.65,2175.55,1996.18,1858.74,1751.15,1665.25,1595.5,1538.03,1490.09,1449.68,1415.3,1385.84,1360.43,1338.38,1319.17,1302.36,1287.61,1274.62,1263.16,1253.04,1244.09,1236.16,1229.14,1222.93,1217.43,1212.57,1208.29,1204.51,1201.21,1198.31,1195.8,1193.63,1191.77,1190.2,1188.88,1187.79,1186.93,1186.25,1185.76,1185.43,1185.25,1185.22,1185.3,1185.51,1185.82,1186.23,1186.74,1187.32,1187.99,1188.72,1189.52,1190.38,1191.29,1192.26,1193.27,1194.32,1195.41,1196.54,1197.7,1198.89,1200.1,1201.34,1202.61,1203.89,1205.19,1206.51,1207.84,1209.19,1210.54,1211.91,1213.28,1214.66,1216.05,1217.44,1218.84,1220.24,1221.64,1223.05,1224.45,1225.86,1227.26,1228.66,1230.07,1231.46,1232.86,1234.25,1235.64,1237.02,1238.4,1239.77,1241.14,1242.5
2556.95,2762.21,3042.95,3409.53,3783.39,3929.6,3655.83,3187.69,2765.78,2440.98,2198.23,2015.35,1874.97,1764.99,1677.19,1605.9,1547.17,1498.2,1456.93,1421.83,1391.76,1365.82,1343.32,1323.71,1306.56,1291.5,1278.24,1266.55,1256.21,1247.06,1238.96,1231.78,1225.42,1219.79,1214.81,1210.41,1206.53,1203.13,1200.15,1197.56,1195.31,1193.38,1191.74,1190.36,1189.22,1188.29,1187.57,1187.03,1186.65,1186.43,1186.36,1186.41,1186.57,1186.85,1187.23,1187.7,1188.26,1188.9,1189.6,1190.38,1191.21,1192.1,1193.04,1194.03,1195.06,1196.14,1197.24,1198.39,1199.56,1200.76,1201.98,1203.23,1204.5,1205.79,1207.09,1208.41,1209.74,1211.08,1212.44,1213.8,1215.17,1216.55,1217.93,1219.32,1220.71,1222.1,1223.5,1224.9,1226.29,1227.69,1229.08,1230.47,1231.86,1233.25,1234.64,1236.02,1237.39,1238.77,1240.13,1241.49,1242.85
2540.85,2737.84,3004.33,3350.67,3707.14,3871.76,3645.39,3206.6,2792.18,2466.43,2220.51,2034.34,1891.11,1778.8,1689.1,1616.28,1556.31,1506.31,1464.18,1428.36,1397.68,1371.21,1348.26,1328.26,1310.76,1295.39,1281.86,1269.93,1259.37,1250.03,1241.75,1234.41,1227.91,1222.14,1217.04,1212.53,1208.55,1205.05,1201.99,1199.31,1196.99,1194.99,1193.28,1191.84,1190.64,1189.66,1188.88,1188.29,1187.88,1187.61,1187.49,1187.51,1187.64,1187.88,1188.23,1188.67,1189.2,1189.8,1190.48,1191.23,1192.04,1192.91,1193.83,1194.8,1195.81,1196.86,1197.95,1199.07,1200.23,1201.41,1202.62,1203.85,1205.11,1206.38,1207.67,1208.98,1210.3,1211.63,1212.97,1214.32,1215.68,1217.05,1218.42,1219.8,1221.18,1222.56,1223.95,1225.34,1226.72,1228.11,1229.5,1230.88,1232.27,1233.65,1235.02,1236.4,1237.77,1239.13,1240.49,1241.85,1243.2
2525.33,2714.56,2967.91,3295.59,3635.41,3813.54,3630.13,3221.77,2816.59,2490.91,2242.32,2053.1,1907.14,1792.54,1700.99,1626.65,1565.44,1514.42,1471.43,1434.89,1403.59,1376.6,1353.2,1332.8,1314.95,1299.28,1285.49,1273.31,1262.54,1253,1244.54,1237.04,1230.39,1224.5,1219.27,1214.65,1210.57,1206.98,1203.82,1201.06,1198.66,1196.59,1194.82,1193.31,1192.05,1191.02,1190.2,1189.56,1189.1,1188.79,1188.63,1188.6,1188.7,1188.91,1189.22,1189.63,1190.13,1190.71,1191.36,1192.09,1192.87,1193.72,1194.61,1195.56,1196.55,1197.58,1198.66,1199.76,1200.9,1202.07,1203.26,1204.48,1205.72,1206.97,1208.25,1209.54,1210.85,1212.17,1213.5,1214.84,1216.19,1217.55,1218.91,1220.27,1221.65,1223.02,1224.4,1225.78,1227.16,1228.53,1229.91,1231.29,1232.67,1234.04,1235.41,1236.78,1238.14,1239.5,1240.85,1242.2,1243.55
2510.34,2692.28,2933.49,3243.94,3567.94,3755.53,3610.66,3233.25,2838.93,2514.35,2263.62,2071.6,1923.03,1806.22,1712.84,1637.01,1574.56,1522.51,1478.68,1441.42,1409.51,1381.99,1358.13,1337.34,1319.15,1303.17,1289.1,1276.68,1265.7,1255.96,1247.33,1239.67,1232.88,1226.85,1221.5,1216.77,1212.58,1208.89,1205.65,1202.81,1200.34,1198.19,1196.35,1194.79,1193.47,1192.38,1191.51,1190.82,1190.31,1189.96,1189.76,1189.7,1189.76,1189.94,1190.22,1190.6,1191.07,1191.62,1192.24,1192.94,1193.7,1194.52,1195.4,1196.32,1197.29,1198.31,1199.36,1200.45,1201.57,1202.72,1203.9,1205.1,1206.32,1207.57,1208.83,1210.11,1211.4,1212.71,1214.03,1215.36,1216.7,1218.04,1219.39,1220.75,1222.11,1223.48,1224.85,1226.22,1227.59,1228.96,1230.33,1231.7,1233.06,1234.43,1235.79,1237.15,1238.51,1239.86,1241.21,1242.55,1243.89
2495.86,2670.95,2900.9,3195.41,3504.45,3698.17,3587.62,3241.12,2859.13,2536.66,2284.35,2089.81,1938.77,1819.82,1724.64,1647.33,1583.66,1530.6,1485.92,1447.94,1415.42,1387.38,1363.07,1341.88,1323.34,1307.06,1292.72,1280.06,1268.85,1258.93,1250.12,1242.3,1235.36,1229.2,1223.73,1218.88,1214.6,1210.81,1207.48,1204.56,1202.01,1199.79,1197.89,1196.26,1194.89,1193.75,1192.82,1192.08,1191.53,1191.14,1190.9,1190.8,1190.82,1190.96,1191.21,1191.56,1192,1192.52,1193.12,1193.79,1194.53,1195.33,1196.18,1197.08,1198.03,1199.03,1200.06,1201.13,1202.24,1203.37,1204.53,1205.72,1206.93,1208.16,1209.41,1210.67,1211.96,1213.25,1214.56,1215.88,1217.2,1218.54,1219.88,1221.23,1222.58,1223.93,1225.29,1226.65,1228.02,1229.38,1230.74,1232.1,1233.46,1234.82,1236.18,1237.53,1238.88,1240.23,1241.57,1242.91,1244.24
2481.86,2650.49,2869.99,3149.72,3444.69,3641.81,3561.62,3245.51,2877.13,2557.79,2304.46,2107.7,1954.34,1833.32,1736.39,1657.62,1592.74,1538.68,1493.15,1454.46,1421.33,1392.77,1368,1346.42,1327.53,1310.95,1296.33,1283.43,1272.01,1261.89,1252.9,1244.93,1237.84,1231.54,1225.95,1221,1216.61,1212.73,1209.31,1206.3,1203.68,1201.39,1199.42,1197.73,1196.3,1195.1,1194.12,1193.34,1192.74,1192.31,1192.03,1191.89,1191.88,1191.98,1192.2,1192.52,1192.93,1193.42,1194,1194.64,1195.36,1196.13,1196.96,1197.84,1198.77,1199.75,1200.76,1201.82,1202.9,1204.02,1205.17,1206.34,1207.53,1208.75,1209.99,1211.24,1212.51,1213.79,1215.08,1216.39,1217.71,1219.03,1220.36,1221.7,1223.04,1224.39,1225.74,1227.09,1228.45,1229.8,1231.15,1232.51,1233.86,1235.21,1236.56,1237.91,1239.25,1240.59,1241.93,1243.26,1244.58
2468.31,2630.85,2840.64,3106.64,3388.37,3586.71,3533.21,3246.6,2892.93,2577.67,2323.9,2125.22,1969.71,1846.7,1748.07,1667.87,1601.8,1546.73,1500.36,1460.96,1427.23,1398.14,1372.93,1350.95,1331.72,1314.83,1299.95,1286.8,1275.16,1264.84,1255.69,1247.55,1240.32,1233.89,1228.18,1223.11,1218.61,1214.64,1211.13,1208.05,1205.34,1202.99,1200.95,1199.2,1197.71,1196.46,1195.43,1194.6,1193.96,1193.48,1193.16,1192.98,1192.93,1193.01,1193.19,1193.48,1193.86,1194.32,1194.87,1195.49,1196.18,1196.93,1197.74,1198.6,1199.51,1200.47,1201.47,1202.5,1203.57,1204.67,1205.8,1206.96,1208.14,1209.34,1210.56,1211.8,1213.06,1214.33,1215.61,1216.91,1218.21,1219.52,1220.85,1222.17,1223.51,1224.84,1226.18,1227.53,1228.87,1230.22,1231.57,1232.91,1234.26,1235.6,1236.94,1238.28,1239.62,1240.95,1242.28,1243.61,1244.93
2455.2,2611.98,2812.71,3065.94,3335.25,3533.09,3502.9,3244.57,2906.49,2596.25,2342.62,2142.36,1984.85,1859.96,1759.67,1678.07,1610.82,1554.77,1507.56,1467.46,1433.12,1403.51,1377.84,1355.48,1335.9,1318.7,1303.55,1290.16,1278.31,1267.8,1258.46,1250.17,1242.79,1236.23,1230.4,1225.21,1220.62,1216.55,1212.95,1209.79,1207.01,1204.58,1202.48,1200.66,1199.12,1197.81,1196.73,1195.86,1195.17,1194.65,1194.29,1194.07,1193.99,1194.03,1194.18,1194.43,1194.78,1195.22,1195.74,1196.34,1197,1197.73,1198.52,1199.36,1200.25,1201.19,1202.16,1203.18,1204.23,1205.32,1206.43,1207.57,1208.74,1209.93,1211.14,1212.36,1213.61,1214.87,1216.14,1217.42,1218.71,1220.02,1221.33,1222.65,1223.97,1225.3,1226.63,1227.96,1229.3,1230.64,1231.98,1233.32,1234.65,1235.99,1237.33,1238.66,1239.99,1241.32,1242.64,1243.96,1245.27
2442.49,2593.83,2786.1,3027.43,3285.08,3481.07,3471.15,3239.65,2917.84,2613.48,2360.58,2159.06,1999.76,1873.07,1771.19,1688.22,1619.81,1562.78,1514.75,1473.94,1439,1408.87,1382.76,1360,1340.08,1322.58,1307.15,1293.52,1281.46,1270.75,1261.24,1252.78,1245.26,1238.57,1232.61,1227.32,1222.62,1218.46,1214.77,1211.52,1208.67,1206.17,1204,1202.13,1200.52,1199.17,1198.04,1197.11,1196.38,1195.81,1195.41,1195.16,1195.04,1195.04,1195.16,1195.39,1195.71,1196.12,1196.61,1197.19,1197.83,1198.53,1199.3,1200.12,1200.99,1201.9,1202.86,1203.86,1204.9,1205.96,1207.06,1208.19,1209.34,1210.51,1211.71,1212.92,1214.15,1215.4,1216.66,1217.93,1219.22,1220.51,1221.81,1223.12,1224.43,1225.75,1227.07,1228.4,1229.73,1231.06,1232.39,1233.72,1235.05,1236.38,1237.71,1239.03,1240.36,1241.68,1242.99,1244.31,1245.61
2430.18,2576.36,2760.72,2990.94,3237.62,3430.77,3438.35,3232.08,2927.01,2629.34,2377.74,2175.32,2014.4,1886.03,1782.61,1698.3,1628.76,1570.76,1521.91,1480.4,1444.86,1414.23,1387.66,1364.51,1344.25,1326.44,1310.75,1296.88,1284.6,1273.7,1264.01,1255.39,1247.73,1240.9,1234.83,1229.42,1224.62,1220.36,1216.59,1213.26,1210.33,1207.76,1205.53,1203.59,1201.93,1200.52,1199.34,1198.36,1197.58,1196.98,1196.54,1196.24,1196.09,1196.06,1196.15,1196.34,1196.63,1197.02,1197.48,1198.03,1198.65,1199.33,1200.07,1200.87,1201.72,1202.62,1203.56,1204.54,1205.56,1206.61,1207.69,1208.8,1209.94,1211.1,1212.28,1213.48,1214.7,1215.94,1217.18,1218.45,1219.72,1221,1222.29,1223.59,1224.89,1226.2,1227.52,1228.83,1230.15,1231.48,1232.8,1234.12,1235.45,1236.77,1238.09,1239.41,1240.72,1242.04,1243.35,1244.65,1245.96
2418.23,2559.52,2736.47,2956.32,3192.69,3382.24,3404.83,3222.13,2934.05,2643.79,2394.07,2191.09,2028.76,1898.82,1793.92,1708.32,1637.66,1578.71,1529.05,1486.85,1450.72,1419.57,1392.56,1369.02,1348.41,1330.3,1314.34,1300.23,1287.73,1276.64,1266.78,1258,1250.19,1243.23,1237.04,1231.52,1226.62,1222.26,1218.4,1214.99,1211.99,1209.35,1207.05,1205.05,1203.33,1201.87,1200.63,1199.61,1198.79,1198.14,1197.66,1197.33,1197.14,1197.07,1197.13,1197.29,1197.56,1197.91,1198.35,1198.87,1199.47,1200.12,1200.85,1201.62,1202.45,1203.33,1204.25,1205.22,1206.22,1207.25,1208.32,1209.42,1210.54,1211.69,1212.85,1214.04,1215.25,1216.47,1217.71,1218.96,1220.22,1221.49,1222.77,1224.06,1225.35,1226.65,1227.96,1229.27,1230.58,1231.89,1233.21,1234.52,1235.84,1237.15,1238.47,1239.78,1241.09,1242.4,1243.7,1245,1246.3
2406.64,2543.28,2713.28,2923.42,3150.07,3335.51,3370.87,3210.05,2939.02,2656.83,2409.53,2206.34,2042.82,1911.42,1805.12,1718.26,1646.51,1586.62,1536.16,1493.28,1456.56,1424.89,1397.44,1373.51,1352.56,1334.16,1317.93,1303.58,1290.86,1279.58,1269.54,1260.61,1252.65,1245.56,1239.24,1233.62,1228.61,1224.16,1220.21,1216.72,1213.64,1210.93,1208.57,1206.51,1204.73,1203.21,1201.93,1200.86,1199.99,1199.3,1198.78,1198.41,1198.18,1198.09,1198.11,1198.24,1198.48,1198.81,1199.22,1199.72,1200.28,1200.92,1201.62,1202.38,1203.19,1204.04,1204.95,1205.89,1206.88,1207.9,1208.95,1210.03,1211.14,1212.27,1213.43,1214.6,1215.79,1217,1218.23,1219.47,1220.72,1221.98,1223.25,1224.53,1225.81,1227.1,1228.4,1229.7,1231,1232.31,1233.62,1234.93,1236.23,1237.54,1238.85,1240.15,1241.46,1242.76,1244.06,1245.35,1246.64
2395.39,2527.61,2691.07,2892.11,3109.61,3290.58,3336.71,3196.12,2942,2668.45,2424.1,2221.06,2056.55,1923.82,1816.19,1728.11,1655.3,1594.5,1543.25,1499.68,1462.38,1430.21,1402.31,1378,1356.71,1338,1321.51,1306.92,1293.99,1282.51,1272.3,1263.21,1255.1,1247.88,1241.44,1235.71,1230.6,1226.06,1222.02,1218.45,1215.29,1212.52,1210.08,1207.96,1206.13,1204.55,1203.22,1202.11,1201.19,1200.46,1199.9,1199.49,1199.23,1199.1,1199.09,1199.19,1199.4,1199.7,1200.09,1200.56,1201.1,1201.71,1202.39,1203.13,1203.92,1204.76,1205.64,1206.57,1207.54,1208.54,1209.58,1210.64,1211.74,1212.85,1213.99,1215.16,1216.34,1217.54,1218.75,1219.98,1221.22,1222.47,1223.73,1225,1226.27,1227.55,1228.84,1230.13,1231.43,1232.73,1234.02,1235.33,1236.63,1237.93,1239.23,1240.53,1241.82,1243.12,1244.41,1245.7,1246.98
2384.45,2512.48,2669.78,2862.3,3071.14,3247.44,3302.56,3180.57,2943.09,2678.65,2437.76,2235.21,2069.93,1936.01,1827.12,1737.88,1664.03,1602.32,1550.3,1506.07,1468.18,1435.51,1407.17,1382.47,1360.85,1341.84,1325.08,1310.25,1297.11,1285.44,1275.05,1265.8,1257.56,1250.2,1243.64,1237.8,1232.59,1227.95,1223.83,1220.17,1216.94,1214.09,1211.6,1209.41,1207.52,1205.9,1204.51,1203.35,1202.39,1201.62,1201.01,1200.57,1200.27,1200.11,1200.07,1200.14,1200.31,1200.59,1200.95,1201.39,1201.91,1202.51,1203.16,1203.88,1204.65,1205.47,1206.33,1207.24,1208.19,1209.18,1210.2,1211.25,1212.33,1213.44,1214.56,1215.71,1216.88,1218.07,1219.27,1220.49,1221.71,1222.95,1224.2,1225.46,1226.73,1228,1229.28,1230.56,1231.85,1233.14,1234.43,1235.72,1237.02,1238.31,1239.6,1240.9,1242.19,1243.47,1244.76,1246.04,1247.32
2373.83,2497.85,2649.35,2833.86,3034.52,3206.04,3268.57,3163.65,2942.39,2687.46,2450.48,2248.78,2082.95,1947.97,1837.91,1747.54,1672.69,1610.1,1557.31,1512.42,1473.96,1440.79,1412.02,1386.94,1364.98,1345.67,1328.64,1313.58,1300.22,1288.36,1277.8,1268.39,1260,1252.52,1245.84,1239.88,1234.57,1229.84,1225.63,1221.89,1218.59,1215.67,1213.11,1210.86,1208.92,1207.23,1205.8,1204.59,1203.59,1202.77,1202.13,1201.65,1201.31,1201.11,1201.04,1201.08,1201.23,1201.48,1201.81,1202.23,1202.73,1203.3,1203.93,1204.62,1205.37,1206.17,1207.02,1207.92,1208.85,1209.82,1210.83,1211.86,1212.93,1214.02,1215.13,1216.27,1217.42,1218.6,1219.79,1220.99,1222.21,1223.44,1224.68,1225.93,1227.19,1228.45,1229.72,1230.99,1232.27,1233.55,1234.84,1236.12,1237.41,1238.7,1239.98,1241.27,1242.55,1243.83,1245.11,1246.39,1247.66
2363.49,2483.7,2629.73,2806.7,2999.62,3166.33,3234.89,3145.56,2940,2694.88,2462.26,2261.74,2095.59,1959.69,1848.54,1757.1,1681.28,1617.83,1564.29,1518.74,1479.71,1446.05,1416.85,1391.39,1369.09,1349.49,1332.2,1316.9,1303.33,1291.27,1280.54,1270.98,1262.44,1254.83,1248.03,1241.96,1236.55,1231.72,1227.43,1223.61,1220.23,1217.24,1214.61,1212.31,1210.3,1208.57,1207.09,1205.83,1204.78,1203.92,1203.24,1202.72,1202.35,1202.12,1202.01,1202.03,1202.14,1202.36,1202.67,1203.07,1203.54,1204.08,1204.7,1205.37,1206.1,1206.88,1207.71,1208.59,1209.51,1210.46,1211.45,1212.47,1213.52,1214.6,1215.7,1216.82,1217.97,1219.13,1220.31,1221.5,1222.71,1223.93,1225.16,1226.4,1227.64,1228.9,1230.16,1231.42,1232.69,1233.97,1235.24,1236.52,1237.8,1239.08,1240.36,1241.64,1242.91,1244.19,1245.46,1246.73,1248
2353.43,2470,2610.86,2780.74,2966.32,3128.26,3201.62,3126.52,2936.05,2700.95,2473.09,2274.09,2107.84,1971.15,1859,1766.55,1689.79,1625.5,1571.23,1525.04,1485.45,1451.29,1421.67,1395.83,1373.2,1353.3,1335.74,1320.21,1306.43,1294.18,1283.28,1273.55,1264.88,1257.13,1250.22,1244.04,1238.52,1233.6,1229.22,1225.33,1221.87,1218.81,1216.12,1213.75,1211.69,1209.9,1208.37,1207.06,1205.97,1205.07,1204.35,1203.79,1203.39,1203.12,1202.99,1202.97,1203.06,1203.25,1203.53,1203.9,1204.35,1204.87,1205.46,1206.11,1206.82,1207.59,1208.4,1209.26,1210.16,1211.1,1212.07,1213.08,1214.11,1215.18,1216.26,1217.37,1218.51,1219.66,1220.82,1222.01,1223.2,1224.41,1225.63,1226.86,1228.1,1229.34,1230.6,1231.85,1233.12,1234.38,1235.65,1236.92,1238.19,1239.46,1240.73,1242.01,1243.28,1244.55,1245.81,1247.08,1248.34
2343.65,2456.73,2592.7,2755.9,2934.51,3091.76,3168.88,3106.71,2930.66,2705.7,2482.96,2285.79,2119.67,1982.34,1869.28,1775.88,1698.21,1633.12,1578.12,1531.3,1491.15,1456.52,1426.46,1400.25,1377.29,1357.1,1339.28,1323.51,1309.52,1297.08,1286.01,1276.13,1267.31,1259.43,1252.4,1246.11,1240.49,1235.48,1231.01,1227.04,1223.51,1220.38,1217.62,1215.2,1213.08,1211.24,1209.65,1208.3,1207.16,1206.22,1205.46,1204.87,1204.42,1204.13,1203.96,1203.91,1203.97,1204.13,1204.39,1204.73,1205.16,1205.66,1206.23,1206.86,1207.55,1208.29,1209.09,1209.93,1210.81,1211.73,1212.69,1213.68,1214.7,1215.75,1216.83,1217.93,1219.04,1220.18,1221.34,1222.51,1223.7,1224.89,1226.1,1227.32,1228.55,1229.79,1231.03,1232.28,1233.53,1234.79,1236.05,1237.32,1238.58,1239.84,1241.11,1242.37,1243.64,1244.9,1246.16,1247.42,1248.67
2334.11,2443.88,2575.21,2732.11,2904.1,3056.75,3136.72,3086.28,2923.96,2709.18,2491.88,2296.86,2131.08,1993.26,1879.38,1785.08,1706.55,1640.66,1584.96,1537.52,1496.83,1461.72,1431.24,1404.66,1381.37,1360.88,1342.81,1326.8,1312.6,1299.98,1288.73,1278.7,1269.74,1261.73,1254.57,1248.18,1242.46,1237.35,1232.8,1228.74,1225.14,1221.94,1219.12,1216.63,1214.46,1212.56,1210.93,1209.53,1208.35,1207.36,1206.57,1205.93,1205.46,1205.12,1204.92,1204.84,1204.88,1205.01,1205.24,1205.56,1205.97,1206.44,1206.99,1207.6,1208.27,1209,1209.77,1210.6,1211.46,1212.37,1213.31,1214.29,1215.29,1216.33,1217.39,1218.48,1219.58,1220.71,1221.85,1223.01,1224.19,1225.38,1226.58,1227.79,1229.01,1230.23,1231.47,1232.71,1233.95,1235.2,1236.46,1237.71,1238.97,1240.23,1241.48,1242.74,1244,1245.26,1246.51,1247.76,1249.01
2324.83,2431.41,2558.34,2709.3,2874.99,3023.18,3105.21,3065.37,2916.06,2711.44,2499.86,2307.26,2142.05,2003.89,1889.28,1794.15,1714.8,1648.14,1591.75,1543.7,1502.48,1466.89,1436,1409.05,1385.43,1364.66,1346.32,1330.09,1315.68,1302.86,1291.45,1281.26,1272.16,1264.02,1256.75,1250.24,1244.42,1239.22,1234.58,1230.45,1226.77,1223.5,1220.61,1218.07,1215.84,1213.89,1212.2,1210.76,1209.53,1208.51,1207.67,1207,1206.49,1206.12,1205.89,1205.78,1205.78,1205.89,1206.1,1206.39,1206.77,1207.23,1207.75,1208.34,1208.99,1209.7,1210.46,1211.26,1212.11,1213,1213.93,1214.89,1215.88,1216.9,1217.95,1219.03,1220.12,1221.23,1222.37,1223.52,1224.68,1225.86,1227.05,1228.25,1229.46,1230.68,1231.9,1233.14,1234.37,1235.61,1236.86,1238.11,1239.36,1240.61,1241.86,1243.11,1244.36,1245.61,1246.86,1248.1,1249.35
2315.78,2419.31,2542.07,2687.41,2847.11,2990.97,3074.41,3044.12,2907.09,2712.53,2506.9,2317.01,2152.57,2014.21,1898.99,1803.08,1722.94,1655.55,1598.49,1549.85,1508.09,1472.04,1440.74,1413.42,1389.48,1368.42,1349.83,1333.36,1318.75,1305.74,1294.16,1283.81,1274.57,1266.31,1258.91,1252.3,1246.38,1241.09,1236.36,1232.15,1228.39,1225.06,1222.11,1219.5,1217.21,1215.21,1213.48,1211.98,1210.71,1209.65,1208.77,1208.06,1207.52,1207.12,1206.85,1206.71,1206.69,1206.77,1206.95,1207.22,1207.57,1208.01,1208.51,1209.08,1209.71,1210.4,1211.14,1211.93,1212.76,1213.63,1214.55,1215.49,1216.47,1217.48,1218.51,1219.57,1220.66,1221.76,1222.88,1224.02,1225.17,1226.34,1227.52,1228.71,1229.91,1231.12,1232.34,1233.56,1234.79,1236.02,1237.26,1238.5,1239.74,1240.99,1242.23,1243.48,1244.72,1245.96,1247.21,1248.45,1249.68
2306.95,2407.57,2526.36,2666.38,2820.37,2960.04,3044.34,3022.64,2897.17,2712.51,2513.02,2326.08,2162.63,2024.23,1908.48,1811.87,1730.98,1662.89,1605.18,1555.95,1513.68,1477.16,1445.45,1417.78,1393.52,1372.17,1353.32,1336.63,1321.81,1308.62,1296.86,1286.36,1276.98,1268.59,1261.07,1254.35,1248.33,1242.95,1238.14,1233.84,1230.02,1226.61,1223.6,1220.93,1218.58,1216.53,1214.75,1213.21,1211.89,1210.79,1209.87,1209.13,1208.54,1208.11,1207.82,1207.65,1207.59,1207.65,1207.8,1208.05,1208.38,1208.79,1209.27,1209.82,1210.43,1211.1,1211.82,1212.59,1213.41,1214.27,1215.16,1216.09,1217.06,1218.05,1219.07,1220.12,1221.19,1222.28,1223.39,1224.52,1225.66,1226.82,1227.99,1229.17,1230.36,1231.56,1232.77,1233.99,1235.21,1236.43,1237.66,1238.89,1240.13,1241.37,1242.6,1243.84,1245.08,1246.32,1247.55,1248.79,1250.02
2298.34,2396.17,2511.18,2646.16,2794.72,2930.34,3015.03,3001.02,2886.41,2711.43,2518.24,2334.49,2172.23,2033.93,1917.75,1820.5,1738.92,1670.14,1611.8,1562,1519.22,1482.26,1450.15,1422.12,1397.54,1375.91,1356.8,1339.88,1324.85,1311.48,1299.55,1288.9,1279.38,1270.86,1263.23,1256.4,1250.28,1244.81,1239.91,1235.54,1231.63,1228.16,1225.08,1222.36,1219.95,1217.85,1216.01,1214.43,1213.07,1211.92,1210.97,1210.19,1209.57,1209.1,1208.78,1208.58,1208.49,1208.52,1208.65,1208.87,1209.18,1209.56,1210.02,1210.55,1211.15,1211.8,1212.5,1213.25,1214.05,1214.89,1215.78,1216.69,1217.64,1218.62,1219.63,1220.67,1221.72,1222.8,1223.9,1225.02,1226.15,1227.3,1228.46,1229.63,1230.81,1232,1233.2,1234.41,1235.62,1236.84,1238.06,1239.29,1240.51,1241.74,1242.97,1244.21,1245.44,1246.67,1247.9,1249.13,1250.35
2289.94,2385.08,2496.5,2626.7,2770.08,2901.79,2986.5,2979.34,2874.91,2709.37,2522.57,2342.23,2181.36,2043.3,1926.79,1828.97,1746.74,1677.31,1618.37,1568.01,1524.73,1487.32,1454.82,1426.43,1401.54,1379.63,1360.27,1343.12,1327.89,1314.33,1302.24,1291.44,1281.77,1273.13,1265.38,1258.44,1252.22,1246.66,1241.68,1237.22,1233.25,1229.71,1226.56,1223.78,1221.32,1219.16,1217.28,1215.65,1214.25,1213.06,1212.06,1211.24,1210.59,1210.09,1209.73,1209.5,1209.39,1209.39,1209.5,1209.69,1209.98,1210.34,1210.78,1211.29,1211.86,1212.49,1213.18,1213.91,1214.7,1215.52,1216.39,1217.29,1218.23,1219.19,1220.19,1221.21,1222.26,1223.32,1224.41,1225.52,1226.64,1227.78,1228.93,1230.09,1231.26,1232.44,1233.63,1234.83,1236.04,1237.25,1238.46,1239.68,1240.9,1242.12,1243.35,1244.57,1245.8,1247.02,1248.24,1249.47,1250.69
2281.74,2374.31,2482.29,2607.97,2746.4,2874.34,2958.76,2957.69,2862.78,2706.38,2526.06,2349.31,2190.01,2052.34,1935.6,1837.28,1754.44,1684.4,1624.86,1573.97,1530.2,1492.36,1459.46,1430.73,1405.52,1383.33,1363.73,1346.36,1330.92,1317.18,1304.92,1293.96,1284.16,1275.39,1267.53,1260.48,1254.16,1248.51,1243.44,1238.91,1234.86,1231.25,1228.04,1225.2,1222.68,1220.47,1218.54,1216.86,1215.42,1214.19,1213.15,1212.3,1211.61,1211.08,1210.69,1210.43,1210.29,1210.26,1210.34,1210.51,1210.77,1211.12,1211.53,1212.02,1212.57,1213.19,1213.85,1214.57,1215.34,1216.15,1217,1217.89,1218.81,1219.76,1220.75,1221.76,1222.79,1223.84,1224.92,1226.02,1227.13,1228.25,1229.39,1230.55,1231.71,1232.88,1234.06,1235.25,1236.45,1237.65,1238.86,1240.07,1241.28,1242.5,1243.72,1244.93,1246.15,1247.37,1248.59,1249.8,1251.02
2273.73,2363.82,2468.53,2589.91,2723.62,2847.92,2931.8,2936.12,2850.1,2702.53,2528.71,2355.74,2198.18,2061.03,1944.18,1845.42,1762.02,1691.39,1631.29,1579.87,1535.63,1497.36,1464.08,1435,1409.49,1387.02,1367.17,1349.57,1333.94,1320.01,1307.59,1296.48,1286.54,1277.64,1269.66,1262.51,1256.1,1250.35,1245.2,1240.59,1236.47,1232.79,1229.52,1226.61,1224.04,1221.78,1219.8,1218.08,1216.59,1215.31,1214.24,1213.35,1212.63,1212.06,1211.64,1211.35,1211.19,1211.13,1211.18,1211.33,1211.57,1211.89,1212.29,1212.75,1213.29,1213.88,1214.53,1215.23,1215.98,1216.78,1217.61,1218.48,1219.39,1220.33,1221.3,1222.3,1223.32,1224.36,1225.43,1226.51,1227.61,1228.73,1229.86,1231,1232.16,1233.32,1234.49,1235.68,1236.86,1238.06,1239.26,1240.46,1241.67,1242.87,1244.08,1245.3,1246.51,1247.72,1248.93,1250.14,1251.35
2265.91,2353.62,2455.21,2572.5,2701.7,2822.48,2905.62,2914.68,2836.96,2697.89,2530.57,2361.51,2205.87,2069.38,1952.51,1853.38,1769.47,1698.29,1637.65,1585.73,1541.02,1502.32,1468.66,1439.25,1413.44,1390.7,1370.6,1352.78,1336.94,1322.84,1310.25,1298.99,1288.92,1279.89,1271.8,1264.54,1258.03,1252.19,1246.95,1242.26,1238.07,1234.33,1230.99,1228.03,1225.4,1223.09,1221.06,1219.29,1217.75,1216.44,1215.33,1214.4,1213.65,1213.05,1212.59,1212.27,1212.08,1212,1212.02,1212.15,1212.36,1212.66,1213.04,1213.48,1214,1214.57,1215.2,1215.89,1216.62,1217.4,1218.22,1219.08,1219.97,1220.9,1221.86,1222.84,1223.85,1224.88,1225.93,1227.01,1228.1,1229.2,1230.32,1231.46,1232.6,1233.76,1234.92,1236.1,1237.28,1238.46,1239.65,1240.85,1242.05,1243.25,1244.45,1245.66,1246.86,1248.07,1249.28,1250.48,1251.68
2258.26,2343.69,2442.29,2555.69,2680.58,2797.97,2880.22,2893.44,2823.43,2692.51,2531.66,2366.65,2213.07,2077.39,1960.58,1861.16,1776.79,1705.1,1643.94,1591.52,1546.36,1507.26,1473.22,1443.48,1417.36,1394.35,1374.01,1355.97,1339.94,1325.65,1312.9,1301.49,1291.28,1282.13,1273.92,1266.56,1259.95,1254.02,1248.7,1243.93,1239.67,1235.86,1232.46,1229.44,1226.76,1224.39,1222.31,1220.49,1218.92,1217.56,1216.41,1215.45,1214.66,1214.03,1213.54,1213.19,1212.97,1212.86,1212.86,1212.96,1213.15,1213.43,1213.78,1214.21,1214.71,1215.26,1215.88,1216.54,1217.26,1218.02,1218.83,1219.67,1220.55,1221.47,1222.41,1223.38,1224.38,1225.4,1226.44,1227.5,1228.58,1229.68,1230.79,1231.91,1233.05,1234.2,1235.35,1236.52,1237.69,1238.87,1240.05,1241.24,1242.43,1243.62,1244.82,1246.02,1247.22,1248.42,1249.62,1250.82,1252.01
2250.79,2334.01,2429.76,2539.46,2660.23,2774.33,2855.57,2872.42,2809.59,2686.48,2532.02,2371.16,2219.8,2085.04,1968.41,1868.76,1783.98,1711.8,1650.15,1597.26,1551.66,1512.15,1477.75,1447.68,1421.27,1397.99,1377.41,1359.15,1342.92,1328.46,1315.54,1303.99,1293.64,1284.37,1276.04,1268.57,1261.87,1255.84,1250.44,1245.6,1241.26,1237.38,1233.92,1230.84,1228.11,1225.69,1223.56,1221.7,1220.08,1218.68,1217.49,1216.49,1215.67,1215.01,1214.49,1214.11,1213.86,1213.73,1213.7,1213.78,1213.94,1214.2,1214.53,1214.94,1215.41,1215.95,1216.55,1217.2,1217.9,1218.65,1219.44,1220.27,1221.13,1222.03,1222.96,1223.92,1224.9,1225.91,1226.94,1228,1229.07,1230.15,1231.25,1232.37,1233.49,1234.63,1235.78,1236.94,1238.1,1239.27,1240.44,1241.63,1242.81,1244,1245.19,1246.38,1247.57,1248.77,1249.96,1251.15,1252.35
2243.48,2324.58,2417.59,2523.77,2640.6,2751.53,2831.67,2851.66,2795.5,2679.83,2531.68,2375.06,2226.04,2092.33,1975.97,1876.17,1791.03,1718.4,1656.29,1602.94,1556.91,1517.01,1482.25,1451.85,1425.15,1401.61,1380.79,1362.32,1345.89,1331.25,1318.17,1306.47,1295.99,1286.59,1278.16,1270.58,1263.78,1257.67,1252.18,1247.26,1242.85,1238.91,1235.38,1232.24,1229.45,1226.98,1224.81,1222.9,1221.24,1219.8,1218.57,1217.54,1216.68,1215.98,1215.44,1215.03,1214.75,1214.59,1214.54,1214.59,1214.73,1214.96,1215.28,1215.66,1216.12,1216.64,1217.22,1217.85,1218.54,1219.27,1220.04,1220.86,1221.71,1222.59,1223.51,1224.46,1225.43,1226.43,1227.45,1228.49,1229.55,1230.62,1231.71,1232.82,1233.94,1235.07,1236.21,1237.35,1238.51,1239.67,1240.84,1242.01,1243.19,1244.37,1245.55,1246.74,1247.93,1249.11,1250.3,1251.49,1252.68
2236.34,2315.39,2405.78,2508.59,2621.65,2729.53,2808.49,2831.2,2781.22,2672.65,2530.69,2378.35,2231.81,2099.26,1983.27,1883.39,1797.94,1724.9,1662.34,1608.55,1562.11,1521.82,1486.72,1456,1429.01,1405.21,1384.16,1365.47,1348.85,1334.03,1320.8,1308.95,1298.33,1288.81,1280.26,1272.58,1265.68,1259.48,1253.92,1248.92,1244.44,1240.42,1236.84,1233.64,1230.8,1228.27,1226.05,1224.1,1222.39,1220.92,1219.65,1218.58,1217.68,1216.96,1216.38,1215.94,1215.63,1215.45,1215.37,1215.4,1215.52,1215.73,1216.02,1216.39,1216.82,1217.32,1217.89,1218.5,1219.17,1219.89,1220.65,1221.45,1222.28,1223.16,1224.06,1225,1225.96,1226.94,1227.95,1228.98,1230.03,1231.09,1232.18,1233.27,1234.38,1235.5,1236.63,1237.77,1238.92,1240.07,1241.23,1242.4,1243.57,1244.74,1245.92,1247.1,1248.28,1249.46,1250.64,1251.82,1253
2229.34,2306.43,2394.3,2493.91,2603.36,2708.27,2786.01,2811.06,2766.79,2664.97,2529.06,2381.07,2237.11,2105.84,1990.3,1890.41,1804.7,1731.29,1668.31,1614.1,1567.26,1526.6,1491.15,1460.12,1432.85,1408.79,1387.5,1368.61,1351.8,1336.81,1323.41,1311.42,1300.67,1291.02,1282.36,1274.58,1267.58,1261.29,1255.64,1250.57,1246.02,1241.94,1238.29,1235.03,1232.14,1229.56,1227.29,1225.29,1223.54,1222.03,1220.72,1219.62,1218.69,1217.93,1217.32,1216.85,1216.52,1216.3,1216.2,1216.21,1216.3,1216.49,1216.76,1217.11,1217.53,1218.01,1218.55,1219.15,1219.8,1220.5,1221.25,1222.03,1222.86,1223.72,1224.61,1225.53,1226.48,1227.45,1228.45,1229.47,1230.51,1231.56,1232.64,1233.72,1234.82,1235.93,1237.06,1238.19,1239.33,1240.47,1241.63,1242.79,1243.95,1245.12,1246.29,1247.46,1248.63,1249.81,1250.98,1252.16,1253.33
2222.5,2297.68,2383.15,2479.69,2585.68,2687.72,2764.22,2791.25,2752.26,2656.86,2526.85,2383.23,2241.94,2112.06,1997.07,1897.24,1811.32,1737.56,1674.19,1619.59,1572.36,1531.34,1495.55,1464.21,1436.66,1412.35,1390.83,1371.73,1354.73,1339.57,1326.01,1313.87,1302.99,1293.23,1284.45,1276.57,1269.48,1263.1,1257.37,1252.22,1247.59,1243.45,1239.74,1236.42,1233.47,1230.85,1228.53,1226.48,1224.69,1223.14,1221.79,1220.65,1219.69,1218.9,1218.26,1217.76,1217.4,1217.16,1217.03,1217.01,1217.09,1217.25,1217.5,1217.83,1218.23,1218.69,1219.22,1219.8,1220.44,1221.12,1221.85,1222.62,1223.43,1224.28,1225.16,1226.07,1227,1227.97,1228.95,1229.96,1230.99,1232.03,1233.1,1234.17,1235.26,1236.37,1237.48,1238.6,1239.73,1240.87,1242.02,1243.17,1244.33,1245.49,1246.65,1247.82,1248.98,1250.15,1251.32,1252.49,1253.66
2215.8,2289.15,2372.3,2465.91,2568.59,2667.86,2743.07,2771.79,2737.67,2648.36,2524.1,2384.84,2246.32,2117.92,2003.57,1903.86,1817.78,1743.72,1679.99,1625,1577.4,1536.03,1499.92,1468.28,1440.45,1415.89,1394.15,1374.84,1357.65,1342.31,1328.6,1316.32,1305.31,1295.42,1286.54,1278.55,1271.36,1264.9,1259.09,1253.86,1249.17,1244.96,1241.18,1237.81,1234.8,1232.13,1229.76,1227.67,1225.84,1224.24,1222.86,1221.68,1220.69,1219.86,1219.19,1218.67,1218.28,1218.01,1217.86,1217.82,1217.87,1218.01,1218.24,1218.55,1218.93,1219.37,1219.88,1220.45,1221.07,1221.74,1222.45,1223.21,1224,1224.84,1225.7,1226.6,1227.53,1228.48,1229.45,1230.45,1231.47,1232.5,1233.55,1234.62,1235.7,1236.8,1237.9,1239.02,1240.14,1241.27,1242.41,1243.55,1244.7,1245.86,1247.01,1248.17,1249.33,1250.5,1251.66,1252.82,1253.99
2209.24,2280.82,2361.74,2452.55,2552.05,2648.64,2722.57,2752.7,2723.07,2639.52,2520.83,2385.92,2250.24,2123.42,2009.79,1910.27,1824.09,1749.77,1685.7,1630.35,1582.39,1540.67,1504.25,1472.31,1444.22,1419.41,1397.44,1377.93,1360.56,1345.05,1331.18,1318.76,1307.62,1297.61,1288.62,1280.52,1273.24,1266.69,1260.8,1255.5,1250.73,1246.46,1242.62,1239.19,1236.13,1233.41,1230.99,1228.86,1226.98,1225.35,1223.93,1222.71,1221.68,1220.83,1220.13,1219.57,1219.16,1218.86,1218.69,1218.62,1218.65,1218.77,1218.98,1219.26,1219.62,1220.05,1220.54,1221.09,1221.7,1222.35,1223.05,1223.79,1224.58,1225.39,1226.25,1227.13,1228.05,1228.99,1229.95,1230.94,1231.94,1232.97,1234.01,1235.07,1236.14,1237.23,1238.32,1239.43,1240.55,1241.67,1242.8,1243.94,1245.08,1246.23,1247.38,1248.53,1249.68,1250.84,1252,1253.16,1254.31
2202.81,2272.68,2351.47,2439.6,2536.05,2630.04,2702.67,2733.99,2708.47,2630.39,2517.08,2386.5,2253.72,2128.57,2015.74,1916.48,1830.24,1755.69,1691.31,1635.63,1587.32,1545.28,1508.54,1476.32,1447.96,1422.91,1400.72,1381,1363.45,1347.77,1333.75,1321.19,1309.92,1299.79,1290.69,1282.49,1275.12,1268.48,1262.51,1257.13,1252.3,1247.95,1244.06,1240.57,1237.46,1234.68,1232.22,1230.04,1228.12,1226.45,1224.99,1223.74,1222.68,1221.79,1221.06,1220.48,1220.03,1219.71,1219.51,1219.42,1219.43,1219.53,1219.71,1219.98,1220.32,1220.73,1221.2,1221.74,1222.32,1222.96,1223.65,1224.38,1225.14,1225.95,1226.79,1227.66,1228.57,1229.49,1230.45,1231.42,1232.42,1233.44,1234.47,1235.52,1236.58,1237.66,1238.74,1239.84,1240.95,1242.07,1243.19,1244.32,1245.45,1246.59,1247.74,1248.88,1250.03,1251.18,1252.34,1253.49,1254.64
2196.51,2264.73,2341.46,2427.02,2520.56,2612.02,2683.37,2715.66,2693.91,2621,2512.89,2386.6,2256.78,2133.37,2021.42,1922.49,1836.24,1761.5,1696.84,1640.83,1592.2,1549.83,1512.79,1480.29,1451.67,1426.38,1403.97,1384.06,1366.32,1350.48,1336.31,1323.6,1312.2,1301.96,1292.75,1284.45,1276.99,1270.26,1264.21,1258.76,1253.85,1249.45,1245.49,1241.95,1238.78,1235.95,1233.44,1231.22,1229.26,1227.54,1226.05,1224.77,1223.67,1222.75,1221.99,1221.38,1220.9,1220.56,1220.33,1220.22,1220.2,1220.28,1220.45,1220.69,1221.02,1221.41,1221.86,1222.38,1222.95,1223.57,1224.24,1224.96,1225.71,1226.51,1227.33,1228.19,1229.08,1230,1230.94,1231.91,1232.89,1233.9,1234.92,1235.96,1237.02,1238.09,1239.16,1240.26,1241.35,1242.46,1243.58,1244.7,1245.83,1246.96,1248.1,1249.24,1250.38,1251.53,1252.67,1253.82,1254.97
2190.34,2256.96,2331.71,2414.81,2505.54,2594.57,2664.62,2697.71,2679.43,2611.4,2508.3,2386.24,2259.41,2137.83,2026.83,1928.28,1842.07,1767.18,1702.26,1645.96,1597.01,1554.34,1517,1484.23,1455.35,1429.83,1407.21,1387.1,1369.18,1353.18,1338.85,1326.01,1314.48,1304.12,1294.8,1286.41,1278.85,1272.04,1265.9,1260.38,1255.4,1250.93,1246.92,1243.32,1240.1,1237.22,1234.66,1232.39,1230.39,1228.64,1227.11,1225.79,1224.66,1223.7,1222.91,1222.27,1221.77,1221.4,1221.15,1221.01,1220.97,1221.03,1221.18,1221.4,1221.71,1222.08,1222.52,1223.02,1223.58,1224.18,1224.84,1225.54,1226.28,1227.06,1227.88,1228.72,1229.6,1230.51,1231.44,1232.39,1233.37,1234.36,1235.38,1236.41,1237.45,1238.51,1239.58,1240.67,1241.76,1242.86,1243.97,1245.08,1246.2,1247.33,1248.46,1249.59,1250.73,1251.87,1253.01,1254.15,1255.29
2184.29,2249.36,2322.21,2402.95,2490.99,2577.65,2646.42,2680.16,2665.03,2601.61,2503.33,2385.44,2261.63,2141.94,2031.96,1933.86,1847.74,1772.74,1707.59,1651.01,1601.77,1558.8,1521.18,1488.13,1459.01,1433.26,1410.43,1390.12,1372.03,1355.86,1341.39,1328.41,1316.75,1306.28,1296.85,1288.36,1280.7,1273.81,1267.59,1261.99,1256.95,1252.42,1248.34,1244.68,1241.41,1238.48,1235.88,1233.57,1231.53,1229.73,1228.16,1226.81,1225.64,1224.66,1223.84,1223.17,1222.64,1222.25,1221.97,1221.81,1221.75,1221.78,1221.91,1222.12,1222.4,1222.76,1223.18,1223.66,1224.2,1224.79,1225.43,1226.12,1226.85,1227.61,1228.42,1229.25,1230.12,1231.01,1231.93,1232.88,1233.84,1234.83,1235.83,1236.85,1237.89,1238.94,1240,1241.08,1242.16,1243.25,1244.35,1245.46,1246.58,1247.7,1248.82,1249.95,1251.08,1252.21,1253.34,1254.48,1255.61
2178.36,2241.93,2312.94,2391.42,2476.88,2561.24,2628.75,2662.98,2650.74,2591.67,2498.02,2384.23,2263.46,2145.71,2036.83,1939.23,1853.25,1778.16,1712.82,1655.98,1606.46,1563.2,1525.31,1492,1462.64,1436.66,1413.62,1393.13,1374.86,1358.53,1343.91,1330.79,1319.01,1308.42,1298.88,1290.29,1282.55,1275.57,1269.28,1263.6,1258.49,1253.89,1249.76,1246.04,1242.72,1239.74,1237.09,1234.74,1232.65,1230.82,1229.22,1227.82,1226.63,1225.61,1224.76,1224.06,1223.51,1223.09,1222.79,1222.6,1222.52,1222.53,1222.64,1222.82,1223.09,1223.43,1223.83,1224.3,1224.82,1225.4,1226.02,1226.7,1227.41,1228.16,1228.95,1229.78,1230.63,1231.51,1232.42,1233.36,1234.31,1235.29,1236.28,1237.3,1238.32,1239.37,1240.42,1241.49,1242.56,1243.65,1244.74,1245.84,1246.95,1248.06,1249.18,1250.3,1251.42,1252.55,1253.68,1254.81,1255.94
2172.54,2234.67,2303.91,2380.21,2463.18,2545.32,2611.57,2646.19,2636.58,2581.61,2492.41,2382.62,2264.9,2149.15,2041.42,1944.39,1858.59,1783.47,1717.96,1660.88,1611.09,1567.56,1529.4,1495.84,1466.24,1440.04,1416.8,1396.12,1377.67,1361.18,1346.41,1333.17,1321.26,1310.56,1300.91,1292.23,1284.39,1277.33,1270.95,1265.21,1260.03,1255.37,1251.17,1247.4,1244.02,1241,1238.3,1235.9,1233.78,1231.9,1230.26,1228.84,1227.61,1226.56,1225.68,1224.95,1224.37,1223.92,1223.6,1223.39,1223.28,1223.28,1223.36,1223.53,1223.78,1224.1,1224.48,1224.93,1225.44,1226,1226.61,1227.27,1227.97,1228.71,1229.49,1230.3,1231.15,1232.02,1232.92,1233.84,1234.78,1235.75,1236.74,1237.74,1238.76,1239.79,1240.84,1241.89,1242.96,1244.04,1245.13,1246.22,1247.32,1248.43,1249.54,1250.65,1251.77,1252.89,1254.01,1255.14,1256.26
2166.83,2227.56,2295.09,2369.31,2449.89,2529.87,2594.88,2629.79,2622.56,2571.45,2486.51,2380.64,2265.96,2152.27,2045.75,1949.33,1863.77,1788.64,1722.98,1665.69,1615.65,1571.87,1533.45,1499.64,1469.81,1443.4,1419.95,1399.08,1380.47,1363.82,1348.91,1335.53,1323.5,1312.68,1302.93,1294.15,1286.23,1279.08,1272.63,1266.81,1261.56,1256.84,1252.58,1248.76,1245.32,1242.25,1239.51,1237.06,1234.9,1232.99,1231.31,1229.85,1228.58,1227.5,1226.6,1225.84,1225.23,1224.76,1224.41,1224.18,1224.05,1224.02,1224.09,1224.24,1224.46,1224.77,1225.14,1225.57,1226.06,1226.61,1227.2,1227.85,1228.54,1229.26,1230.03,1230.83,1231.66,1232.52,1233.41,1234.32,1235.25,1236.21,1237.19,1238.18,1239.19,1240.21,1241.25,1242.3,1243.36,1244.43,1245.51,1246.6,1247.69,1248.79,1249.89,1251,1252.11,1253.23,1254.34,1255.46,1256.58
2161.23,2220.6,2286.48,2358.69,2436.98,2514.87,2578.65,2613.75,2608.69,2561.22,2480.36,2378.32,2266.67,2155.06,2049.81,1954.07,1868.78,1793.68,1727.91,1670.42,1620.15,1576.12,1537.45,1503.41,1473.35,1446.72,1423.08,1402.03,1383.25,1366.45,1351.39,1337.88,1325.73,1314.8,1304.95,1296.06,1288.05,1280.82,1274.29,1268.4,1263.09,1258.3,1253.98,1250.1,1246.62,1243.5,1240.71,1238.22,1236.02,1234.07,1232.35,1230.86,1229.56,1228.45,1227.51,1226.73,1226.09,1225.59,1225.22,1224.96,1224.81,1224.77,1224.81,1224.94,1225.15,1225.43,1225.79,1226.2,1226.68,1227.21,1227.79,1228.42,1229.1,1229.81,1230.56,1231.35,1232.17,1233.02,1233.9,1234.8,1235.72,1236.67,1237.64,1238.62,1239.62,1240.64,1241.67,1242.71,1243.76,1244.82,1245.9,1246.98,1248.06,1249.15,1250.25,1251.35,1252.46,1253.57,1254.68,1255.79,1256.9
2155.73,2213.78,2278.07,2348.35,2424.43,2500.3,2562.86,2598.09,2595,2550.94,2473.99,2375.66,2267.03,2157.55,2053.62,1958.59,1873.63,1798.59,1732.73,1675.07,1624.59,1580.32,1541.42,1507.14,1476.86,1450.03,1426.19,1404.96,1386.01,1369.06,1353.86,1340.22,1327.95,1316.9,1306.95,1297.97,1289.87,1282.56,1275.95,1269.99,1264.61,1259.76,1255.38,1251.45,1247.91,1244.74,1241.91,1239.38,1237.13,1235.14,1233.39,1231.86,1230.53,1229.39,1228.42,1227.61,1226.95,1226.43,1226.03,1225.75,1225.58,1225.51,1225.53,1225.64,1225.83,1226.1,1226.43,1226.83,1227.29,1227.81,1228.38,1228.99,1229.65,1230.36,1231.1,1231.87,1232.68,1233.52,1234.38,1235.28,1236.19,1237.13,1238.08,1239.06,1240.05,1241.06,1242.08,1243.11,1244.16,1245.21,1246.28,1247.35,1248.43,1249.52,1250.61,1251.7,1252.8,1253.9,1255.01,1256.12,1257.22
2150.33,2207.11,2269.86,2338.29,2412.24,2486.14,2547.5,2582.78,2581.48,2540.62,2467.41,2372.7,2267.07,2159.72,2057.16,1962.91,1878.3,1803.37,1737.45,1679.64,1628.95,1584.46,1545.33,1510.83,1480.33,1453.3,1429.27,1407.87,1388.76,1371.65,1356.32,1342.54,1330.16,1319,1308.94,1299.87,1291.68,1284.29,1277.6,1271.57,1266.12,1261.21,1256.78,1252.79,1249.2,1245.98,1243.1,1240.53,1238.24,1236.21,1234.43,1232.86,1231.5,1230.33,1229.33,1228.49,1227.81,1227.26,1226.83,1226.53,1226.34,1226.25,1226.25,1226.34,1226.51,1226.76,1227.08,1227.46,1227.91,1228.41,1228.96,1229.57,1230.21,1230.9,1231.63,1232.39,1233.19,1234.02,1234.87,1235.75,1236.66,1237.58,1238.53,1239.5,1240.48,1241.48,1242.49,1243.52,1244.56,1245.6,1246.66,1247.73,1248.8,1249.88,1250.96,1252.05,1253.14,1254.24,1255.34,1256.44,1257.54
2145.03,2200.57,2261.84,2328.48,2400.38,2472.37,2532.56,2567.83,2568.15,2530.3,2460.66,2369.45,2266.78,2161.61,2060.45,1967.01,1882.81,1808.01,1742.07,1684.12,1633.25,1588.55,1549.2,1514.49,1483.78,1456.55,1432.34,1410.76,1391.48,1374.23,1358.76,1344.86,1332.35,1321.09,1310.93,1301.76,1293.49,1286.01,1279.25,1273.15,1267.63,1262.66,1258.17,1254.12,1250.49,1247.22,1244.29,1241.68,1239.35,1237.28,1235.46,1233.86,1232.47,1231.26,1230.24,1229.37,1228.66,1228.08,1227.64,1227.31,1227.09,1226.98,1226.97,1227.04,1227.19,1227.42,1227.72,1228.09,1228.52,1229.01,1229.55,1230.14,1230.77,1231.45,1232.16,1232.91,1233.7,1234.51,1235.36,1236.23,1237.12,1238.04,1238.98,1239.94,1240.91,1241.9,1242.91,1243.92,1244.95,1245.99,1247.04,1248.1,1249.17,1250.24,1251.32,1252.4,1253.49,1254.58,1255.67,1256.77,1257.86
2139.82,2194.17,2254,2318.91,2388.84,2458.99,2518.01,2553.23,2555.02,2519.98,2453.75,2365.94,2266.19,2163.2,2063.49,1970.91,1887.16,1812.52,1746.57,1688.52,1637.48,1592.58,1553.02,1518.1,1487.19,1459.77,1435.38,1413.63,1394.19,1376.79,1361.18,1347.16,1334.54,1323.16,1312.91,1303.65,1295.28,1287.72,1280.89,1274.72,1269.14,1264.1,1259.55,1255.45,1251.77,1248.45,1245.48,1242.82,1240.45,1238.35,1236.49,1234.86,1233.43,1232.2,1231.14,1230.25,1229.51,1228.91,1228.44,1228.09,1227.85,1227.72,1227.68,1227.73,1227.87,1228.08,1228.37,1228.72,1229.13,1229.6,1230.13,1230.7,1231.32,1231.99,1232.69,1233.43,1234.2,1235.01,1235.84,1236.7,1237.59,1238.5,1239.42,1240.37,1241.34,1242.32,1243.32,1244.33,1245.35,1246.38,1247.42,1248.47,1249.53,1250.6,1251.67,1252.75,1253.83,1254.91,1256,1257.09,1258.18
2134.71,2187.89,2246.33,2309.58,2377.61,2445.96,2503.84,2538.96,2542.08,2509.69,2446.71,2362.18,2265.31,2164.51,2066.28,1974.61,1891.33,1816.9,1750.97,1692.83,1641.64,1596.56,1556.8,1521.68,1490.57,1462.96,1438.39,1416.48,1396.89,1379.34,1363.6,1349.45,1336.71,1325.23,1314.87,1305.52,1297.07,1289.43,1282.52,1276.28,1270.64,1265.54,1260.93,1256.78,1253.04,1249.68,1246.66,1243.96,1241.55,1239.41,1237.52,1235.85,1234.39,1233.13,1232.04,1231.12,1230.35,1229.73,1229.24,1228.86,1228.6,1228.45,1228.39,1228.43,1228.55,1228.74,1229.01,1229.35,1229.74,1230.2,1230.71,1231.27,1231.88,1232.53,1233.22,1233.95,1234.71,1235.5,1236.33,1237.18,1238.05,1238.95,1239.87,1240.81,1241.77,1242.74,1243.73,1244.73,1245.74,1246.77,1247.8,1248.85,1249.9,1250.96,1252.02,1253.09,1254.17,1255.25,1256.33,1257.41,1258.5
2129.69,2181.74,2238.83,2300.48,2366.68,2433.29,2490.03,2525.03,2529.34,2499.42,2439.54,2358.2,2264.16,2165.55,2068.83,1978.1,1895.34,1821.14,1755.26,1697.05,1645.72,1600.47,1560.53,1525.21,1493.92,1466.12,1441.38,1419.3,1399.56,1381.87,1366,1351.72,1338.87,1327.29,1316.83,1307.39,1298.85,1291.13,1284.15,1277.84,1272.13,1266.97,1262.31,1258.1,1254.31,1250.9,1247.84,1245.1,1242.65,1240.47,1238.54,1236.84,1235.35,1234.06,1232.94,1231.99,1231.2,1230.55,1230.03,1229.64,1229.36,1229.18,1229.11,1229.12,1229.22,1229.4,1229.65,1229.97,1230.35,1230.79,1231.29,1231.84,1232.43,1233.07,1233.75,1234.46,1235.21,1236,1236.81,1237.65,1238.51,1239.4,1240.31,1241.24,1242.19,1243.16,1244.14,1245.13,1246.14,1247.15,1248.18,1249.22,1250.26,1251.32,1252.38,1253.44,1254.51,1255.58,1256.66,1257.74,1258.82
2124.75,2175.7,2231.49,2291.6,2356.04,2420.96,2476.58,2511.41,2516.81,2489.2,2432.28,2354.01,2262.74,2166.32,2071.14,1981.39,1899.19,1825.25,1759.44,1701.19,1649.74,1604.33,1564.21,1528.71,1497.23,1469.26,1444.34,1422.11,1402.22,1384.39,1368.38,1353.99,1341.02,1329.33,1318.78,1309.24,1300.62,1292.83,1285.77,1279.39,1273.61,1268.39,1263.68,1259.42,1255.58,1252.12,1249.02,1246.23,1243.74,1241.53,1239.56,1237.83,1236.31,1234.98,1233.84,1232.86,1232.04,1231.37,1230.83,1230.41,1230.11,1229.91,1229.81,1229.81,1229.89,1230.05,1230.29,1230.59,1230.96,1231.39,1231.87,1232.4,1232.98,1233.61,1234.27,1234.98,1235.72,1236.49,1237.29,1238.12,1238.97,1239.85,1240.76,1241.68,1242.62,1243.57,1244.54,1245.53,1246.53,1247.54,1248.56,1249.59,1250.63,1251.68,1252.73,1253.79,1254.85,1255.92,1256.99,1258.06,1259.13
2119.9,2169.78,2224.31,2282.93,2345.66,2408.95,2463.47,2498.1,2504.48,2479.04,2424.94,2349.63,2261.08,2166.84,2073.22,1984.48,1902.87,1829.23,1763.51,1705.23,1653.69,1608.13,1567.84,1532.16,1500.51,1472.36,1447.28,1424.89,1404.85,1386.89,1370.75,1356.24,1343.16,1331.37,1320.72,1311.09,1302.39,1294.51,1287.38,1280.93,1275.1,1269.82,1265.04,1260.73,1256.84,1253.34,1250.19,1247.36,1244.83,1242.58,1240.58,1238.81,1237.26,1235.9,1234.73,1233.73,1232.88,1232.18,1231.62,1231.18,1230.85,1230.64,1230.52,1230.5,1230.56,1230.71,1230.92,1231.21,1231.56,1231.98,1232.44,1232.96,1233.53,1234.14,1234.8,1235.49,1236.22,1236.98,1237.77,1238.59,1239.44,1240.3,1241.2,1242.11,1243.04,1243.99,1244.95,1245.93,1246.92,1247.92,1248.94,1249.96,1250.99,1252.03,1253.08,1254.13,1255.19,1256.25,1257.31,1258.38,1259.45
2115.13,2163.98,2217.28,2274.46,2335.55,2397.25,2450.69,2485.1,2492.36,2468.94,2417.52,2345.07,2259.18,2167.12,2075.08,1987.37,1906.38,1833.07,1767.48,1709.19,1657.56,1611.87,1571.43,1535.58,1503.75,1475.44,1450.2,1427.65,1407.47,1389.37,1373.11,1358.47,1345.29,1333.39,1322.64,1312.93,1304.14,1296.19,1288.99,1282.47,1276.57,1271.23,1266.4,1262.04,1258.1,1254.55,1251.35,1248.49,1245.92,1243.63,1241.59,1239.79,1238.21,1236.82,1235.62,1234.59,1233.72,1233,1232.41,1231.95,1231.6,1231.36,1231.23,1231.19,1231.23,1231.36,1231.56,1231.83,1232.17,1232.57,1233.02,1233.53,1234.08,1234.68,1235.32,1236,1236.72,1237.47,1238.25,1239.06,1239.89,1240.75,1241.64,1242.54,1243.46,1244.4,1245.36,1246.33,1247.31,1248.31,1249.31,1250.33,1251.36,1252.39,1253.43,1254.47,1255.52,1256.58,1257.64,1258.7,1259.77
2110.44,2158.28,2210.4,2266.19,2325.69,2385.84,2438.23,2472.39,2480.46,2458.92,2410.05,2340.35,2257.06,2167.16,2076.71,1990.07,1909.74,1836.77,1771.33,1713.06,1661.36,1615.55,1574.96,1538.95,1506.96,1478.48,1453.09,1430.39,1410.06,1391.83,1375.44,1360.69,1347.4,1335.4,1324.56,1314.76,1305.89,1297.86,1290.59,1284,1278.04,1272.64,1267.75,1263.34,1259.35,1255.75,1252.52,1249.61,1247,1244.68,1242.6,1240.77,1239.15,1237.74,1236.51,1235.45,1234.56,1233.81,1233.2,1232.71,1232.34,1232.09,1231.93,1231.87,1231.9,1232.01,1232.19,1232.45,1232.77,1233.15,1233.59,1234.09,1234.63,1235.21,1235.84,1236.51,1237.22,1237.96,1238.73,1239.53,1240.35,1241.2,1242.08,1242.97,1243.89,1244.82,1245.76,1246.73,1247.7,1248.69,1249.69,1250.7,1251.72,1252.74,1253.78,1254.82,1255.86,1256.91,1257.96,1259.02,1260.08
2105.83,2152.69,2203.66,2258.11,2316.08,2374.73,2426.07,2459.96,2468.76,2448.97,2402.54,2335.49,2254.73,2166.97,2078.13,1992.58,1912.93,1840.34,1775.08,1716.84,1665.08,1619.17,1578.44,1542.28,1510.13,1481.5,1455.95,1433.11,1412.64,1394.28,1377.77,1362.9,1349.5,1337.4,1326.47,1316.58,1307.63,1299.52,1292.18,1285.53,1279.5,1274.04,1269.1,1264.64,1260.6,1256.96,1253.68,1250.73,1248.08,1245.72,1243.61,1241.74,1240.1,1238.65,1237.4,1236.31,1235.39,1234.62,1233.98,1233.47,1233.09,1232.81,1232.63,1232.55,1232.56,1232.66,1232.82,1233.07,1233.37,1233.74,1234.17,1234.64,1235.17,1235.75,1236.36,1237.02,1237.72,1238.44,1239.2,1239.99,1240.81,1241.65,1242.52,1243.4,1244.31,1245.23,1246.17,1247.12,1248.09,1249.07,1250.07,1251.07,1252.08,1253.1,1254.13,1255.16,1256.2,1257.24,1258.29,1259.34,1260.39
2101.29,2147.2,2197.06,2250.2,2306.7,2363.9,2414.2,2447.82,2457.26,2439.12,2395,2330.5,2252.21,2166.56,2079.33,1994.91,1915.96,1843.79,1778.71,1720.53,1668.74,1622.73,1581.87,1545.57,1513.27,1484.48,1458.79,1435.8,1415.2,1396.71,1380.08,1365.1,1351.59,1339.39,1328.37,1318.39,1309.36,1301.18,1293.77,1287.05,1280.96,1275.44,1270.45,1265.93,1261.84,1258.15,1254.83,1251.84,1249.16,1246.76,1244.62,1242.72,1241.04,1239.56,1238.28,1237.17,1236.22,1235.42,1234.76,1234.23,1233.82,1233.53,1233.33,1233.24,1233.23,1233.3,1233.45,1233.68,1233.97,1234.32,1234.74,1235.2,1235.72,1236.28,1236.88,1237.53,1238.21,1238.93,1239.68,1240.46,1241.27,1242.1,1242.95,1243.83,1244.73,1245.64,1246.57,1247.52,1248.48,1249.45,1250.44,1251.43,1252.44,1253.45,1254.47,1255.5,1256.53,1257.57,1258.61,1259.66,1260.71
2096.83,2141.81,2190.59,2242.47,2297.54,2353.33,2402.62,2435.94,2445.97,2429.37,2387.45,2325.4,2249.51,2165.95,2080.34,1997.05,1918.84,1847.09,1782.24,1724.13,1672.31,1626.22,1585.25,1548.81,1516.37,1487.44,1461.59,1438.47,1417.74,1399.12,1382.37,1367.28,1353.67,1341.37,1330.25,1320.19,1311.08,1302.83,1295.34,1288.56,1282.41,1276.83,1271.78,1267.21,1263.08,1259.35,1255.98,1252.95,1250.23,1247.79,1245.62,1243.68,1241.97,1240.47,1239.16,1238.02,1237.05,1236.23,1235.54,1234.99,1234.56,1234.24,1234.03,1233.92,1233.89,1233.95,1234.08,1234.29,1234.57,1234.91,1235.31,1235.76,1236.26,1236.81,1237.4,1238.04,1238.71,1239.42,1240.15,1240.92,1241.72,1242.54,1243.39,1244.26,1245.15,1246.05,1246.98,1247.91,1248.87,1249.83,1250.81,1251.8,1252.8,1253.81,1254.82,1255.84,1256.87,1257.9,1258.94,1259.98,1261.02
2092.44,2136.51,2184.24,2234.92,2288.6,2343.02,2391.31,2424.32,2434.89,2419.71,2379.88,2320.19,2246.64,2165.13,2081.14,1999.01,1921.56,1850.27,1785.66,1727.64,1675.82,1629.66,1588.58,1552.01,1519.43,1490.36,1464.38,1441.12,1420.25,1401.51,1384.65,1369.45,1355.73,1343.34,1332.13,1321.99,1312.8,1304.47,1296.91,1290.06,1283.85,1278.22,1273.12,1268.5,1264.31,1260.54,1257.13,1254.06,1251.3,1248.82,1246.62,1244.65,1242.91,1241.38,1240.03,1238.87,1237.87,1237.03,1236.32,1235.75,1235.3,1234.96,1234.73,1234.59,1234.55,1234.59,1234.71,1234.9,1235.16,1235.49,1235.87,1236.31,1236.8,1237.34,1237.92,1238.54,1239.2,1239.9,1240.63,1241.39,1242.17,1242.99,1243.82,1244.68,1245.56,1246.46,1247.38,1248.31,1249.25,1250.21,1251.18,1252.17,1253.16,1254.16,1255.17,1256.18,1257.2,1258.23,1259.26,1260.29,1261.33
2088.11,2131.31,2178.02,2227.52,2279.87,2332.96,2380.27,2412.96,2424,2410.16,2372.31,2314.89,2243.61,2164.13,2081.75,2000.79,1924.13,1853.32,1788.97,1731.06,1679.25,1633.03,1591.86,1555.17,1522.46,1493.25,1467.13,1443.74,1422.75,1403.89,1386.91,1371.6,1357.78,1345.3,1334,1323.77,1314.5,1306.1,1298.48,1291.56,1285.29,1279.6,1274.44,1269.77,1265.54,1261.72,1258.27,1255.16,1252.36,1249.85,1247.61,1245.61,1243.84,1242.28,1240.91,1239.72,1238.7,1237.83,1237.1,1236.5,1236.03,1235.67,1235.42,1235.27,1235.21,1235.23,1235.33,1235.51,1235.76,1236.07,1236.44,1236.86,1237.34,1237.87,1238.44,1239.05,1239.7,1240.38,1241.1,1241.85,1242.63,1243.43,1244.26,1245.11,1245.98,1246.87,1247.78,1248.7,1249.64,1250.59,1251.56,1252.53,1253.52,1254.51,1255.51,1256.52,1257.54,1258.56,1259.58,1260.61,1261.64
2083.86,2126.2,2171.93,2220.28,2271.34,2323.14,2369.49,2401.84,2413.31,2400.72,2364.75,2309.51,2240.43,2162.94,2082.18,2002.41,1926.54,1856.24,1792.17,1734.39,1682.6,1636.34,1595.08,1558.28,1525.45,1496.11,1469.86,1446.34,1425.22,1406.24,1389.15,1373.74,1359.82,1347.24,1335.85,1325.54,1316.2,1307.72,1300.03,1293.05,1286.72,1280.98,1275.77,1271.04,1266.77,1262.9,1259.41,1256.26,1253.42,1250.88,1248.6,1246.57,1244.77,1243.18,1241.78,1240.56,1239.52,1238.62,1237.87,1237.25,1236.76,1236.38,1236.11,1235.94,1235.86,1235.87,1235.96,1236.12,1236.35,1236.65,1237,1237.42,1237.88,1238.39,1238.95,1239.55,1240.19,1240.86,1241.57,1242.31,1243.08,1243.87,1244.69,1245.53,1246.4,1247.28,1248.18,1249.09,1250.03,1250.97,1251.93,1252.89,1253.87,1254.86,1255.86,1256.86,1257.87,1258.88,1259.9,1260.93,1261.95
