CO2 Viscosity [uPa_s] PelePhys
37.5802,23.6011,22.3805,21.814,21.5141,21.3595,21.2958,21.2937,21.336,21.4113,21.512,21.6327,21.7694,21.9191,22.0794,22.2485,22.425,22.6077,22.7956,22.9879,23.1839,23.3831,23.5851,23.7893,23.9955,24.2033,24.4125,24.6229,24.8342,25.0463,25.259,25.4723,25.6859,25.8997,26.1138,26.3279,26.542,26.7561,26.97,27.1838,27.3974,27.6107,27.8237,28.0364,28.2487,28.4606,28.6721,28.8832,29.0938,29.3039,29.5135,29.7226,29.9312,30.1393,30.3468,30.5538,30.7602,30.966,31.1713,31.376,31.5801,31.7837,31.9866,32.189,32.3908,32.5919,32.7925,32.9925,33.1919,33.3908,33.589,33.7866,33.9837,34.1801,34.376,34.5713,34.766,34.9601,35.1537,35.3466,35.5391,35.7309,35.9222,36.1129,36.303,36.4926,36.6816,36.8701,37.0581,37.2454,37.4323,37.6186,37.8044,37.9896,38.1744,38.3586,38.5423,38.7254,38.9081,39.0902,39.2719
40.0266,24.3426,22.8042,22.1259,21.7662,21.5734,21.4828,21.4607,21.4874,21.5501,21.6404,21.7524,21.8816,22.0248,22.1794,22.3435,22.5155,22.6942,22.8785,23.0675,23.2605,23.457,23.6564,23.8583,24.0623,24.2681,24.4754,24.684,24.8937,25.1043,25.3155,25.5274,25.7397,25.9523,26.1652,26.3782,26.5913,26.8043,27.0173,27.2302,27.4429,27.6554,27.8676,28.0795,28.2911,28.5023,28.7131,28.9235,29.1335,29.343,29.552,29.7606,29.9686,30.1762,30.3832,30.5897,30.7956,31.001,31.2058,31.4101,31.6138,31.8169,32.0195,32.2215,32.4229,32.6237,32.8239,33.0236,33.2226,33.4211,33.619,33.8164,34.0131,34.2093,34.4049,34.5999,34.7943,34.9882,35.1815,35.3742,35.5663,35.7579,35.949,36.1394,36.3294,36.5187,36.7075,36.8958,37.0835,37.2707,37.4574,37.6435,37.8291,38.0142,38.1987,38.3827,38.5662,38.7492,38.9317,39.1137,39.2952
41.6989,25.2339,23.265,22.4559,22.0294,21.7951,21.6757,21.6324,21.6425,21.692,21.7715,21.8744,21.9958,22.1323,22.2811,22.4401,22.6075,22.782,22.9626,23.1482,23.3382,23.5318,23.7286,23.9281,24.1299,24.3337,24.5391,24.7459,24.9539,25.1629,25.3726,25.5831,25.7941,26.0054,26.2171,26.429,26.641,26.8531,27.0651,27.277,27.4889,27.7005,27.9119,28.123,28.3338,28.5443,28.7545,28.9642,29.1735,29.3824,29.5909,29.7989,30.0064,30.2134,30.4199,30.6259,30.8313,31.0362,31.2406,31.4444,31.6477,31.8504,32.0526,32.2542,32.4552,32.6557,32.8555,33.0549,33.2536,33.4518,33.6493,33.8464,34.0428,34.2387,34.434,34.6287,34.8228,35.0164,35.2095,35.4019,35.5938,35.7852,35.976,36.1662,36.3559,36.545,36.7336,36.9217,37.1092,37.2962,37.4827,37.6686,37.854,38.0388,38.2232,38.407,38.5904,38.7732,38.9555,39.1373,39.3186
43.0435,26.3464,23.7687,22.8056,22.3044,22.0248,21.8746,21.8087,21.8015,21.8372,21.9054,21.9988,22.1122,22.2418,22.3845,22.5381,22.7008,22.8711,23.0479,23.23,23.4169,23.6076,23.8018,23.9989,24.1984,24.4,24.6035,24.8085,25.0147,25.2221,25.4304,25.6394,25.849,26.0591,26.2696,26.4804,26.6913,26.9023,27.1133,27.3243,27.5353,27.746,27.9566,28.1669,28.377,28.5868,28.7962,29.0053,29.214,29.4223,29.6301,29.8375,30.0445,30.2509,30.4569,30.6624,30.8673,31.0718,31.2757,31.4791,31.6819,31.8842,32.086,32.2872,32.4878,32.6879,32.8874,33.0864,33.2848,33.4826,33.6799,33.8766,34.0727,34.2683,34.4633,34.6577,34.8516,35.0449,35.2377,35.4299,35.6215,35.8126,36.0032,36.1932,36.3826,36.5716,36.7599,36.9478,37.1351,37.3219,37.5081,37.6938,37.879,38.0637,38.2479,38.4315,38.6147,38.7973,38.9794,39.1611,39.3422
44.1977,27.8026,24.3226,23.1768,22.5919,22.263,22.0797,21.9898,21.9643,21.9856,22.042,22.1256,22.2307,22.3531,22.4896,22.6377,22.7956,22.9615,23.1344,23.313,23.4966,23.6844,23.8759,24.0704,24.2677,24.4672,24.6686,24.8717,25.0763,25.282,25.4887,25.6963,25.9046,26.1134,26.3226,26.5322,26.742,26.952,27.162,27.3721,27.5821,27.792,28.0017,28.2113,28.4206,28.6296,28.8383,29.0467,29.2548,29.4624,29.6697,29.8765,30.0829,30.2888,30.4942,30.6992,30.9037,31.1076,31.3111,31.514,31.7164,31.9183,32.1197,32.3205,32.5207,32.7204,32.9196,33.1182,33.3162,33.5137,33.7106,33.907,34.1028,34.2981,34.4928,34.687,34.8806,35.0736,35.2661,35.458,35.6494,35.8403,36.0306,36.2204,36.4096,36.5983,36.7864,36.974,37.1611,37.3477,37.5337,37.7192,37.9042,38.0887,38.2727,38.4562,38.6391,38.8216,39.0035,39.185,39.366
45.2247,29.7696,24.9354,23.5714,22.8926,22.5098,22.2911,22.1758,22.1311,22.1372,22.1813,22.2547,22.3512,22.4662,22.5963,22.7388,22.8917,23.0532,23.222,23.397,23.5774,23.7622,23.9509,24.1429,24.3377,24.5351,24.7345,24.9357,25.1385,25.3425,25.5477,25.7538,25.9607,26.1682,26.3762,26.5846,26.7933,27.0022,27.2112,27.4203,27.6294,27.8384,28.0473,28.256,28.4645,28.6728,28.8808,29.0885,29.2959,29.5029,29.7096,29.9158,30.1216,30.3269,30.5319,30.7363,30.9403,31.1438,31.3468,31.5492,31.7512,31.9527,32.1536,32.354,32.5538,32.7532,32.952,33.1502,33.3479,33.545,33.7416,33.9377,34.1332,34.3282,34.5226,34.7164,34.9097,35.1025,35.2947,35.4864,35.6775,35.8681,36.0582,36.2477,36.4367,36.6251,36.8131,37.0005,37.1873,37.3737,37.5595,37.7448,37.9296,38.1139,38.2977,38.481,38.6638,38.846,39.0278,39.2091,39.3899
46.1594,32.1869,25.6179,23.9916,23.2073,22.7658,22.509,22.3668,22.3018,22.2921,22.3234,22.3863,22.4738,22.5812,22.7047,22.8415,22.9892,23.1461,23.3109,23.4822,23.6591,23.8409,24.0267,24.2162,24.4086,24.6037,24.8011,25.0004,25.2013,25.4037,25.6073,25.8119,26.0174,26.2235,26.4303,26.6375,26.845,27.0528,27.2608,27.4689,27.6771,27.8852,28.0932,28.3011,28.5089,28.7164,28.9237,29.1307,29.3374,29.5438,29.7498,29.9554,30.1606,30.3654,30.5698,30.7737,30.9772,31.1802,31.3827,31.5847,31.7863,31.9873,32.1878,32.3878,32.5872,32.7862,32.9846,33.1825,33.3798,33.5766,33.7729,33.9686,34.1638,34.3584,34.5525,34.7461,34.9391,35.1316,35.3236,35.515,35.7058,35.8962,36.086,36.2752,36.464,36.6522,36.8399,37.0271,37.2137,37.3999,37.5855,37.7706,37.9552,38.1393,38.3229,38.5059,38.6885,38.8706,39.0522,39.2333,39.414
47.0234,34.4889,26.3824,24.4398,23.5367,23.0312,22.7336,22.5628,22.4766,22.4503,22.4683,22.5202,22.5986,22.6981,22.8148,22.9456,23.0881,23.2403,23.4009,23.5684,23.7419,23.9205,24.1035,24.2903,24.4803,24.6731,24.8684,25.0657,25.2648,25.4655,25.6675,25.8705,26.0746,26.2794,26.4848,26.6908,26.8972,27.1039,27.3109,27.518,27.7252,27.9324,28.1396,28.3467,28.5536,28.7604,28.9669,29.1732,29.3792,29.5849,29.7903,29.9953,30.2,30.4042,30.608,30.8114,31.0144,31.2169,31.4189,31.6205,31.8216,32.0221,32.2222,32.4218,32.6209,32.8194,33.0174,33.215,33.4119,33.6084,33.8043,33.9997,34.1946,34.3889,34.5827,34.776,34.9687,35.1609,35.3526,35.5437,35.7343,35.9244,36.114,36.303,36.4915,36.6795,36.8669,37.0539,37.2403,37.4262,37.6116,37.7965,37.9809,38.1648,38.3482,38.5311,38.7135,38.8954,39.0768,39.2577,39.4382
47.8313,36.3784,27.2418,24.9187,23.8818,23.3064,22.9651,22.764,22.6554,22.6118,22.616,22.6565,22.7254,22.8168,22.9265,23.0512,23.1883,23.3358,23.492,23.6557,23.8257,24.0011,24.1811,24.3652,24.5527,24.7433,24.9364,25.1317,25.329,25.5279,25.7282,25.9298,26.1323,26.3358,26.5399,26.7447,26.9499,27.1555,27.3614,27.5675,27.7737,27.98,28.1863,28.3926,28.5987,28.8047,29.0105,29.2161,29.4214,29.6265,29.8312,30.0356,30.2396,30.4433,30.6466,30.8494,31.0519,31.2539,31.4554,31.6565,31.8571,32.0573,32.2569,32.4561,32.6547,32.8529,33.0505,33.2477,33.4443,33.6404,33.836,34.0311,34.2256,34.4196,34.6131,34.8061,34.9985,35.1904,35.3818,35.5727,35.763,35.9528,36.1421,36.3309,36.5191,36.7069,36.8941,37.0808,37.267,37.4527,37.6379,37.8226,38.0068,38.1905,38.3737,38.5564,38.7386,38.9203,39.1015,39.2823,39.4626
48.5931,37.93,28.2068,25.431,24.2434,23.5917,23.2036,22.9705,22.8384,22.7767,22.7665,22.7953,22.8543,22.9374,23.0399,23.1583,23.2899,23.4324,23.5843,23.744,23.9104,24.0825,24.2596,24.441,24.626,24.8141,25.0051,25.1984,25.3937,25.5909,25.7895,25.9895,26.1906,26.3927,26.5955,26.799,27.0031,27.2075,27.4124,27.6174,27.8227,28.028,28.2334,28.4388,28.6441,28.8494,29.0544,29.2593,29.4639,29.6683,29.8724,30.0762,30.2796,30.4827,30.6854,30.8877,31.0896,31.2911,31.4922,31.6928,31.893,32.0926,32.2919,32.4906,32.6889,32.8866,33.0839,33.2806,33.4769,33.6726,33.8679,34.0626,34.2568,34.4505,34.6437,34.8363,35.0285,35.2201,35.4112,35.6018,35.7919,35.9814,36.1705,36.359,36.547,36.7345,36.9215,37.108,37.2939,37.4794,37.6644,37.8489,38.0328,38.2163,38.3993,38.5818,38.7638,38.9454,39.1264,39.307,39.4871
49.3164,39.2486,29.2799,25.9792,24.6224,23.8876,23.4493,23.1823,23.0255,22.945,22.9198,22.9364,22.9853,23.0598,23.1549,23.2669,23.3928,23.5303,23.6777,23.8334,23.9961,24.1649,24.339,24.5175,24.6999,24.8857,25.0745,25.2657,25.4591,25.6545,25.8515,26.0498,26.2494,26.4501,26.6516,26.8538,27.0567,27.26,27.4637,27.6678,27.872,28.0765,28.2809,28.4855,28.69,28.8944,29.0987,29.3028,29.5067,29.7104,29.9139,30.117,30.3199,30.5224,30.7245,30.9263,31.1277,31.3287,31.5292,31.7293,31.929,32.1283,32.3271,32.5254,32.7232,32.9206,33.1174,33.3138,33.5097,33.7051,33.9,34.0944,34.2883,34.4816,34.6745,34.8668,35.0587,35.25,35.4408,35.6311,35.8209,36.0102,36.199,36.3872,36.575,36.7623,36.949,37.1353,37.321,37.5063,37.691,37.8753,38.059,38.2423,38.4251,38.6074,38.7892,38.9706,39.1514,39.3318,39.5117
50.0069,40.4043,30.447,26.566,25.0197,24.1943,23.7024,23.3995,23.2169,23.1167,23.076,23.08,23.1184,23.184,23.2715,23.3769,23.497,23.6294,23.7722,23.9238,24.0828,24.2482,24.4192,24.5949,24.7747,24.958,25.1445,25.3337,25.5251,25.7187,25.9139,26.1107,26.3088,26.508,26.7081,26.9091,27.1107,27.3129,27.5155,27.7185,27.9218,28.1252,28.3288,28.5325,28.7361,28.9397,29.1433,29.3467,29.5499,29.7529,29.9557,30.1582,30.3604,30.5623,30.7639,30.9651,31.166,31.3664,31.5665,31.7661,31.9654,32.1642,32.3625,32.5604,32.7578,32.9548,33.1512,33.3472,33.5427,33.7378,33.9323,34.1263,34.3199,34.5129,34.7055,34.8975,35.089,35.2801,35.4706,35.6606,35.8502,36.0392,36.2277,36.4157,36.6032,36.7902,36.9767,37.1627,37.3483,37.5333,37.7178,37.9018,38.0854,38.2685,38.4511,38.6332,38.8148,38.9959,39.1766,39.3568,39.5365
50.6691,41.4408,31.6729,27.1932,25.436,24.5122,23.963,23.6222,23.4124,23.2917,23.235,23.2259,23.2535,23.3101,23.3898,23.4884,23.6026,23.7298,23.8678,24.0152,24.1704,24.3324,24.5002,24.673,24.8501,25.031,25.2152,25.4023,25.5918,25.7834,25.9769,26.1721,26.3686,26.5664,26.7651,26.9648,27.1652,27.3662,27.5677,27.7697,27.9719,28.1744,28.3771,28.5798,28.7827,28.9855,29.1882,29.3908,29.5933,29.7957,29.9978,30.1997,30.4013,30.6026,30.8036,31.0042,31.2045,31.4045,31.604,31.8032,32.0019,32.2003,32.3982,32.5956,32.7926,32.9892,33.1852,33.3809,33.576,33.7707,33.9648,34.1585,34.3517,34.5444,34.7367,34.9284,35.1196,35.3103,35.5006,35.6903,35.8796,36.0683,36.2566,36.4443,36.6316,36.8183,37.0046,37.1904,37.3757,37.5604,37.7448,37.9286,38.1119,38.2948,38.4772,38.6591,38.8405,39.0214,39.2019,39.3819,39.5615
51.3065,42.3867,32.9094,27.8618,25.8722,24.8417,24.2313,23.8505,23.6123,23.4702,23.3968,23.3742,23.3907,23.4379,23.5096,23.6013,23.7094,23.8313,23.9646,24.1076,24.259,24.4174,24.582,24.7519,24.9263,25.1047,25.2866,25.4715,25.659,25.8487,26.0405,26.234,26.429,26.6252,26.8226,27.021,27.2201,27.42,27.6204,27.8212,28.0224,28.224,28.4257,28.6276,28.8295,29.0315,29.2335,29.4353,29.6371,29.8387,30.0402,30.2414,30.4424,30.6431,30.8435,31.0436,31.2434,31.4428,31.6418,31.8405,32.0388,32.2366,32.4341,32.6311,32.8277,33.0238,33.2195,33.4147,33.6095,33.8037,33.9976,34.1909,34.3838,34.5761,34.768,34.9594,35.1504,35.3408,35.5307,35.7202,35.9092,36.0976,36.2856,36.4731,36.6601,36.8466,37.0326,37.2182,37.4032,37.5878,37.7719,37.9555,38.1386,38.3212,38.5034,38.6851,38.8663,39.0471,39.2274,39.4072,39.5866
51.922,43.2613,34.1126,28.571,26.3288,25.1831,24.5074,24.0844,23.8164,23.6522,23.5614,23.5249,23.53,23.5676,23.6311,23.7157,23.8176,23.9339,24.0624,24.2011,24.3485,24.5034,24.6647,24.8316,25.0032,25.1791,25.3586,25.5413,25.7268,25.9146,26.1046,26.2964,26.4898,26.6846,26.8806,27.0776,27.2755,27.4741,27.6734,27.8732,28.0733,28.2739,28.4747,28.6756,28.8767,29.0779,29.279,29.4802,29.6812,29.8821,30.0829,30.2835,30.4838,30.6839,30.8837,31.0833,31.2825,31.4814,31.6799,31.878,32.0758,32.2732,32.4702,32.6668,32.8629,33.0586,33.2539,33.4487,33.6431,33.837,34.0305,34.2235,34.416,34.608,34.7996,34.9907,35.1813,35.3714,35.5611,35.7502,35.9389,36.1271,36.3148,36.5021,36.6888,36.875,37.0608,37.2461,37.4309,37.6153,37.7991,37.9825,38.1654,38.3478,38.5298,38.7113,38.8923,39.0729,39.253,39.4326,39.6118
52.5179,44.0783,35.2554,29.3182,26.8062,25.5365,24.7915,24.324,24.0249,23.8376,23.7288,23.6781,23.6713,23.699,23.7541,23.8314,23.927,24.0378,24.1612,24.2955,24.4389,24.5901,24.7481,24.912,25.0809,25.2542,25.4313,25.6117,25.7951,25.9811,26.1692,26.3593,26.5511,26.7444,26.939,27.1347,27.3313,27.5287,27.7268,27.9255,28.1246,28.3242,28.524,28.7241,28.9243,29.1246,29.3249,29.5253,29.7256,29.9258,30.1259,30.3258,30.5255,30.725,30.9242,31.1232,31.3218,31.5202,31.7182,31.9158,32.1131,32.31,32.5066,32.7027,32.8984,33.0937,33.2886,33.483,33.677,33.8705,34.0636,34.2563,34.4484,34.6401,34.8314,35.0221,35.2124,35.4023,35.5916,35.7805,35.9689,36.1568,36.3442,36.5312,36.7177,36.9037,37.0892,37.2742,37.4588,37.6429,37.8265,38.0097,38.1924,38.3746,38.5563,38.7376,38.9184,39.0988,39.2787,39.4581,39.6371
53.0962,44.8476,36.3272,30.0981,27.3045,25.9022,25.0836,24.5694,24.2378,24.0264,23.8991,23.8335,23.8147,23.8322,23.8787,23.9486,24.0377,24.1428,24.2612,24.3909,24.5302,24.6777,24.8324,24.9931,25.1592,25.3299,25.5046,25.6828,25.8641,26.0481,26.2344,26.4228,26.613,26.8047,26.9978,27.1921,27.3875,27.5837,27.7806,27.9782,28.1763,28.3748,28.5737,28.7728,28.9721,29.1716,29.3712,29.5707,29.7703,29.9698,30.1691,30.3684,30.5674,30.7663,30.9649,31.1633,31.3614,31.5592,31.7567,31.9539,32.1507,32.3471,32.5432,32.7388,32.9341,33.129,33.3234,33.5175,33.7111,33.9042,34.097,34.2892,34.481,34.6724,34.8633,35.0538,35.2437,35.4333,35.6223,35.8109,35.999,36.1866,36.3738,36.5605,36.7467,36.9324,37.1177,37.3025,37.4868,37.6707,37.8541,38.037,38.2195,38.4015,38.583,38.7641,38.9447,39.1249,39.3046,39.4838,39.6626
53.6587,45.5769,37.3282,30.903,27.8236,26.2804,25.3839,24.8205,24.455,24.2187,24.0723,23.9914,23.9601,23.9672,24.0049,24.0672,24.1497,24.2489,24.3622,24.4872,24.6224,24.7662,24.9174,25.075,25.2382,25.4062,25.5785,25.7544,25.9336,26.1156,26.3,26.4867,26.6752,26.8655,27.0571,27.25,27.4441,27.639,27.8348,28.0312,28.2283,28.4258,28.6237,28.8219,29.0203,29.2189,29.4177,29.6165,29.8153,30.014,30.2127,30.4113,30.6097,30.8079,31.0059,31.2037,31.4013,31.5985,31.7955,31.9921,32.1884,32.3844,32.58,32.7752,32.97,33.1645,33.3585,33.5521,33.7453,33.9381,34.1305,34.3224,34.5139,34.7049,34.8954,35.0856,35.2752,35.4644,35.6532,35.8414,36.0293,36.2166,36.4035,36.5899,36.7759,36.9613,37.1464,37.3309,37.515,37.6986,37.8818,38.0645,38.2467,38.4285,38.6098,38.7907,38.9711,39.1511,39.3306,39.5096,39.6882
54.2066,46.2719,38.264,31.7236,28.3626,26.671,25.6924,25.0775,24.6767,24.4145,24.2482,24.1516,24.1075,24.104,24.1326,24.1871,24.2629,24.3562,24.4642,24.5846,24.7155,24.8555,25.0032,25.1576,25.3179,25.4832,25.653,25.8266,26.0036,26.1836,26.3662,26.5511,26.738,26.9267,27.1168,27.3084,27.5011,27.6948,27.8894,28.0847,28.2806,28.4771,28.674,28.8713,29.0688,29.2666,29.4645,29.6625,29.8605,30.0585,30.2565,30.4544,30.6522,30.8498,31.0472,31.2444,31.4413,31.6381,31.8345,32.0306,32.2264,32.4219,32.617,32.8118,33.0062,33.2002,33.3938,33.587,33.7798,33.9722,34.1642,34.3557,34.5468,34.7375,34.9278,35.1175,35.3069,35.4958,35.6842,35.8722,36.0597,36.2468,36.4334,36.6195,36.8052,36.9904,37.1752,37.3595,37.5433,37.7267,37.9097,38.0921,38.2741,38.4557,38.6368,38.8175,38.9977,39.1774,39.3567,39.5356,39.714
54.7414,46.9372,39.1416,32.5499,28.9204,27.0739,26.0091,25.3403,24.9027,24.6137,24.427,24.3142,24.2569,24.2424,24.2618,24.3084,24.3773,24.4646,24.5672,24.6828,24.8094,24.9455,25.0897,25.2409,25.3982,25.5609,25.7281,25.8994,26.0742,26.2522,26.4329,26.616,26.8012,26.9883,27.177,27.3671,27.5585,27.7509,27.9443,28.1385,28.3333,28.5288,28.7247,28.921,29.1177,29.3145,29.5116,29.7088,29.9061,30.1034,30.3006,30.4978,30.6949,30.8919,31.0887,31.2853,31.4817,31.6778,31.8737,32.0693,32.2646,32.4596,32.6542,32.8485,33.0425,33.2361,33.4293,33.6221,33.8145,34.0065,34.1981,34.3893,34.58,34.7703,34.9602,35.1497,35.3387,35.5273,35.7154,35.9031,36.0903,36.2771,36.4634,36.6493,36.8347,37.0197,37.2042,37.3882,37.5718,37.755,37.9377,38.1199,38.3017,38.483,38.6639,38.8444,39.0243,39.2039,39.383,39.5617,39.7399
55.2639,47.5765,39.9681,33.3723,29.4953,27.4891,26.3339,25.609,25.1331,24.8163,24.6085,24.4791,24.4083,24.3826,24.3926,24.4311,24.4929,24.574,24.6712,24.782,24.9043,25.0364,25.177,25.325,25.4793,25.6391,25.8038,25.9727,26.1454,26.3213,26.5,26.6813,26.8649,27.0504,27.2375,27.4263,27.6163,27.8074,27.9996,28.1926,28.3864,28.5808,28.7757,28.9711,29.1668,29.3628,29.559,29.7554,29.9519,30.1484,30.345,30.5415,30.7379,30.9342,31.1304,31.3264,31.5222,31.7178,31.9132,32.1082,32.303,32.4975,32.6917,32.8855,33.079,33.2722,33.4649,33.6573,33.8493,34.041,34.2322,34.423,34.6134,34.8033,34.9929,35.182,35.3707,35.559,35.7468,35.9341,36.1211,36.3076,36.4936,36.6792,36.8643,37.049,37.2333,37.4171,37.6004,37.7833,37.9658,38.1478,38.3294,38.5105,38.6911,38.8714,39.0512,39.2305,39.4094,39.5879,39.7659
55.7753,48.1929,40.7498,34.183,30.085,27.916,26.6669,25.8834,25.3679,25.0224,24.7928,24.6463,24.5616,24.5245,24.5248,24.5551,24.6098,24.6846,24.7763,24.8821,24.9999,25.1281,25.265,25.4097,25.5609,25.718,25.8801,26.0466,26.217,26.3908,26.5677,26.7472,26.929,27.1128,27.2985,27.4858,27.6744,27.8643,28.0553,28.2471,28.4398,28.6331,28.827,29.0214,29.2162,29.4113,29.6067,29.8023,29.998,30.1938,30.3896,30.5854,30.7812,30.9768,31.1724,31.3678,31.563,31.7581,31.9528,32.1474,32.3417,32.5357,32.7294,32.9227,33.1158,33.3085,33.5008,33.6928,33.8844,34.0756,34.2664,34.4569,34.6469,34.8365,35.0257,35.2145,35.4029,35.5908,35.7783,35.9654,36.152,36.3382,36.524,36.7093,36.8941,37.0786,37.2626,37.4461,37.6292,37.8119,37.9941,38.1759,38.3572,38.5381,38.7185,38.8985,39.0781,39.2572,39.4359,39.6142,39.792
56.2762,48.7888,41.4923,34.976,30.6868,28.3543,27.0079,26.1637,25.607,25.2319,24.9799,24.8158,24.717,24.6681,24.6586,24.6804,24.7278,24.7962,24.8823,24.9831,25.0964,25.2205,25.3538,25.4951,25.6432,25.7975,25.9569,26.121,26.2892,26.4609,26.6358,26.8134,26.9935,27.1758,27.3599,27.5457,27.733,27.9216,28.1113,28.302,28.4935,28.6858,28.8787,29.0721,29.2659,29.4602,29.6547,29.8494,30.0444,30.2394,30.4345,30.6296,30.8247,31.0197,31.2146,31.4094,31.6041,31.7985,31.9927,32.1868,32.3805,32.574,32.7672,32.9601,33.1527,33.345,33.5369,33.7284,33.9196,34.1105,34.3009,34.491,34.6806,34.8699,35.0587,35.2472,35.4352,35.6228,35.81,35.9968,36.1831,36.369,36.5545,36.7395,36.9241,37.1083,37.292,37.4753,37.6581,37.8405,38.0225,38.204,38.3851,38.5658,38.746,38.9258,39.1052,39.2841,39.4626,39.6406,39.8183
56.7675,49.3663,42.2005,35.7475,31.2977,28.8033,27.3568,26.4496,25.8504,25.4448,25.1698,24.9876,24.8742,24.8134,24.7938,24.807,24.847,24.9089,24.9892,25.0849,25.1937,25.3137,25.4433,25.5811,25.7262,25.8775,26.0344,26.196,26.3619,26.5315,26.7044,26.8801,27.0585,27.2391,27.4217,27.606,27.7919,27.9792,28.1676,28.3571,28.5475,28.7387,28.9306,29.123,29.316,29.5093,29.703,29.8969,30.091,30.2853,30.4796,30.674,30.8684,31.0628,31.2571,31.4513,31.6453,31.8392,32.0329,32.2263,32.4196,32.6126,32.8053,32.9977,33.1898,33.3816,33.5731,33.7643,33.955,34.1455,34.3355,34.5252,34.7145,34.9034,35.0919,35.28,35.4677,35.655,35.8418,36.0283,36.2143,36.3999,36.5851,36.7699,36.9542,37.1381,37.3215,37.5046,37.6872,37.8693,38.0511,38.2324,38.4132,38.5937,38.7737,38.9532,39.1324,39.3111,39.4894,39.6672,39.8447
57.2497,49.9272,42.8782,36.4953,31.9144,29.2621,27.7133,26.7412,26.0982,25.661,25.3623,25.1616,25.0334,24.9603,24.9304,24.9349,24.9673,25.0227,25.0972,25.1877,25.2919,25.4076,25.5334,25.6678,25.8097,25.9582,26.1123,26.2715,26.4351,26.6025,26.7734,26.9473,27.1239,27.3028,27.4838,27.6667,27.8512,28.0371,28.2243,28.4126,28.6019,28.792,28.9828,29.1743,29.3663,29.5587,29.7515,29.9446,30.1379,30.3314,30.525,30.7187,30.9124,31.1061,31.2997,31.4933,31.6868,31.8801,32.0732,32.2661,32.4588,32.6513,32.8435,33.0355,33.2272,33.4185,33.6096,33.8003,33.9906,34.1807,34.3703,34.5596,34.7485,34.9371,35.1252,35.313,35.5003,35.6873,35.8738,36.06,36.2457,36.431,36.6159,36.8004,36.9844,37.168,37.3512,37.534,37.7163,37.8983,38.0797,38.2608,38.4414,38.6216,38.8014,38.9808,39.1597,39.3382,39.5163,39.6939,39.8712
57.7235,50.473,43.529,37.2187,32.5338,29.7298,28.0772,27.0383,26.3501,25.8806,25.5575,25.3379,25.1945,25.1089,25.0685,25.0641,25.0888,25.1375,25.206,25.2913,25.3908,25.5023,25.6243,25.7552,25.8939,26.0394,26.1909,26.3475,26.5087,26.674,26.8429,27.0149,27.1897,27.3669,27.5464,27.7278,27.9109,28.0954,28.2814,28.4685,28.6566,28.8456,29.0354,29.2258,29.4169,29.6084,29.8003,29.9925,30.1851,30.3778,30.5706,30.7636,30.9566,31.1497,31.3427,31.5356,31.7284,31.9212,32.1137,32.3061,32.4983,32.6903,32.882,33.0735,33.2647,33.4556,33.6462,33.8365,34.0264,34.216,34.4053,34.5942,34.7828,34.9709,35.1587,35.3461,35.5332,35.7198,35.906,36.0918,36.2772,36.4623,36.6469,36.831,37.0148,37.1981,37.3811,37.5636,37.7457,37.9273,38.1086,38.2894,38.4698,38.6498,38.8293,39.0084,39.1871,39.3654,39.5433,39.7207,39.8978
58.1893,51.005,44.1557,37.9178,33.1528,30.2053,28.4481,27.3408,26.6062,26.1034,25.7554,25.5164,25.3574,25.2591,25.208,25.1945,25.2114,25.2533,25.3158,25.3958,25.4905,25.5977,25.7158,25.8432,25.9787,26.1212,26.2699,26.424,26.5829,26.746,26.9128,27.0829,27.2559,27.4315,27.6093,27.7892,27.9708,28.1541,28.3387,28.5246,28.7116,28.8995,29.0882,29.2777,29.4677,29.6583,29.8494,30.0408,30.2325,30.4244,30.6165,30.8087,31.0011,31.1934,31.3858,31.5781,31.7703,31.9625,32.1545,32.3463,32.538,32.7294,32.9207,33.1116,33.3024,33.4928,33.683,33.8728,34.0624,34.2516,34.4404,34.629,34.8171,35.0049,35.1924,35.3794,35.5661,35.7524,35.9383,36.1238,36.3089,36.4936,36.6779,36.8618,37.0453,37.2284,37.411,37.5933,37.7751,37.9565,38.1375,38.3181,38.4983,38.678,38.8573,39.0362,39.2147,39.3928,39.5704,39.7477,39.9245
58.6478,51.5243,44.7608,38.5934,33.7687,30.6874,28.8256,27.6486,26.8663,26.3295,25.9559,25.6971,25.5222,25.4108,25.3489,25.3262,25.3351,25.3701,25.4265,25.5011,25.591,25.6939,25.808,25.9318,26.064,26.2035,26.3495,26.501,26.6576,26.8184,26.9832,27.1513,27.3225,27.4964,27.6726,27.851,28.0312,28.2131,28.3964,28.5811,28.7669,28.9537,29.1413,29.3298,29.5189,29.7085,29.8987,30.0892,30.2801,30.4713,30.6626,30.8541,31.0457,31.2374,31.4291,31.6208,31.8124,32.004,32.1954,32.3867,32.5778,32.7688,32.9595,33.15,33.3402,33.5302,33.7199,33.9094,34.0985,34.2873,34.4757,34.6639,34.8517,35.0391,35.2262,35.4129,35.5992,35.7852,35.9708,36.156,36.3408,36.5252,36.7092,36.8928,37.076,37.2588,37.4412,37.6231,37.8047,37.9859,38.1666,38.3469,38.5269,38.7064,38.8855,39.0641,39.2424,39.4203,39.5977,39.7747,39.9514
59.0991,52.032,45.3464,39.2465,34.3792,31.1748,29.2093,27.9614,27.1305,26.5587,26.159,25.8799,25.6888,25.5642,25.4912,25.4591,25.4599,25.4878,25.5381,25.6072,25.6922,25.7907,25.9009,26.0211,26.15,26.2864,26.4296,26.5786,26.7327,26.8913,27.0539,27.2201,27.3895,27.5616,27.7363,27.9131,28.0919,28.2724,28.4544,28.6379,28.8225,29.0082,29.1948,29.3822,29.5703,29.759,29.9483,30.1379,30.328,30.5184,30.709,30.8997,31.0906,31.2816,31.4727,31.6637,31.8548,32.0457,32.2366,32.4273,32.6179,32.8083,32.9985,33.1885,33.3783,33.5678,33.7571,33.9461,34.1348,34.3231,34.5112,34.699,34.8864,35.0734,35.2602,35.4465,35.6325,35.8181,36.0034,36.1883,36.3727,36.5568,36.7405,36.9239,37.1068,37.2893,37.4714,37.6531,37.8344,38.0153,38.1958,38.3759,38.5556,38.7349,38.9137,39.0922,39.2702,39.4479,39.6251,39.8019,39.9783
59.5439,52.5288,45.9143,39.8785,34.9823,31.6661,29.5986,28.2791,27.3985,26.791,26.3646,26.0648,25.8572,25.7191,25.6348,25.5931,25.5858,25.6066,25.6506,25.7142,25.7942,25.8882,25.9944,26.1109,26.2364,26.3699,26.5102,26.6565,26.8082,26.9646,27.1252,27.2894,27.4569,27.6273,27.8003,27.9756,28.1529,28.332,28.5128,28.6949,28.8784,29.0629,29.2484,29.4348,29.622,29.8097,29.9981,30.1869,30.3761,30.5657,30.7555,30.9456,31.1358,31.3261,31.5165,31.7069,31.8973,32.0876,32.2779,32.4681,32.6581,32.848,33.0377,33.2272,33.4165,33.6056,33.7944,33.9829,34.1712,34.3592,34.5468,34.7342,34.9212,35.1079,35.2943,35.4803,35.6659,35.8512,36.0361,36.2207,36.4049,36.5886,36.7721,36.9551,37.1377,37.3199,37.5018,37.6832,37.8643,38.0449,38.2252,38.405,38.5844,38.7635,38.9421,39.1203,39.2981,39.4756,39.6526,39.8292,40.0054
59.9824,53.0157,46.4661,40.4906,35.5766,32.16,29.9931,28.6014,27.6703,27.0264,26.5728,26.2518,26.0273,25.8755,25.7797,25.7284,25.7127,25.7263,25.764,25.8219,25.8969,25.9865,26.0885,26.2013,26.3235,26.4538,26.5913,26.735,26.8842,27.0383,27.1968,27.359,27.5246,27.6933,27.8646,28.0384,28.2142,28.392,28.5714,28.7523,28.9345,29.118,29.3024,29.4877,29.6739,29.8607,30.0482,30.2361,30.4245,30.6133,30.8023,30.9916,31.1811,31.3707,31.5604,31.7502,31.94,32.1297,32.3194,32.509,32.6985,32.8879,33.0771,33.2661,33.4549,33.6435,33.8319,34.02,34.2078,34.3954,34.5826,34.7696,34.9562,35.1425,35.3285,35.5142,35.6995,35.8844,36.069,36.2532,36.4371,36.6206,36.8037,36.9864,37.1688,37.3507,37.5323,37.7135,37.8942,38.0746,38.2546,38.4342,38.6134,38.7922,38.9706,39.1486,39.3262,39.5034,39.6802,39.8566,40.0326
60.4149,53.4932,47.0031,41.0842,36.1611,32.6553,30.392,28.9281,27.9457,27.2648,26.7833,26.4408,26.1992,26.0334,25.926,25.8648,25.8407,25.8469,25.8782,25.9304,26.0003,26.0853,26.1833,26.2923,26.4111,26.5383,26.6729,26.8139,26.9607,27.1125,27.2688,27.429,27.5928,27.7597,27.9293,28.1015,28.2759,28.4522,28.6303,28.81,28.991,29.1733,29.3566,29.5409,29.7261,29.912,30.0985,30.2856,30.4731,30.6611,30.8493,31.0379,31.2266,31.4156,31.6046,31.7937,31.9829,32.172,32.3611,32.5502,32.7391,32.928,33.1167,33.3052,33.4935,33.6816,33.8695,34.0572,34.2446,34.4317,34.6186,34.8051,34.9914,35.1773,35.3629,35.5482,35.7332,35.9178,36.1021,36.286,36.4695,36.6527,36.8355,37.0179,37.1999,37.3816,37.5629,37.7438,37.9243,38.1045,38.2842,38.4635,38.6425,38.821,38.9992,39.177,39.3543,39.5313,39.7079,39.8841,40.0599
60.8418,53.962,47.5267,41.6605,36.735,33.1506,30.7949,29.2588,28.2246,27.506,26.9962,26.6318,26.3728,26.1927,26.0735,26.0023,25.9697,25.9684,25.9932,26.0397,26.1045,26.1849,26.2786,26.3839,26.4992,26.6233,26.7549,26.8933,27.0376,27.1871,27.3412,27.4994,27.6613,27.8264,27.9944,28.165,28.3379,28.5128,28.6895,28.8679,29.0477,29.2289,29.4111,29.5944,29.7785,29.9634,30.149,30.3352,30.5219,30.7091,30.8966,31.0844,31.2724,31.4606,31.649,31.8375,32.026,32.2145,32.4031,32.5915,32.7799,32.9682,33.1564,33.3444,33.5323,33.7199,33.9073,34.0946,34.2815,34.4682,34.6547,34.8408,35.0267,35.2123,35.3975,35.5824,35.767,35.9513,36.1352,36.3188,36.502,36.6849,36.8674,37.0495,37.2313,37.4127,37.5937,37.7743,37.9545,38.1344,38.3139,38.493,38.6717,38.85,39.0279,39.2055,39.3826,39.5594,39.7357,39.9117,40.0873
61.2633,54.4226,48.0377,42.2208,37.2979,33.6449,31.2009,29.5933,28.5069,27.75,27.2115,26.8248,26.548,26.3535,26.2223,26.141,26.0996,26.0909,26.109,26.1497,26.2093,26.285,26.3746,26.4761,26.5879,26.7088,26.8375,26.9731,27.1149,27.2621,27.414,27.5702,27.7301,27.8935,28.0598,28.2288,28.4001,28.5736,28.749,28.9261,29.1048,29.2847,29.4659,29.6481,29.8312,30.0151,30.1998,30.3851,30.571,30.7573,30.944,31.131,31.3183,31.5059,31.6936,31.8814,32.0693,32.2572,32.4451,32.633,32.8209,33.0087,33.1963,33.3838,33.5712,33.7583,33.9453,34.1321,34.3186,34.5049,34.6909,34.8767,35.0622,35.2473,35.4322,35.6168,35.801,35.9849,36.1685,36.3518,36.5347,36.7172,36.8994,37.0812,37.2627,37.4438,37.6245,37.8049,37.9849,38.1645,38.3437,38.5225,38.701,38.8791,39.0568,39.2341,39.411,39.5875,39.7637,39.9394,40.1148
61.6797,54.8755,48.5373,42.7662,37.8497,34.1371,31.6096,29.9313,28.7923,27.9967,27.429,27.0197,26.7249,26.5157,26.3724,26.2807,26.2306,26.2142,26.2257,26.2604,26.3148,26.3858,26.4712,26.5688,26.6771,26.7947,26.9205,27.0534,27.1926,27.3374,27.4872,27.6413,27.7993,27.9609,28.1255,28.2929,28.4627,28.6348,28.8088,28.9846,29.162,29.3408,29.5208,29.702,29.8841,30.0671,30.2508,30.4353,30.6202,30.8057,30.9917,31.1779,31.3645,31.5513,31.7383,31.9255,32.1127,32.3001,32.4874,32.6747,32.862,33.0492,33.2364,33.4234,33.6102,33.7969,33.9834,34.1698,34.3558,34.5417,34.7273,34.9127,35.0978,35.2826,35.4671,35.6513,35.8351,36.0187,36.202,36.3849,36.5675,36.7497,36.9316,37.1131,37.2943,37.4751,37.6555,37.8356,38.0153,38.1947,38.3736,38.5522,38.7304,38.9083,39.0857,39.2628,39.4395,39.6158,39.7917,39.9673,40.1424
62.0912,55.3212,49.0261,43.2978,38.3903,34.6263,32.0201,30.2724,29.0808,28.246,27.6488,27.2165,26.9034,26.6793,26.5236,26.4216,26.3625,26.3384,26.3431,26.3719,26.421,26.4873,26.5683,26.662,26.7668,26.8812,27.0039,27.1341,27.2708,27.4132,27.5607,27.7128,27.8689,28.0286,28.1915,28.3573,28.5256,28.6962,28.8689,29.0434,29.2196,29.3972,29.5761,29.7562,29.9373,30.1193,30.3021,30.4856,30.6697,30.8544,31.0395,31.225,31.4109,31.597,31.7833,31.9698,32.1564,32.3431,32.5298,32.7166,32.9033,33.09,33.2766,33.4631,33.6495,33.8357,34.0217,34.2076,34.3932,34.5787,34.7639,34.9488,35.1335,35.3179,35.502,35.6859,35.8694,36.0526,36.2355,36.4181,36.6004,36.7823,36.9639,37.1451,37.326,37.5065,37.6867,37.8665,38.0459,38.225,38.4037,38.582,38.76,38.9376,39.1148,39.2916,39.4681,39.6442,39.8199,39.9952,40.1701
62.498,55.7602,49.505,43.8164,38.9198,35.1119,32.432,30.6163,29.372,28.4978,27.8706,27.415,27.0834,26.8443,26.676,26.5635,26.4954,26.4635,26.4614,26.4841,26.5278,26.5893,26.666,26.7558,26.857,26.9681,27.0878,27.2152,27.3493,27.4893,27.6346,27.7846,27.9388,28.0966,28.2578,28.422,28.5888,28.758,28.9293,29.1025,29.2774,29.4538,29.6316,29.8106,29.9906,30.1717,30.3535,30.5362,30.7194,30.9032,31.0876,31.2723,31.4574,31.6428,31.8284,32.0143,32.2002,32.3863,32.5725,32.7586,32.9448,33.1309,33.317,33.503,33.6889,33.8746,34.0602,34.2456,34.4308,34.6158,34.8006,34.9851,35.1694,35.3534,35.5372,35.7206,35.9038,36.0867,36.2692,36.4515,36.6334,36.815,36.9963,37.1772,37.3578,37.538,37.7179,37.8974,38.0766,38.2554,38.4338,38.6119,38.7896,38.967,39.144,39.3206,39.4968,39.6726,39.8481,40.0232,40.198
62.9004,56.1926,49.9746,44.3229,39.4386,35.593,32.8445,30.9626,29.6659,28.752,28.0945,27.6154,27.265,27.0105,26.8296,26.7064,26.6292,26.5894,26.5804,26.597,26.6353,26.6919,26.7642,26.8501,26.9477,27.0554,27.1722,27.2967,27.4282,27.5659,27.7089,27.8568,28.009,28.165,28.3245,28.487,28.6522,28.8199,28.9899,29.1618,29.3354,29.5107,29.6873,29.8652,30.0443,30.2243,30.4052,30.5869,30.7693,30.9523,31.1358,31.3198,31.5041,31.6888,31.8738,32.0589,32.2442,32.4297,32.6152,32.8008,32.9864,33.172,33.3576,33.543,33.7284,33.9136,34.0987,34.2837,34.4685,34.653,34.8374,35.0215,35.2054,35.389,35.5724,35.7555,35.9383,36.1208,36.3031,36.485,36.6666,36.8479,37.0288,37.2094,37.3897,37.5697,37.7493,37.9285,38.1074,38.2859,38.4641,38.6419,38.8194,38.9965,39.1732,39.3496,39.5256,39.7012,39.8765,40.0514,40.2259
63.2985,56.619,50.4355,44.8182,39.9469,36.0692,33.2572,31.311,29.9622,29.0084,28.3204,27.8174,27.448,27.1781,26.9844,26.8503,26.7638,26.716,26.7001,26.7106,26.7434,26.7951,26.863,26.9449,27.0388,27.1433,27.2569,27.3787,27.5076,27.6428,27.7835,27.9293,28.0795,28.2337,28.3914,28.5523,28.716,28.8822,29.0507,29.2213,29.3937,29.5678,29.7433,29.9201,30.0981,30.2771,30.4571,30.6379,30.8194,31.0016,31.1843,31.3675,31.5511,31.735,31.9193,32.1037,32.2884,32.4733,32.6582,32.8432,33.0282,33.2133,33.3983,33.5832,33.7681,33.9528,34.1375,34.322,34.5063,34.6904,34.8743,35.0581,35.2415,35.4248,35.6078,35.7905,35.973,36.1551,36.337,36.5186,36.6999,36.8808,37.0615,37.2418,37.4218,37.6014,37.7807,37.9597,38.1383,38.3166,38.4945,38.6721,38.8493,39.0261,39.2026,39.3787,39.5545,39.7299,39.9049,40.0796,40.2539
63.6924,57.0396,50.8883,45.303,40.4451,36.5402,33.6694,31.6611,30.2608,29.267,28.5482,28.0211,27.6325,27.3469,27.1402,26.9952,26.8994,26.8435,26.8205,26.8248,26.8521,26.8989,26.9623,27.0402,27.1304,27.2315,27.3421,27.461,27.5873,27.72,27.8585,28.0022,28.1504,28.3027,28.4586,28.6178,28.78,28.9447,29.1119,29.2811,29.4522,29.6251,29.7995,29.9752,30.1521,30.3302,30.5092,30.6891,30.8697,31.051,31.2329,31.4153,31.5982,31.7814,31.9649,32.1488,32.3328,32.517,32.7013,32.8857,33.0702,33.2547,33.4391,33.6236,33.8079,33.9922,34.1764,34.3604,34.5442,34.7279,34.9114,35.0947,35.2778,35.4607,35.6433,35.8257,36.0077,36.1896,36.3711,36.5523,36.7333,36.9139,37.0942,37.2742,37.4539,37.6333,37.8123,37.991,38.1693,38.3473,38.525,38.7023,38.8792,39.0558,39.2321,39.408,39.5835,39.7587,39.9335,40.1079,40.282
64.0825,57.4547,51.3334,45.778,40.9335,37.0056,34.0806,32.0126,30.5613,29.5276,28.7778,28.2264,27.8183,27.5169,27.2971,27.141,27.0358,26.9718,26.9417,26.9397,26.9614,27.0032,27.0622,27.1359,27.2225,27.3202,27.4277,27.5437,27.6673,27.7976,27.9338,28.0753,28.2215,28.372,28.5261,28.6837,28.8443,29.0075,29.1733,29.3412,29.511,29.6827,29.8559,30.0305,30.2064,30.3834,30.5615,30.7404,30.9202,31.1007,31.2817,31.4634,31.6454,31.8279,32.0108,32.1939,32.3773,32.5609,32.7446,32.9284,33.1123,33.2962,33.4801,33.6641,33.8479,34.0317,34.2154,34.3989,34.5823,34.7656,34.9487,35.1316,35.3143,35.4967,35.6789,35.8609,36.0426,36.2241,36.4053,36.5862,36.7668,36.9471,37.1271,37.3068,37.4862,37.6653,37.844,38.0224,38.2005,38.3782,38.5556,38.7326,38.9093,39.0857,39.2617,39.4373,39.6126,39.7876,39.9622,40.1364,40.3103
64.4687,57.8646,51.7712,46.2436,41.4126,37.4652,34.4904,32.365,30.8636,29.7901,29.0091,28.4332,28.0055,27.6882,27.4551,27.2878,27.1731,27.1009,27.0635,27.0552,27.0713,27.1081,27.1625,27.2322,27.315,27.4093,27.5137,27.6268,27.7477,27.8755,28.0095,28.1488,28.293,28.4415,28.5939,28.7498,28.9088,29.0706,29.2349,29.4014,29.57,29.7404,29.9125,30.086,30.2609,30.4369,30.614,30.792,30.9709,31.1505,31.3307,31.5116,31.6929,31.8747,32.0568,32.2393,32.422,32.6049,32.788,32.9712,33.1545,33.3379,33.5213,33.7047,33.888,34.0713,34.2545,34.4376,34.6206,34.8034,34.9861,35.1685,35.3508,35.5329,35.7147,35.8963,36.0777,36.2588,36.4396,36.6202,36.8004,36.9804,37.1601,37.3395,37.5186,37.6973,37.8758,38.0539,38.2317,38.4092,38.5863,38.7631,38.9395,39.1156,39.2914,39.4668,39.6418,39.8165,39.9909,40.1649,40.3386
64.8513,58.2695,52.2023,46.7006,41.8827,37.9188,34.8984,32.7182,31.1676,30.0543,29.2421,28.6415,28.194,27.8605,27.614,27.4356,27.3112,27.2306,27.1861,27.1714,27.1818,27.2135,27.2634,27.3289,27.408,27.4988,27.6,27.7103,27.8285,27.9538,28.0854,28.2226,28.3648,28.5114,28.662,28.8162,28.9736,29.1339,29.2967,29.462,29.6293,29.7985,29.9693,30.1418,30.3155,30.4906,30.6667,30.8438,31.0217,31.2005,31.3799,31.56,31.7405,31.9216,32.103,32.2848,32.4668,32.6491,32.8316,33.0142,33.197,33.3798,33.5626,33.7455,33.9283,34.1111,34.2938,34.4764,34.659,34.8413,35.0235,35.2056,35.3875,35.5691,35.7506,35.9318,36.1128,36.2935,36.474,36.6543,36.8342,37.0139,37.1932,37.3723,37.5511,37.7295,37.9077,38.0855,38.263,38.4402,38.6171,38.7936,38.9698,39.1456,39.3212,39.4963,39.6711,39.8456,40.0198,40.1935,40.367
65.2304,58.6696,52.6269,47.1494,42.3443,38.3665,35.3043,33.0717,31.4729,30.3201,29.4766,28.8512,28.3838,28.034,27.774,27.5841,27.4501,27.3611,27.3092,27.2881,27.2928,27.3194,27.3647,27.4261,27.5014,27.5888,27.6868,27.7941,27.9096,28.0324,28.1617,28.2967,28.4368,28.5815,28.7303,28.8828,29.0386,29.1974,29.3589,29.5227,29.6887,29.8567,30.0264,30.1977,30.3704,30.5444,30.7196,30.8957,31.0728,31.2507,31.4293,31.6085,31.7883,31.9686,32.1493,32.3304,32.5118,32.6935,32.8753,33.0574,33.2395,33.4218,33.6041,33.7864,33.9687,34.151,34.3332,34.5154,34.6975,34.8794,35.0612,35.2428,35.4243,35.6055,35.7866,35.9674,36.1481,36.3284,36.5086,36.6885,36.8681,37.0474,37.2264,37.4052,37.5837,37.7618,37.9397,38.1173,38.2945,38.4714,38.648,38.8242,39.0002,39.1758,39.351,39.526,39.7005,39.8748,40.0487,40.2223,40.3955
65.6061,59.0652,53.0455,47.5905,42.7978,38.8081,35.7076,33.4252,31.7793,30.5874,29.7126,29.0623,28.5748,28.2086,27.935,27.7336,27.5897,27.4924,27.4331,27.4055,27.4044,27.4259,27.4665,27.5237,27.5952,27.6791,27.7739,27.8783,27.9911,28.1114,28.2383,28.3711,28.5091,28.6519,28.7989,28.9497,29.1039,29.2612,29.4212,29.5837,29.7484,29.9151,30.0837,30.2538,30.4255,30.5985,30.7726,30.9478,31.124,31.301,31.4788,31.6573,31.8363,32.0158,32.1959,32.3762,32.557,32.738,32.9192,33.1006,33.2822,33.4639,33.6457,33.8275,34.0093,34.1911,34.3728,34.5545,34.7361,34.9176,35.0989,35.2801,35.4612,35.642,35.8227,36.0032,36.1834,36.3635,36.5432,36.7228,36.902,37.081,37.2598,37.4382,37.6164,37.7943,37.9718,38.1491,38.326,38.5027,38.679,38.855,39.0307,39.206,39.381,39.5557,39.73,39.9041,40.0777,40.2511,40.4241
65.9786,59.4564,53.4582,48.0243,43.2434,39.2437,36.1082,33.7785,32.0867,30.856,29.95,29.2746,28.767,28.3842,28.0968,27.8839,27.7302,27.6242,27.5575,27.5234,27.5165,27.5328,27.5688,27.6217,27.6894,27.7698,27.8614,27.9628,28.0729,28.1906,28.3151,28.4457,28.5818,28.7226,28.8678,29.0169,29.1695,29.3252,29.4837,29.6449,29.8083,29.9738,30.1411,30.3102,30.4808,30.6527,30.8259,31.0002,31.1754,31.3516,31.5285,31.7062,31.8844,32.0632,32.2425,32.4222,32.6023,32.7826,32.9632,33.1441,33.3251,33.5062,33.6874,33.8686,34.0499,34.2312,34.4125,34.5937,34.7748,34.9559,35.1368,35.3176,35.4982,35.6787,35.859,36.039,36.2189,36.3986,36.578,36.7572,36.9361,37.1148,37.2932,37.4713,37.6492,37.8268,38.004,38.181,38.3577,38.534,38.7101,38.8858,39.0612,39.2363,39.4111,39.5855,39.7596,39.9334,40.1069,40.28,40.4527
66.3479,59.8435,53.8655,48.4512,43.6816,39.6735,36.5059,34.1312,32.3948,31.1258,30.1886,29.4882,28.9602,28.5608,28.2596,28.035,27.8713,27.7568,27.6826,27.6419,27.6292,27.6402,27.6715,27.7202,27.784,27.8609,27.9492,28.0476,28.155,28.2701,28.3923,28.5207,28.6546,28.7935,28.9369,29.0843,29.2352,29.3894,29.5465,29.7063,29.8684,30.0326,30.1988,30.3667,30.5362,30.7071,30.8793,31.0526,31.227,31.4023,31.5784,31.7552,31.9327,32.1108,32.2893,32.4683,32.6477,32.8274,33.0074,33.1876,33.368,33.5486,33.7292,33.91,34.0907,34.2715,34.4523,34.633,34.8137,34.9943,35.1748,35.3551,35.5354,35.7154,35.8953,36.075,36.2545,36.4338,36.6129,36.7917,36.9703,37.1487,37.3268,37.5046,37.6821,37.8594,38.0364,38.213,38.3894,38.5655,38.7413,38.9167,39.0919,39.2667,39.4413,39.6154,39.7893,39.9629,40.1361,40.3089,40.4815
66.7141,60.2266,54.2675,48.8716,44.1127,40.0973,36.9004,34.4832,32.7035,31.3967,30.4285,29.703,29.1546,28.7384,28.4233,28.1869,28.0132,27.89,27.8083,27.7609,27.7423,27.7481,27.7746,27.8191,27.879,27.9523,28.0374,28.1328,28.2374,28.35,28.4698,28.5959,28.7278,28.8647,29.0063,29.1519,29.3012,29.4539,29.6095,29.7679,29.9287,30.0917,30.2567,30.4234,30.5919,30.7617,30.9329,31.1053,31.2787,31.4531,31.6284,31.8044,31.9811,32.1585,32.3363,32.5146,32.6933,32.8724,33.0517,33.2313,33.4111,33.5911,33.7712,33.9514,34.1317,34.312,34.4922,34.6725,34.8527,35.0328,35.2129,35.3928,35.5726,35.7523,35.9318,36.1111,36.2902,36.4692,36.6479,36.8264,37.0046,37.1826,37.3604,37.5379,37.7151,37.8921,38.0688,38.2452,38.4213,38.5971,38.7726,38.9478,39.1227,39.2972,39.4715,39.6455,39.8191,39.9924,40.1654,40.338,40.5103
67.0775,60.6058,54.6645,49.2857,44.5371,40.5155,37.2916,34.8342,33.0125,31.6685,30.6694,29.9188,29.3499,28.9169,28.5878,28.3396,28.1558,28.0239,27.9345,27.8805,27.8559,27.8564,27.8782,27.9183,27.9743,28.0441,28.1259,28.2183,28.3201,28.4301,28.5475,28.6714,28.8012,28.9362,29.0759,29.2198,29.3674,29.5185,29.6727,29.8297,29.9892,30.1509,30.3147,30.4803,30.6477,30.8165,30.9867,31.1581,31.3307,31.5042,31.6786,31.8538,32.0297,32.2063,32.3834,32.561,32.739,32.9175,33.0962,33.2752,33.4544,33.6338,33.8133,33.993,34.1727,34.3525,34.5323,34.7121,34.8918,35.0715,35.2511,35.4306,35.61,35.7893,35.9684,36.1473,36.3261,36.5046,36.683,36.8611,37.039,37.2167,37.3941,37.5713,37.7482,37.9249,38.1013,38.2774,38.4532,38.6287,38.804,38.9789,39.1535,39.3278,39.5019,39.6756,39.8489,40.022,40.1948,40.3672,40.5393
67.4379,60.9813,55.0568,49.694,44.955,40.928,37.6794,35.184,33.3217,31.9411,30.9114,30.1356,29.5462,29.0963,28.7531,28.493,28.299,28.1584,28.0614,28.0005,27.9701,27.9652,27.9822,28.018,28.0701,28.1362,28.2148,28.3042,28.4031,28.5106,28.6255,28.7472,28.8748,29.0079,29.1457,29.2878,29.4339,29.5834,29.7361,29.8917,30.0499,30.2103,30.3729,30.5374,30.7037,30.8714,31.0406,31.2111,31.3827,31.5554,31.7289,31.9033,32.0785,32.2543,32.4307,32.6076,32.7849,32.9627,33.1408,33.3191,33.4978,33.6766,33.8556,34.0347,34.2139,34.3932,34.5725,34.7518,34.9311,35.1103,35.2895,35.4685,35.6475,35.8263,36.0051,36.1836,36.362,36.5402,36.7182,36.896,37.0735,37.2509,37.428,37.6048,37.7815,37.9578,38.1339,38.3097,38.4852,38.6605,38.8354,39.0101,39.1845,39.3585,39.5323,39.7057,39.8789,40.0517,40.2242,40.3964,40.5683
67.7957,61.3533,55.4445,50.0967,45.3667,41.3351,38.0637,35.5324,33.6308,32.2144,31.1542,30.3534,29.7435,29.2766,28.9192,28.6471,28.4429,28.2934,28.1887,28.1211,28.0846,28.0744,28.0866,28.1181,28.1662,28.2287,28.3039,28.3903,28.4864,28.5913,28.7038,28.8232,28.9487,29.0798,29.2157,29.3561,29.5005,29.6485,29.7998,29.9539,30.1107,30.27,30.4313,30.5947,30.7598,30.9266,31.0948,31.2643,31.4349,31.6067,31.7794,31.953,32.1274,32.3024,32.4781,32.6543,32.8309,33.008,33.1855,33.3632,33.5413,33.7195,33.898,34.0765,34.2552,34.434,34.6128,34.7916,34.9704,35.1492,35.3279,35.5066,35.6851,35.8635,36.0418,36.22,36.398,36.5758,36.7535,36.9309,37.1081,37.2851,37.4619,37.6385,37.8148,37.9908,38.1666,38.3421,38.5174,38.6923,38.867,39.0414,39.2155,39.3893,39.5628,39.736,39.9089,40.0815,40.2538,40.4258,40.5974
68.1507,61.7219,55.8279,50.4941,45.7726,41.7369,38.4445,35.8793,33.9398,32.4881,31.3979,30.5721,29.9416,29.4577,29.086,28.8019,28.5874,28.429,28.3166,28.2422,28.1997,28.1841,28.1914,28.2185,28.2626,28.3215,28.3934,28.4767,28.57,28.6722,28.7823,28.8995,29.0229,29.1519,29.286,29.4247,29.5674,29.7138,29.8636,30.0163,30.1718,30.3298,30.4899,30.6521,30.8162,30.9818,31.149,31.3176,31.4873,31.6582,31.8301,32.0028,32.1764,32.3507,32.5256,32.7011,32.8771,33.0535,33.2303,33.4075,33.5849,33.7626,33.9405,34.1185,34.2966,34.4749,34.6532,34.8315,35.0099,35.1882,35.3665,35.5447,35.7228,35.9008,36.0787,36.2565,36.4341,36.6116,36.7889,36.9659,37.1428,37.3195,37.496,37.6722,37.8482,38.0239,38.1994,38.3746,38.5496,38.7242,38.8987,39.0728,39.2466,39.4202,39.5934,39.7664,39.939,40.1114,40.2834,40.4552,40.6266
68.5032,62.0872,56.2071,50.8864,46.1728,42.1335,38.8217,36.2244,34.2485,32.7623,31.6423,30.7916,30.1405,29.6396,29.2536,28.9574,28.7326,28.5652,28.445,28.3638,28.3151,28.2941,28.2966,28.3193,28.3594,28.4147,28.4832,28.5634,28.6539,28.7535,28.8611,28.976,29.0973,29.2243,29.3565,29.4934,29.6345,29.7793,29.9276,30.0789,30.2331,30.3897,30.5487,30.7097,30.8727,31.0373,31.2035,31.371,31.5399,31.7098,31.8808,32.0528,32.2256,32.3991,32.5733,32.748,32.9233,33.0991,33.2753,33.4518,33.6287,33.8058,33.9831,34.1606,34.3382,34.5159,34.6937,34.8716,35.0494,35.2273,35.4051,35.5829,35.7606,35.9382,36.1157,36.2931,36.4704,36.6474,36.8244,37.0011,37.1776,37.354,37.5301,37.706,37.8817,38.0571,38.2323,38.4072,38.5819,38.7563,38.9304,39.1043,39.2778,39.4511,39.6241,39.7968,39.9692,40.1413,40.3131,40.4847,40.6558
68.8532,62.4493,56.5823,51.2738,46.5677,42.5251,39.1953,36.5678,34.5567,33.0368,31.8873,31.0119,30.3403,29.8222,29.4218,29.1135,28.8783,28.702,28.5739,28.4858,28.4311,28.4046,28.4022,28.4204,28.4565,28.5081,28.5733,28.6504,28.738,28.835,28.9402,29.0527,29.1719,29.2969,29.4272,29.5623,29.7017,29.845,29.9918,30.1417,30.2945,30.4499,30.6076,30.7675,30.9293,31.0929,31.258,31.4246,31.5925,31.7616,31.9318,32.1029,32.2749,32.4476,32.6211,32.7951,32.9697,33.1449,33.3204,33.4963,33.6725,33.849,34.0258,34.2027,34.3798,34.557,34.7344,34.9117,35.0891,35.2665,35.4439,35.6213,35.7985,35.9757,36.1528,36.3298,36.5067,36.6834,36.8599,37.0363,37.2125,37.3885,37.5643,37.7399,37.9152,38.0904,38.2652,38.4399,38.6143,38.7884,38.9622,39.1358,39.3091,39.4821,39.6549,39.8273,39.9995,40.1714,40.3429,40.5142,40.6852
69.2007,62.8084,56.9537,51.6566,46.9574,42.9119,39.5653,36.9092,34.8643,33.3115,32.1329,31.2329,30.5407,30.0055,29.5908,29.2702,29.0245,28.8392,28.7033,28.6082,28.5474,28.5154,28.5081,28.5219,28.5539,28.6019,28.6637,28.7377,28.8224,28.9167,29.0194,29.1297,29.2467,29.3697,29.4981,29.6315,29.7692,29.9109,30.0561,30.2046,30.3561,30.5102,30.6667,30.8254,30.9861,31.1486,31.3128,31.4784,31.6454,31.8135,31.9828,32.1531,32.3243,32.4963,32.669,32.8423,33.0163,33.1907,33.3656,33.5409,33.7165,33.8925,34.0686,34.245,34.4216,34.5983,34.7751,34.952,35.1289,35.3058,35.4828,35.6597,35.8366,36.0133,36.19,36.3666,36.5431,36.7195,36.8956,37.0717,37.2475,37.4232,37.5986,37.7739,37.9489,38.1237,38.2983,38.4726,38.6467,38.8206,38.9941,39.1675,39.3405,39.5133,39.6857,39.8579,40.0299,40.2015,40.3728,40.5439,40.7146
69.5459,63.1645,57.3214,52.035,47.3422,43.2939,39.9318,37.2486,35.1712,33.5862,32.3789,31.4545,30.7418,30.1894,29.7603,29.4275,29.1714,28.977,28.8331,28.7311,28.6641,28.6266,28.6143,28.6237,28.6517,28.6959,28.7543,28.8252,28.9071,28.9987,29.0989,29.2069,29.3217,29.4427,29.5693,29.7008,29.8368,29.9769,30.1207,30.2677,30.4178,30.5707,30.726,30.8835,31.0431,31.2045,31.3676,31.5323,31.6983,31.8656,32.034,32.2035,32.3739,32.5451,32.717,32.8897,33.0629,33.2367,33.4109,33.5856,33.7606,33.936,34.1116,34.2874,34.4635,34.6396,34.8159,34.9923,35.1688,35.3453,35.5218,35.6982,35.8747,36.051,36.2273,36.4035,36.5796,36.7556,36.9314,37.1071,37.2826,37.4579,37.633,37.808,37.9827,38.1572,38.3314,38.5055,38.6793,38.8528,39.0261,39.1992,39.3719,39.5445,39.7167,39.8886,40.0603,40.2317,40.4028,40.5736,40.7441
69.8887,63.5177,57.6855,52.4091,47.7222,43.6714,40.2947,37.5859,35.4772,33.8609,32.6253,31.6766,30.9436,30.374,29.9305,29.5854,29.3187,29.1152,28.9634,28.8544,28.7812,28.7382,28.721,28.7258,28.7497,28.7902,28.8453,28.913,28.992,29.0809,29.1787,29.2843,29.397,29.5159,29.6406,29.7703,29.9047,30.0431,30.1854,30.331,30.4798,30.6313,30.7854,30.9417,31.1002,31.2606,31.4227,31.5863,31.7514,31.9178,32.0854,32.254,32.4236,32.594,32.7652,32.9371,33.1097,33.2828,33.4564,33.6304,33.8049,33.9796,34.1547,34.3299,34.5054,34.6811,34.8569,35.0328,35.2088,35.3848,35.5608,35.7369,35.9129,36.0888,36.2647,36.4405,36.6162,36.7918,36.9673,37.1426,37.3177,37.4927,37.6675,37.8421,38.0165,38.1907,38.3647,38.5384,38.7119,38.8852,39.0582,39.231,39.4035,39.5757,39.7477,39.9194,40.0908,40.262,40.4328,40.6034,40.7737
70.2294,63.8682,58.0463,52.7792,48.0978,44.0445,40.6541,37.921,35.7823,34.1355,32.872,31.8993,31.1459,30.5592,30.1012,29.7438,29.4666,29.2539,29.0942,28.9781,28.8987,28.8501,28.8279,28.8282,28.8481,28.8849,28.9365,29.0011,29.0771,29.1634,29.2586,29.3619,29.4724,29.5893,29.7121,29.84,29.9727,30.1095,30.2503,30.3945,30.5419,30.6921,30.8449,31.0001,31.1575,31.3168,31.4778,31.6405,31.8047,31.9701,32.1368,32.3046,32.4734,32.643,32.8135,32.9847,33.1566,33.329,33.502,33.6754,33.8492,34.0233,34.1978,34.3726,34.5475,34.7227,34.898,35.0734,35.2489,35.4244,35.6,35.7756,35.9512,36.1267,36.3022,36.4776,36.6529,36.8282,37.0032,37.1782,37.353,37.5276,37.7021,37.8764,38.0505,38.2243,38.398,38.5714,38.7447,38.9176,39.0904,39.2629,39.4351,39.6071,39.7788,39.9502,40.1214,40.2923,40.4629,40.6333,40.8033
70.5678,64.216,58.4038,53.1453,48.469,44.4134,41.0101,38.254,36.0863,34.4098,33.119,32.1224,31.3487,30.745,30.2724,29.9028,29.6149,29.3931,29.2253,29.1022,29.0165,28.9624,28.9352,28.931,28.9467,28.9797,29.0279,29.0894,29.1625,29.246,29.3388,29.4398,29.5481,29.663,29.7838,29.9099,30.0408,30.1761,30.3153,30.4581,30.6041,30.753,30.9046,31.0586,31.2149,31.3731,31.5331,31.6948,31.858,32.0226,32.1884,32.3554,32.5233,32.6922,32.8619,33.0324,33.2036,33.3753,33.5476,33.7204,33.8936,34.0672,34.2411,34.4153,34.5897,34.7643,34.9391,35.114,35.2891,35.4641,35.6393,35.8144,35.9896,36.1647,36.3398,36.5148,36.6897,36.8646,37.0393,37.2139,37.3883,37.5626,37.7368,37.9107,38.0845,38.258,38.4314,38.6045,38.7775,38.9501,39.1226,39.2948,39.4668,39.6385,39.81,39.9812,40.1521,40.3227,40.4931,40.6632,40.833
70.9042,64.5611,58.758,53.5077,48.836,44.7781,41.3626,38.5846,36.3893,34.6838,33.366,32.3459,31.552,30.9312,30.4442,30.0622,29.7637,29.5327,29.3569,29.2267,29.1347,29.075,29.0427,29.034,29.0456,29.0749,29.1196,29.1779,29.2481,29.3289,29.4192,29.5178,29.6239,29.7367,29.8556,29.98,30.1092,30.2429,30.3805,30.5219,30.6665,30.8141,30.9645,31.1173,31.2724,31.4295,31.5885,31.7493,31.9115,32.0752,32.2401,32.4062,32.5734,32.7415,32.9105,33.0802,33.2507,33.4218,33.5934,33.7656,33.9382,34.1111,34.2845,34.4581,34.632,34.8061,34.9804,35.1548,35.3293,35.504,35.6786,35.8534,36.0281,36.2028,36.3775,36.5521,36.7266,36.9011,37.0754,37.2497,37.4238,37.5977,37.7715,37.9451,38.1186,38.2918,38.4649,38.6377,38.8103,38.9827,39.1549,39.3269,39.4986,39.67,39.8412,40.0121,40.1828,40.3532,40.5234,40.6932,40.8628
71.2385,64.9038,59.1093,53.8665,49.199,45.1389,41.7119,38.9131,36.691,34.9573,33.6132,32.5697,31.7558,31.1179,30.6164,30.222,29.9129,29.6727,29.4888,29.3516,29.2533,29.1879,29.1506,29.1373,29.1448,29.1703,29.2115,29.2666,29.3339,29.412,29.4997,29.596,29.6999,29.8107,29.9277,30.0502,30.1777,30.3098,30.4459,30.5858,30.729,30.8754,31.0245,31.1761,31.3301,31.4861,31.6441,31.8038,31.9651,32.1279,32.2919,32.4572,32.6236,32.7909,32.9591,33.1281,33.2979,33.4683,33.6393,33.8108,33.9828,34.1552,34.328,34.501,34.6744,34.8479,35.0217,35.1956,35.3697,35.5439,35.7181,35.8924,36.0667,36.2409,36.4152,36.5894,36.7636,36.9377,37.1116,37.2855,37.4593,37.6329,37.8063,37.9796,38.1527,38.3257,38.4984,38.671,38.8433,39.0154,39.1873,39.359,39.5304,39.7016,39.8725,40.0432,40.2136,40.3838,40.5537,40.7233,40.8927
71.5708,65.2441,59.4576,54.2218,49.5582,45.4958,42.0578,39.2392,36.9914,35.2304,33.8603,32.7938,31.96,31.3051,30.7891,30.3824,30.0626,29.8131,29.6211,29.4767,29.3722,29.3012,29.2588,29.2409,29.2442,29.2659,29.3037,29.3556,29.42,29.4954,29.5805,29.6744,29.7762,29.8849,29.9999,30.1206,30.2464,30.3768,30.5114,30.6499,30.7917,30.9367,31.0846,31.2351,31.3879,31.5428,31.6998,31.8585,32.0189,32.1807,32.3439,32.5083,32.6738,32.8404,33.0079,33.1762,33.3452,33.515,33.6853,33.8562,34.0275,34.1993,34.3715,34.544,34.7168,34.8899,35.0632,35.2366,35.4102,35.5839,35.7576,35.9315,36.1053,36.2792,36.453,36.6269,36.8006,36.9743,37.1479,37.3215,37.4948,37.6681,37.8412,38.0142,38.187,38.3596,38.532,38.7043,38.8763,39.0482,39.2198,39.3912,39.5623,39.7332,39.9039,40.0743,40.2445,40.4144,40.5841,40.7535,40.9226
71.9011,65.5819,59.803,54.5737,49.9137,45.849,42.4006,39.563,37.2906,35.503,34.1074,33.018,32.1645,31.4927,30.9623,30.5431,30.2126,29.9539,29.7538,29.6023,29.4913,29.4147,29.3672,29.3447,29.3439,29.3618,29.3961,29.4448,29.5062,29.5789,29.6615,29.753,29.8525,29.9592,30.0723,30.1911,30.3152,30.444,30.5771,30.7141,30.8546,30.9982,31.1449,31.2941,31.4458,31.5997,31.7556,31.9133,32.0727,32.2336,32.3959,32.5595,32.7242,32.89,33.0567,33.2243,33.3927,33.5617,33.7314,33.9016,34.0724,34.2436,34.4152,34.5872,34.7594,34.9319,35.1047,35.2776,35.4507,35.6239,35.7973,35.9707,36.1441,36.3175,36.491,36.6644,36.8378,37.0111,37.1843,37.3575,37.5305,37.7034,37.8762,38.0488,38.2213,38.3936,38.5658,38.7377,38.9094,39.081,39.2523,39.4234,39.5943,39.765,39.9354,40.1055,40.2755,40.4451,40.6146,40.7837,40.9526
72.2296,65.9175,60.1457,54.9225,50.2656,46.1987,42.7402,39.8846,37.5883,35.7749,34.3544,33.2425,32.3693,31.6806,31.1358,30.7042,30.3631,30.095,29.8868,29.7281,29.6108,29.5285,29.4759,29.4488,29.4438,29.4579,29.4887,29.5342,29.5927,29.6626,29.7426,29.8318,29.9291,30.0337,30.1448,30.2618,30.3842,30.5114,30.6429,30.7784,30.9175,31.0599,31.2053,31.3533,31.5039,31.6567,31.8115,31.9682,32.1267,32.2867,32.4481,32.6108,32.7748,32.9397,33.1057,33.2725,33.4402,33.6086,33.7776,33.9472,34.1173,34.2879,34.459,34.6304,34.8021,34.9741,35.1463,35.3188,35.4914,35.6641,35.837,36.0099,36.1829,36.3559,36.529,36.702,36.875,37.0479,37.2208,37.3936,37.5663,37.7388,37.9113,38.0836,38.2557,38.4277,38.5995,38.7712,38.9426,39.1139,39.2849,39.4557,39.6264,39.7967,39.9669,40.1368,40.3065,40.4759,40.6451,40.814,40.9827
72.5562,66.2508,60.4857,55.2681,50.614,46.5448,43.0768,40.2038,37.8847,36.0461,34.6012,33.467,32.5744,31.8689,31.3097,30.8657,30.5138,30.2365,30.0201,29.8543,29.7306,29.6426,29.5849,29.5532,29.544,29.5542,29.5815,29.6238,29.6793,29.7464,29.824,29.9108,30.0058,30.1083,30.2175,30.3327,30.4533,30.5789,30.7089,30.8429,30.9806,31.1217,31.2658,31.4126,31.562,31.7137,31.8676,32.0233,32.1808,32.3399,32.5004,32.6623,32.8254,32.9896,33.1548,33.3209,33.4878,33.6555,33.8239,33.9928,34.1624,34.3324,34.5028,34.6737,34.8448,35.0163,35.188,35.36,35.5321,35.7044,35.8768,36.0493,36.2218,36.3944,36.5671,36.7397,36.9123,37.0848,37.2573,37.4297,37.6021,37.7743,37.9464,38.1184,38.2902,38.4619,38.6334,38.8047,38.9759,39.1468,39.3176,39.4881,39.6585,39.8286,39.9985,40.1682,40.3376,40.5068,40.6757,40.8444,41.0128
72.8809,66.582,60.8232,55.6108,50.9592,46.8876,43.4103,40.5208,38.1796,36.3166,34.8477,33.6916,32.7797,32.0575,31.4839,31.0275,30.665,30.3783,30.1538,29.9807,29.8507,29.7569,29.6941,29.6578,29.6443,29.6508,29.6746,29.7136,29.7661,29.8305,29.9055,29.9899,30.0827,30.1831,30.2903,30.4037,30.5226,30.6465,30.7749,30.9075,31.0438,31.1836,31.3264,31.4721,31.6203,31.7709,31.9237,32.0784,32.235,32.3931,32.5528,32.7138,32.8761,33.0395,33.2039,33.3693,33.5355,33.7025,33.8702,34.0386,34.2075,34.3769,34.5468,34.717,34.8877,35.0586,35.2298,35.4013,35.5729,35.7447,35.9167,36.0887,36.2608,36.433,36.6052,36.7774,36.9496,37.1218,37.2939,37.466,37.638,37.8098,37.9816,38.1533,38.3248,38.4961,38.6673,38.8383,39.0092,39.1799,39.3503,39.5206,39.6907,39.8605,40.0302,40.1996,40.3687,40.5377,40.7064,40.8748,41.043
73.204,66.911,61.1581,55.9505,51.3011,47.2272,43.7409,40.8355,38.473,36.5863,35.0939,33.9163,32.9851,32.2464,31.6584,31.1897,30.8164,30.5204,30.2877,30.1074,29.971,29.8715,29.8036,29.7626,29.7449,29.7475,29.7678,29.8036,29.8531,29.9147,29.9871,30.0692,30.1598,30.2581,30.3633,30.4748,30.592,30.7143,30.8412,30.9723,31.1072,31.2456,31.3872,31.5316,31.6787,31.8283,31.98,32.1337,32.2893,32.4465,32.6053,32.7654,32.9269,33.0895,33.2532,33.4178,33.5834,33.7497,33.9167,34.0844,34.2527,34.4215,34.5908,34.7605,34.9306,35.101,35.2717,35.4426,35.6138,35.7851,35.9566,36.1282,36.2999,36.4717,36.6435,36.8153,36.9871,37.1589,37.3306,37.5023,37.6739,37.8455,38.0169,38.1882,38.3594,38.5304,38.7013,38.872,39.0426,39.213,39.3832,39.5532,39.7229,39.8925,40.0619,40.231,40.4,40.5686,40.7371,40.9053,41.0733
73.5252,67.238,61.4906,56.2874,51.64,47.5636,44.0687,41.148,38.765,36.8552,35.3398,34.1408,33.1908,32.4355,31.8332,31.3522,30.9682,30.6629,30.422,30.2344,30.0916,29.9864,29.9132,29.8676,29.8457,29.8445,29.8612,29.8938,29.9403,29.9991,30.069,30.1486,30.237,30.3332,30.4365,30.5461,30.6615,30.7821,30.9075,31.0371,31.1706,31.3077,31.448,31.5913,31.7373,31.8857,32.0363,32.1891,32.3437,32.5,32.6579,32.8172,32.9778,33.1396,33.3025,33.4664,33.6313,33.7969,33.9633,34.1303,34.298,34.4662,34.6349,34.8041,34.9736,35.1435,35.3137,35.4841,35.6548,35.8256,35.9967,36.1678,36.3391,36.5104,36.6818,36.8532,37.0246,37.196,37.3674,37.5387,37.71,37.8812,38.0522,38.2232,38.3941,38.5648,38.7354,38.9058,39.076,39.2461,39.416,39.5858,39.7553,39.9246,40.0937,40.2626,40.4312,40.5997,40.7679,40.9358,41.1036
73.8448,67.563,61.8208,56.6217,51.9759,47.8969,44.3937,41.4582,39.0554,37.1232,35.5853,34.3654,33.3965,32.6248,32.0083,31.5149,31.1202,30.8056,30.5565,30.3617,30.2124,30.1015,30.0232,29.9729,29.9467,29.9416,29.9548,29.9841,30.0276,30.0837,30.151,30.2282,30.3143,30.4084,30.5097,30.6175,30.7312,30.8502,30.974,31.1021,31.2342,31.37,31.509,31.6511,31.7959,31.9432,32.0928,32.2445,32.3982,32.5535,32.7105,32.869,33.0288,33.1898,33.352,33.5152,33.6793,33.8442,34.0099,34.1763,34.3434,34.511,34.6791,34.8477,35.0167,35.186,35.3557,35.5256,35.6958,35.8662,36.0368,36.2075,36.3783,36.5492,36.7202,36.8912,37.0622,37.2332,37.4042,37.5752,37.7461,37.9169,38.0877,38.2583,38.4288,38.5992,38.7695,38.9396,39.1096,39.2794,39.449,39.6184,39.7877,39.9567,40.1255,40.2942,40.4626,40.6308,40.7987,40.9665,41.134
74.1628,67.886,62.1486,56.9533,52.3089,48.2273,44.7159,41.7663,39.3442,37.3903,35.8304,34.5897,33.6023,32.8143,32.1836,31.6779,31.2725,30.9485,30.6912,30.4892,30.3335,30.2168,30.1333,30.0783,30.0479,30.0389,30.0486,30.0747,30.1152,30.1684,30.2331,30.3079,30.3918,30.4838,30.5831,30.6891,30.801,30.9183,31.0405,31.1672,31.2979,31.4323,31.5701,31.711,31.8546,32.0008,32.1494,32.3001,32.4527,32.6072,32.7633,32.9209,33.0799,33.2401,33.4015,33.564,33.7273,33.8916,34.0567,34.2224,34.3889,34.5559,34.7234,34.8914,35.0599,35.2287,35.3978,35.5673,35.737,35.9069,36.077,36.2472,36.4176,36.5881,36.7586,36.9292,37.0999,37.2705,37.4411,37.6117,37.7823,37.9527,38.1231,38.2935,38.4637,38.6337,38.8037,38.9735,39.1432,39.3127,39.482,39.6512,39.8201,39.9889,40.1575,40.3258,40.494,40.6619,40.8296,40.9971,41.1644
74.4791,68.2072,62.4743,57.2824,52.6391,48.5549,45.0355,42.0721,39.6316,37.6565,36.075,34.814,33.8082,33.0039,32.3591,31.8412,31.4251,31.0917,30.8262,30.617,30.4547,30.3323,30.2436,30.184,30.1493,30.1365,30.1426,30.1653,30.2028,30.2533,30.3154,30.3878,30.4694,30.5593,30.6567,30.7607,30.8709,30.9866,31.1072,31.2324,31.3617,31.4948,31.6313,31.771,31.9134,32.0586,32.2061,32.3557,32.5074,32.661,32.8162,32.9729,33.1311,33.2905,33.4511,33.6128,33.7755,33.9391,34.1035,34.2686,34.4344,34.6008,34.7678,34.9352,35.1031,35.2714,35.44,35.609,35.7782,35.9476,36.1172,36.287,36.457,36.627,36.7972,36.9674,37.1376,37.3079,37.4781,37.6483,37.8185,37.9886,38.1587,38.3287,38.4986,38.6683,38.838,39.0075,39.1768,39.346,39.5151,39.6839,39.8526,40.0211,40.1894,40.3576,40.5255,40.6932,40.8606,41.0279,41.1949
74.7939,68.5265,62.7978,57.609,52.9667,48.8797,45.3526,42.3759,39.9174,37.9217,36.3191,35.038,34.014,33.1937,32.5348,32.0046,31.5779,31.2352,30.9614,30.7449,30.5762,30.448,30.3541,30.2898,30.2509,30.2341,30.2367,30.2562,30.2906,30.3383,30.3978,30.4678,30.5471,30.6349,30.7303,30.8325,30.9409,31.0549,31.174,31.2977,31.4257,31.5574,31.6926,31.831,31.9724,32.1164,32.2628,32.4115,32.5622,32.7148,32.8691,33.025,33.1823,33.341,33.5008,33.6618,33.8238,33.9867,34.1504,34.3149,34.48,34.6458,34.8122,34.9791,35.1464,35.3142,35.4823,35.6507,35.8194,35.9884,36.1576,36.3269,36.4964,36.6661,36.8358,37.0056,37.1754,37.3453,37.5151,37.685,37.8548,38.0246,38.1943,38.364,38.5335,38.703,38.8723,39.0415,39.2105,39.3795,39.5482,39.7168,39.8852,40.0534,40.2215,40.3893,40.557,40.7244,40.8917,41.0587,41.2254
75.1071,68.844,63.1192,57.9332,53.2916,49.2018,45.6671,42.6775,40.2016,38.1859,36.5626,35.2618,34.2198,33.3836,32.7107,32.1683,31.7309,31.3788,31.0969,30.8731,30.6979,30.5639,30.4649,30.3958,30.3526,30.332,30.3309,30.3472,30.3786,30.4235,30.4804,30.5479,30.625,30.7107,30.8041,30.9044,31.0111,31.1234,31.2409,31.3632,31.4897,31.6201,31.754,31.8912,32.0314,32.1743,32.3197,32.4673,32.6171,32.7688,32.9222,33.0772,33.2337,33.3916,33.5506,33.7109,33.8721,34.0343,34.1973,34.3612,34.5257,34.6909,34.8567,35.023,35.1898,35.357,35.5246,35.6926,35.8608,36.0293,36.198,36.3669,36.5359,36.7051,36.8744,37.0438,37.2133,37.3828,37.5522,37.7217,37.8912,38.0606,38.23,38.3993,38.5685,38.7376,38.9067,39.0756,39.2443,39.4129,39.5814,39.7497,39.9179,40.0858,40.2536,40.4212,40.5886,40.7558,40.9227,41.0895,41.2561
75.4189,69.1597,63.4385,58.2551,53.614,49.5213,45.9791,42.9771,40.4843,38.449,36.8056,35.4854,34.4256,33.5735,32.8867,32.3321,31.8841,31.5227,31.2325,31.0015,30.8198,30.68,30.5757,30.502,30.4545,30.43,30.4254,30.4383,30.4667,30.5088,30.563,30.6282,30.703,30.7866,30.878,30.9764,31.0813,31.192,31.308,31.4287,31.5538,31.6828,31.8155,31.9515,32.0905,32.2323,32.3766,32.5233,32.6721,32.8228,32.9753,33.1295,33.2851,33.4422,33.6005,33.76,33.9205,34.082,34.2444,34.4076,34.5715,34.7361,34.9013,35.067,35.2333,35.4,35.567,35.7345,35.9022,36.0702,36.2385,36.4069,36.5755,36.7443,36.9132,37.0822,37.2512,37.4203,37.5894,37.7585,37.9276,38.0967,38.2657,38.4347,38.6036,38.7724,38.9411,39.1097,39.2782,39.4465,39.6147,39.7827,39.9505,40.1182,40.2858,40.4531,40.6202,40.7872,40.9539,41.1204,41.2867
75.7291,69.4737,63.7559,58.5748,53.9339,49.8383,46.2888,43.2746,40.7655,38.7112,37.0479,35.7086,34.6313,33.7635,33.0628,32.4961,32.0374,31.6668,31.3684,31.13,30.9419,30.7963,30.6868,30.6083,30.5566,30.5281,30.5199,30.5296,30.5549,30.5942,30.6459,30.7085,30.7811,30.8625,30.952,31.0486,31.1517,31.2607,31.3751,31.4943,31.618,31.7457,31.8771,32.0119,32.1497,32.2904,32.4337,32.5793,32.7271,32.8769,33.0285,33.1818,33.3367,33.4929,33.6505,33.8092,33.969,34.1298,34.2915,34.4541,34.6174,34.7814,34.946,35.1111,35.2768,35.443,35.6095,35.7764,35.9437,36.1112,36.279,36.447,36.6152,36.7835,36.952,37.1206,37.2892,37.4579,37.6266,37.7954,37.9641,38.1329,38.3016,38.4702,38.6387,38.8072,38.9756,39.1439,39.312,39.4801,39.648,39.8157,39.9833,40.1507,40.318,40.485,40.6519,40.8186,40.9851,41.1514,41.3175
76.0379,69.7861,64.0714,58.8923,54.2515,50.1528,46.5962,43.5701,41.0451,38.9723,37.2897,35.9315,34.8369,33.9535,33.2391,32.6603,32.191,31.811,31.5044,31.2588,31.0642,30.9127,30.798,30.7148,30.6588,30.6264,30.6146,30.621,30.6433,30.6797,30.7288,30.789,30.8593,30.9386,31.0261,31.1208,31.2222,31.3295,31.4423,31.56,31.6823,31.8087,31.9388,32.0723,32.209,32.3486,32.4908,32.6354,32.7822,32.9311,33.0818,33.2342,33.3882,33.5437,33.7005,33.8585,34.0176,34.1777,34.3387,34.5006,34.6633,34.8267,34.9907,35.1553,35.3204,35.486,35.6521,35.8185,35.9852,36.1523,36.3196,36.4871,36.6549,36.8228,36.9908,37.159,37.3273,37.4956,37.6639,37.8323,38.0007,38.1691,38.3374,38.5057,38.6739,38.8421,39.0102,39.1781,39.346,39.5137,39.6813,39.8488,40.0161,40.1833,40.3502,40.517,40.6837,40.8501,41.0163,41.1824,41.3482
76.3454,70.0968,64.3849,59.2077,54.5668,50.465,46.9012,43.8637,41.3232,39.2323,37.5307,36.1541,35.0423,34.1435,33.4154,32.8245,32.3447,31.9554,31.6406,31.3877,31.1866,31.0293,30.9094,30.8214,30.7611,30.7248,30.7095,30.7125,30.7318,30.7654,30.8118,30.8696,30.9377,31.0148,31.1003,31.1931,31.2927,31.3984,31.5096,31.6259,31.7467,31.8717,32.0005,32.1329,32.2684,32.4068,32.548,32.6916,32.8374,32.9853,33.1352,33.2867,33.4399,33.5946,33.7506,33.9078,34.0662,34.2256,34.386,34.5472,34.7093,34.872,35.0355,35.1995,35.3641,35.5292,35.6947,35.8606,36.0268,36.1934,36.3603,36.5274,36.6947,36.8621,37.0298,37.1975,37.3654,37.5333,37.7013,37.8693,38.0373,38.2053,38.3733,38.5413,38.7092,38.877,39.0448,39.2125,39.38,39.5475,39.7148,39.8819,40.049,40.2158,40.3826,40.5491,40.7155,40.8817,41.0477,41.2135,41.3791
76.6514,70.4059,64.6967,59.521,54.8798,50.7748,47.2041,44.1553,41.5997,39.4913,37.7711,36.3763,35.2476,34.3334,33.5917,32.9889,32.4985,32.0999,31.7769,31.5167,31.3092,31.1461,31.0209,30.9282,30.8636,30.8234,30.8044,30.8041,30.8204,30.8512,30.895,30.9504,31.0161,31.0911,31.1746,31.2655,31.3634,31.4674,31.577,31.6918,31.8112,31.9348,32.0624,32.1935,32.3278,32.4652,32.6052,32.7478,32.8927,33.0397,33.1886,33.3393,33.4917,33.6455,33.8007,33.9572,34.1149,34.2736,34.4333,34.5939,34.7553,34.9175,35.0803,35.2438,35.4078,35.5724,35.7373,35.9027,36.0685,36.2346,36.401,36.5676,36.7345,36.9015,37.0688,37.2361,37.4036,37.5711,37.7387,37.9063,38.074,38.2417,38.4093,38.5769,38.7445,38.912,39.0795,39.2468,39.4141,39.5812,39.7482,39.9151,40.0819,40.2485,40.4149,40.5812,40.7473,40.9133,41.079,41.2446,41.4099
76.956,70.7134,65.0066,59.8323,55.1906,51.0824,47.5048,44.445,41.8748,39.7492,38.0108,36.5981,35.4526,34.5233,33.7681,33.1534,32.6525,32.2446,31.9134,31.6459,31.4319,31.263,31.1326,31.0351,30.9662,30.922,30.8995,30.8959,30.9091,30.9371,30.9782,31.0312,31.0946,31.1675,31.249,31.3381,31.4341,31.5364,31.6445,31.7577,31.8757,31.998,32.1243,32.2542,32.3874,32.5236,32.6626,32.8041,32.948,33.0941,33.2421,33.3919,33.5435,33.6965,33.851,34.0067,34.1637,34.3217,34.4807,34.6407,34.8015,34.963,35.1253,35.2882,35.4516,35.6156,35.7801,35.945,36.1102,36.2759,36.4418,36.608,36.7744,36.941,37.1078,37.2747,37.4418,37.6089,37.7762,37.9434,38.1107,38.2781,38.4454,38.6126,38.7799,38.9471,39.1142,39.2812,39.4482,39.615,39.7818,39.9484,40.1149,40.2812,40.4474,40.6134,40.7792,40.9449,41.1104,41.2757,41.4409
77.2594,71.0195,65.3148,60.1417,55.4994,51.3879,47.8035,44.7329,42.1484,40.006,38.2498,36.8195,35.6575,34.7132,33.9445,33.3179,32.8065,32.3894,32.05,31.7752,31.5547,31.38,31.2443,31.1422,31.0689,31.0208,30.9947,30.9878,30.9979,31.0231,31.0616,31.1121,31.1733,31.244,31.3234,31.4107,31.5049,31.6056,31.712,31.8238,31.9404,32.0613,32.1863,32.315,32.447,32.5821,32.72,32.8605,33.0035,33.1486,33.2957,33.4447,33.5953,33.7476,33.9013,34.0563,34.2125,34.3698,34.5282,34.6875,34.8476,35.0086,35.1702,35.3326,35.4955,35.6589,35.8229,35.9873,36.152,36.3172,36.4826,36.6484,36.8143,36.9805,37.1469,37.3134,37.4801,37.6468,37.8137,37.9806,38.1475,38.3145,38.4814,38.6484,38.8153,38.9822,39.149,39.3157,39.4824,39.6489,39.8154,39.9817,40.1479,40.3139,40.4799,40.6456,40.8112,40.9766,41.1419,41.307,41.4718
77.5614,71.324,65.6214,60.4492,55.8061,51.6912,48.1,45.019,42.4205,40.2617,38.4881,37.0405,35.8621,34.9029,34.121,33.4825,32.9606,32.5343,32.1867,31.9047,31.6777,31.4971,31.3562,31.2493,31.1718,31.1197,31.09,31.0798,31.0868,31.1091,31.1451,31.1931,31.252,31.3206,31.398,31.4833,31.5758,31.6748,31.7797,31.8899,32.0051,32.1247,32.2484,32.3758,32.5067,32.6406,32.7775,32.917,33.0589,33.2031,33.3493,33.4974,33.6473,33.7987,33.9516,34.1059,34.2614,34.418,34.5757,34.7344,34.8939,35.0542,35.2153,35.377,35.5394,35.7023,35.8657,36.0296,36.1939,36.3585,36.5235,36.6888,36.8543,37.0201,37.1861,37.3522,37.5184,37.6848,37.8513,38.0178,38.1844,38.351,38.5176,38.6842,38.8508,39.0173,39.1838,39.3502,39.5166,39.6828,39.849,40.015,40.181,40.3467,40.5124,40.6779,40.8432,41.0084,41.1734,41.3382,41.5029
77.8622,71.627,65.9262,60.7548,56.1108,51.9925,48.3946,45.3033,42.6912,40.5163,38.7256,37.261,36.0665,35.0926,34.2974,33.6471,33.1149,32.6793,32.3236,32.0343,31.8008,31.6144,31.4683,31.3566,31.2747,31.2187,31.1854,31.1718,31.1758,31.1953,31.2286,31.2742,31.3308,31.3973,31.4727,31.5561,31.6468,31.7441,31.8474,31.9562,32.0699,32.1881,32.3105,32.4367,32.5664,32.6993,32.8351,32.9736,33.1145,33.2577,33.403,33.5503,33.6993,33.8499,34.002,34.1556,34.3103,34.4663,34.6233,34.7813,34.9402,35.0999,35.2604,35.4216,35.5834,35.7457,35.9086,36.072,36.2358,36.4,36.5645,36.7293,36.8944,37.0597,37.2253,37.391,37.5568,37.7228,37.8889,38.055,38.2213,38.3875,38.5538,38.7201,38.8863,39.0525,39.2187,39.3848,39.5509,39.7168,39.8827,40.0484,40.2141,40.3796,40.545,40.7102,40.8753,41.0402,41.205,41.3695,41.5339
78.1617,71.9287,66.2295,61.0586,56.4135,52.2917,48.6872,45.5858,42.9604,40.7699,38.9624,37.481,36.2706,35.2821,34.4737,33.8118,33.2692,32.8244,32.4605,32.164,31.924,31.7318,31.5804,31.464,31.3778,31.3179,31.2809,31.264,31.2649,31.2816,31.3122,31.3554,31.4097,31.474,31.5474,31.6289,31.7179,31.8135,31.9152,32.0224,32.1347,32.2516,32.3728,32.4977,32.6262,32.758,32.8927,33.0301,33.1701,33.3124,33.4568,33.6032,33.7513,33.9012,34.0525,34.2053,34.3593,34.5146,34.6709,34.8283,34.9865,35.1457,35.3056,35.4662,35.6274,35.7892,35.9516,36.1145,36.2778,36.4415,36.6055,36.7699,36.9345,37.0994,37.2645,37.4298,37.5953,37.7609,37.9266,38.0924,38.2582,38.4241,38.59,38.756,38.9219,39.0878,39.2536,39.4194,39.5852,39.7508,39.9164,40.0819,40.2472,40.4125,40.5776,40.7426,40.9074,41.0721,41.2366,41.4009,41.5651
78.46,72.2289,66.5311,61.3607,56.7144,52.589,48.978,45.8666,43.2282,41.0224,39.1984,37.7005,36.4745,35.4714,34.65,33.9765,33.4235,32.9696,32.5975,32.2937,32.0472,31.8493,31.6926,31.5714,31.4809,31.4171,31.3765,31.3563,31.3541,31.3679,31.3959,31.4366,31.4886,31.5508,31.6222,31.7019,31.789,31.8829,31.9831,32.0888,32.1997,32.3152,32.435,32.5588,32.6861,32.8167,32.9504,33.0868,33.2258,33.3671,33.5106,33.6561,33.8035,33.9525,34.1031,34.2551,34.4084,34.563,34.7186,34.8753,35.033,35.1915,35.3508,35.5108,35.6715,35.8328,35.9946,36.157,36.3198,36.483,36.6466,36.8105,36.9747,37.1391,37.3038,37.4687,37.6338,37.799,37.9643,38.1297,38.2952,38.4607,38.6263,38.7919,38.9575,39.1231,39.2886,39.4541,39.6195,39.7849,39.9502,40.1154,40.2805,40.4454,40.6103,40.775,40.9395,41.104,41.2682,41.4323,41.5962
78.7571,72.5278,66.8312,61.6611,57.0135,52.8844,49.2669,46.1458,43.4946,41.2738,39.4336,37.9196,36.678,35.6607,34.8263,34.1411,33.5779,33.1148,32.7346,32.4236,32.1706,31.9668,31.8049,31.679,31.5842,31.5164,31.4721,31.4486,31.4434,31.4544,31.4797,31.518,31.5677,31.6277,31.6971,31.7748,31.8602,31.9525,32.051,32.1552,32.2647,32.3788,32.4974,32.6199,32.746,32.8755,33.0081,33.1435,33.2815,33.4219,33.5645,33.7092,33.8556,34.0039,34.1537,34.3049,34.4575,34.6114,34.7664,34.9224,35.0794,35.2373,35.396,35.5555,35.7156,35.8764,36.0377,36.1995,36.3618,36.5246,36.6877,36.8511,37.0149,37.1789,37.3432,37.5077,37.6723,37.8371,38.0021,38.1671,38.3322,38.4974,38.6627,38.8279,38.9932,39.1584,39.3236,39.4888,39.654,39.819,39.984,40.1489,40.3137,40.4784,40.643,40.8074,40.9717,41.1359,41.2999,41.4638,41.6275
79.053,72.8253,67.1298,61.9598,57.3107,53.178,49.554,46.4233,43.7596,41.5241,39.6681,38.1381,36.8812,35.8497,35.0025,34.3058,33.7323,33.2601,32.8718,32.5535,32.2941,32.0845,31.9173,31.7867,31.6875,31.6157,31.5679,31.5411,31.5328,31.5409,31.5636,31.5994,31.6468,31.7047,31.772,31.8479,31.9315,32.022,32.119,32.2217,32.3297,32.4425,32.5598,32.6811,32.806,32.9344,33.0659,33.2003,33.3373,33.4768,33.6185,33.7622,33.9079,34.0553,34.2043,34.3548,34.5067,34.6599,34.8142,34.9696,35.126,35.2832,35.4413,35.6002,35.7598,35.92,36.0808,36.2421,36.404,36.5662,36.7288,36.8918,37.0552,37.2188,37.3826,37.5467,37.7109,37.8753,38.0399,38.2046,38.3693,38.5342,38.699,38.864,39.0289,39.1938,39.3587,39.5236,39.6884,39.8532,40.0179,40.1825,40.347,40.5114,40.6757,40.8399,41.004,41.1679,41.3316,41.4953,41.6587
79.3477,73.1215,67.427,62.2569,57.6062,53.4698,49.8393,46.6992,44.0232,41.7733,39.9018,38.3561,37.0841,36.0385,35.1786,34.4704,33.8867,33.4054,33.0091,32.6836,32.4176,32.2022,32.0298,31.8944,31.7909,31.7152,31.6637,31.6336,31.6222,31.6275,31.6475,31.6808,31.726,31.7817,31.847,31.921,32.0028,32.0917,32.187,32.2882,32.3948,32.5063,32.6222,32.7423,32.8661,32.9934,33.1238,33.2571,33.3932,33.5317,33.6725,33.8153,33.9602,34.1068,34.255,34.4048,34.5559,34.7084,34.862,35.0168,35.1725,35.3292,35.4867,35.645,35.804,35.9637,36.124,36.2848,36.4461,36.6079,36.7701,36.9326,37.0955,37.2586,37.4221,37.5857,37.7496,37.9136,38.0778,38.2421,38.4065,38.5709,38.7355,38.9001,39.0647,39.2293,39.3938,39.5584,39.7229,39.8874,40.0518,40.2161,40.3804,40.5445,40.7085,40.8725,41.0363,41.1999,41.3634,41.5268,41.69
79.6413,73.4164,67.7227,62.5524,57.9,53.7598,50.1229,46.9735,44.2855,42.0215,40.1347,38.5735,37.2867,36.2272,35.3546,34.635,34.0411,33.5508,33.1463,32.8136,32.5413,32.32,32.1424,32.0022,31.8944,31.8147,31.7596,31.7261,31.7117,31.7141,31.7315,31.7624,31.8052,31.8588,31.9221,31.9942,32.0742,32.1614,32.2551,32.3548,32.46,32.5701,32.6847,32.8036,32.9262,33.0523,33.1817,33.314,33.4491,33.5866,33.7265,33.8685,34.0125,34.1583,34.3058,34.4548,34.6052,34.757,34.9099,35.064,35.2191,35.3752,35.5321,35.6899,35.8483,36.0074,36.1672,36.3275,36.4883,36.6496,36.8113,36.9734,37.1358,37.2986,37.4616,37.6248,37.7883,37.9519,38.1157,38.2796,38.4437,38.6078,38.772,38.9362,39.1005,39.2647,39.429,39.5933,39.7575,39.9216,40.0858,40.2498,40.4138,40.5776,40.7414,40.9051,41.0686,41.232,41.3953,41.5584,41.7213
79.9338,73.7101,68.0169,62.8463,58.1921,54.0481,50.4048,47.2463,44.5465,42.2687,40.3669,38.7905,37.4888,36.4156,35.5304,34.7996,34.1955,33.6962,33.2837,32.9438,32.6649,32.4379,32.255,32.1101,31.9979,31.9143,31.8556,31.8188,31.8012,31.8008,31.8156,31.844,31.8845,31.9359,31.9972,32.0674,32.1456,32.2311,32.3233,32.4215,32.5252,32.634,32.7473,32.8649,32.9864,33.1114,33.2397,33.371,33.505,33.6416,33.7806,33.9217,34.0649,34.2099,34.3566,34.5048,34.6545,34.8056,34.9579,35.1113,35.2658,35.4212,35.5776,35.7347,35.8926,36.0512,36.2105,36.3703,36.5306,36.6914,36.8526,37.0142,37.1762,37.3385,37.5011,37.6639,37.827,37.9902,38.1537,38.3172,38.4809,38.6446,38.8085,38.9724,39.1363,39.3003,39.4642,39.6282,39.7921,39.9559,40.1198,40.2835,40.4472,40.6108,40.7743,40.9377,41.101,41.2641,41.4271,41.59,41.7527
80.2252,74.0025,68.3098,63.1388,58.4826,54.3347,50.6851,47.5175,44.8062,42.5148,40.5982,39.0068,37.6907,36.6038,35.7062,34.964,34.3499,33.8416,33.421,33.0739,32.7887,32.5558,32.3677,32.218,32.1015,32.014,31.9516,31.9115,31.8908,31.8876,31.8997,31.9256,31.9638,32.0131,32.0724,32.1407,32.2171,32.301,32.3915,32.4882,32.5905,32.6979,32.8099,32.9263,33.0466,33.1705,33.2977,33.4279,33.561,33.6967,33.8347,33.975,34.1173,34.2615,34.4074,34.5549,34.7039,34.8543,35.0059,35.1587,35.3125,35.4673,35.6231,35.7797,35.937,36.0951,36.2538,36.4131,36.5729,36.7332,36.894,37.0551,37.2167,37.3785,37.5407,37.7031,37.8658,38.0286,38.1917,38.3548,38.5181,38.6816,38.845,39.0086,39.1722,39.3358,39.4995,39.6631,39.8267,39.9903,40.1538,40.3173,40.4807,40.644,40.8072,40.9703,41.1334,41.2963,41.459,41.6217,41.7841
80.5155,74.2937,68.6014,63.4297,58.7716,54.6197,50.9638,47.7873,45.0645,42.7598,40.8288,39.2226,37.8921,36.7918,35.8817,35.1285,34.5043,33.987,33.5584,33.2042,32.9124,32.6738,32.4804,32.326,32.2052,32.1137,32.0477,32.0042,31.9805,31.9744,31.9839,32.0073,32.0433,32.0904,32.1476,32.214,32.2887,32.3708,32.4598,32.555,32.6558,32.7618,32.8726,32.9877,33.1068,33.2296,33.3557,33.485,33.6171,33.7518,33.8889,34.0283,34.1698,34.3132,34.4583,34.6051,34.7533,34.903,35.0539,35.2061,35.3593,35.5135,35.6686,35.8246,35.9814,36.1389,36.2971,36.4559,36.6152,36.7751,36.9354,37.0961,37.2572,37.4186,37.5803,37.7423,37.9046,38.0671,38.2297,38.3925,38.5554,38.7185,38.8816,39.0449,39.2081,39.3714,39.5347,39.6981,39.8614,40.0246,40.1879,40.3511,40.5142,40.6772,40.8402,41.0031,41.1658,41.3284,41.491,41.6534,41.8156
80.8048,74.5837,68.8916,63.7192,59.059,54.9031,51.241,48.0556,45.3217,43.0038,41.0586,39.4378,38.0932,36.9795,36.0572,35.2928,34.6587,34.1324,33.6958,33.3344,33.0363,32.7918,32.5932,32.434,32.3089,32.2134,32.1438,32.097,32.0702,32.0613,32.0681,32.0891,32.1227,32.1677,32.2229,32.2874,32.3603,32.4407,32.5281,32.6217,32.7212,32.8258,32.9353,33.0492,33.1671,33.2888,33.4138,33.542,33.6731,33.8069,33.9432,34.0817,34.2223,34.3649,34.5092,34.6552,34.8028,34.9517,35.102,35.2535,35.4061,35.5597,35.7142,35.8697,36.0259,36.1828,36.3405,36.4988,36.6576,36.817,36.9768,37.137,37.2977,37.4587,37.62,37.7816,37.9434,38.1055,38.2678,38.4302,38.5928,38.7555,38.9183,39.0812,39.2441,39.4071,39.5701,39.7331,39.8961,40.0591,40.222,40.3849,40.5477,40.7105,40.8732,41.0358,41.1983,41.3607,41.5229,41.6851,41.8471
81.093,74.8725,69.1806,64.0073,59.3449,55.185,51.5166,48.3226,45.5776,43.2468,41.2876,39.6525,38.2938,37.1669,36.2325,35.457,34.813,34.2778,33.8333,33.4647,33.1601,32.9099,32.706,32.5421,32.4127,32.3132,32.24,32.1899,32.16,32.1482,32.1524,32.1709,32.2022,32.245,32.2983,32.3608,32.4319,32.5107,32.5964,32.6886,32.7866,32.8899,32.998,33.1107,33.2274,33.348,33.472,33.5991,33.7293,33.8621,33.9974,34.1351,34.2749,34.4166,34.5602,34.7055,34.8523,35.0005,35.1501,35.3009,35.4529,35.6059,35.7599,35.9147,36.0704,36.2268,36.3839,36.5417,36.7,36.8589,37.0183,37.1781,37.3383,37.4988,37.6597,37.8209,37.9823,38.144,38.3059,38.468,38.6302,38.7925,38.955,39.1175,39.2801,39.4428,39.6054,39.7681,39.9308,40.0935,40.2562,40.4188,40.5813,40.7438,40.9062,41.0686,41.2308,41.393,41.555,41.7169,41.8786
81.3801,75.1602,69.4682,64.294,59.6293,55.4654,51.7907,48.5881,45.8322,43.4888,41.5158,39.8666,38.4941,37.3541,36.4076,35.6212,34.9672,34.4232,33.9707,33.595,33.284,33.028,32.8189,32.6502,32.5165,32.4131,32.3362,32.2827,32.2498,32.2351,32.2367,32.2527,32.2818,32.3224,32.3736,32.4343,32.5036,32.5807,32.6648,32.7555,32.852,32.954,33.0608,33.1722,33.2878,33.4072,33.5301,33.6563,33.7854,33.9173,34.0517,34.1885,34.3275,34.4684,34.6112,34.7557,34.9018,35.0494,35.1983,35.3484,35.4998,35.6521,35.8055,35.9598,36.1149,36.2708,36.4274,36.5846,36.7425,36.9009,37.0598,37.2191,37.3789,37.539,37.6995,37.8602,38.0213,38.1826,38.3441,38.5058,38.6676,38.8296,38.9917,39.1539,39.3162,39.4785,39.6408,39.8032,39.9656,40.128,40.2904,40.4527,40.615,40.7772,40.9393,41.1014,41.2634,41.4253,41.587,41.7487,41.9102
81.6663,75.4468,69.7546,64.5794,59.9123,55.7442,52.0634,48.8522,46.0857,43.7299,41.7433,40.0801,38.6939,37.541,36.5825,35.7852,35.1214,34.5685,34.1081,33.7253,33.4079,33.1461,32.9318,32.7584,32.6203,32.513,32.4325,32.3757,32.3397,32.3221,32.321,32.3346,32.3613,32.3999,32.449,32.5078,32.5753,32.6507,32.7333,32.8224,32.9175,33.0181,33.1237,33.2338,33.3482,33.4665,33.5883,33.7135,33.8416,33.9726,34.1061,34.242,34.3801,34.5202,34.6623,34.806,34.9514,35.0982,35.2465,35.396,35.5467,35.6984,35.8512,36.0049,36.1595,36.3148,36.4709,36.6276,36.785,36.9429,37.1013,37.2602,37.4195,37.5792,37.7392,37.8996,38.0603,38.2211,38.3823,38.5436,38.7051,38.8667,39.0284,39.1903,39.3522,39.5142,39.6763,39.8384,40.0004,40.1625,40.3246,40.4866,40.6486,40.8106,40.9725,41.1343,41.296,41.4576,41.6191,41.7805,41.9418
81.9515,75.7323,70.0398,64.8634,60.1939,56.0217,52.3346,49.1151,46.338,43.9699,41.9699,40.2931,38.8934,37.7277,36.7573,35.9491,35.2755,34.7138,34.2455,33.8556,33.5318,33.2642,33.0447,32.8666,32.7242,32.6129,32.5288,32.4686,32.4296,32.4092,32.4054,32.4165,32.4409,32.4773,32.5245,32.5813,32.647,32.7207,32.8017,32.8893,32.983,33.0822,33.1865,33.2955,33.4087,33.5258,33.6466,33.7707,33.8978,34.0278,34.1605,34.2955,34.4328,34.5721,34.7133,34.8563,35.001,35.1472,35.2947,35.4436,35.5936,35.7448,35.897,36.0501,36.2041,36.3589,36.5144,36.6707,36.8275,36.9849,37.1429,37.3013,37.4602,37.6194,37.7791,37.939,38.0993,38.2598,38.4205,38.5814,38.7426,38.9038,39.0652,39.2267,39.3884,39.55,39.7118,39.8735,40.0353,40.1971,40.3589,40.5206,40.6823,40.844,41.0056,41.1671,41.3286,41.49,41.6512,41.8124,41.9735
82.2357,76.0167,70.3238,65.1462,60.4741,56.2977,52.6044,49.3766,46.5891,44.2089,42.1958,40.5054,39.0924,37.914,36.9318,36.1129,35.4296,34.8591,34.3829,33.9859,33.6557,33.3824,33.1577,32.9748,32.8281,32.7128,32.6251,32.5616,32.5195,32.4962,32.4898,32.4985,32.5206,32.5548,32.5999,32.6549,32.7188,32.7908,32.8702,32.9563,33.0486,33.1464,33.2494,33.3571,33.4692,33.5852,33.7049,33.8279,33.9541,34.0832,34.2149,34.349,34.4855,34.624,34.7645,34.9067,35.0506,35.1961,35.343,35.4912,35.6406,35.7911,35.9427,36.0953,36.2487,36.403,36.558,36.7137,36.8701,37.027,37.1845,37.3425,37.5009,37.6597,37.8189,37.9785,38.1383,38.2984,38.4588,38.6193,38.7801,38.941,39.1021,39.2632,39.4245,39.5859,39.7473,39.9087,40.0702,40.2317,40.3932,40.5546,40.7161,40.8775,41.0388,41.2001,41.3613,41.5224,41.6834,41.8443,42.0051
82.519,76.3,70.6067,65.4276,60.7529,56.5723,52.8729,49.6368,46.8391,44.447,42.421,40.7172,39.291,38.1,37.1062,36.2766,35.5835,35.0043,34.5203,34.1162,33.7796,33.5006,33.2707,33.083,32.932,32.8128,32.7215,32.6547,32.6094,32.5833,32.5743,32.5805,32.6003,32.6323,32.6754,32.7285,32.7906,32.8609,32.9387,33.0233,33.1141,33.2106,33.3123,33.4188,33.5297,33.6446,33.7632,33.8852,34.0104,34.1385,34.2693,34.4026,34.5382,34.6759,34.8156,34.9571,35.1003,35.2451,35.3913,35.5388,35.6876,35.8375,35.9885,36.1405,36.2934,36.4471,36.6016,36.7568,36.9127,37.0691,37.2261,37.3836,37.5416,37.7,37.8588,38.0179,38.1774,38.3371,38.4971,38.6573,38.8176,38.9782,39.1389,39.2997,39.4607,39.6217,39.7828,39.9439,40.1051,40.2663,40.4275,40.5887,40.7498,40.9109,41.072,41.233,41.394,41.5548,41.7156,41.8763,42.0368
82.8013,76.5823,70.8884,65.7079,61.0305,56.8456,53.1401,49.8958,47.088,44.6842,42.6454,40.9284,39.4892,38.2858,37.2803,36.4401,35.7374,35.1495,34.6576,34.2464,33.9036,33.6188,33.3836,33.1913,33.0359,32.9128,32.8179,32.7477,32.6994,32.6705,32.6588,32.6625,32.68,32.7099,32.751,32.8021,32.8625,32.9311,33.0073,33.0904,33.1797,33.2749,33.3753,33.4805,33.5902,33.704,33.8215,33.9425,34.0667,34.1939,34.3238,34.4562,34.591,34.7279,34.8668,35.0075,35.15,35.2941,35.4396,35.5865,35.7346,35.884,36.0344,36.1858,36.3381,36.4913,36.6452,36.7999,36.9553,37.1113,37.2678,37.4249,37.5824,37.7404,37.8987,38.0574,38.2165,38.3758,38.5354,38.6952,38.8552,39.0154,39.1758,39.3363,39.4969,39.6576,39.8184,39.9792,40.1401,40.301,40.4619,40.6228,40.7836,40.9445,41.1053,41.266,41.4267,41.5873,41.7478,41.9082,42.0686
83.0827,76.8635,71.1689,65.9869,61.3068,57.1176,53.4059,50.1536,47.3357,44.9204,42.869,41.139,39.6869,38.4712,37.4543,36.6034,35.8912,35.2946,34.7949,34.3767,34.0275,33.7369,33.4966,33.2995,33.1399,33.0128,32.9143,32.8408,32.7894,32.7576,32.7433,32.7445,32.7597,32.7874,32.8265,32.8758,32.9343,33.0013,33.0759,33.1574,33.2454,33.3391,33.4382,33.5423,33.6508,33.7634,33.8799,33.9999,34.1231,34.2493,34.3783,34.5098,34.6437,34.7798,34.918,35.058,35.1997,35.3431,35.4879,35.6342,35.7817,35.9304,36.0802,36.2311,36.3828,36.5355,36.6889,36.8431,36.9979,37.1534,37.3095,37.4661,37.6232,37.7807,37.9387,38.097,38.2556,38.4145,38.5738,38.7332,38.8929,39.0527,39.2127,39.3729,39.5331,39.6935,39.854,40.0145,40.1751,40.3356,40.4963,40.6569,40.8175,40.978,41.1386,41.299,41.4595,41.6198,41.7801,41.9403,42.1003
83.3631,77.1438,71.4484,66.2647,61.5818,57.3883,53.6705,50.4101,47.5824,45.1556,43.0918,41.349,39.8842,38.6563,37.628,36.7667,36.0448,35.4396,34.9321,34.5069,34.1514,33.8551,33.6096,33.4078,33.2439,33.1129,33.0107,32.9339,32.8794,32.8448,32.8278,32.8265,32.8394,32.865,32.9021,32.9494,33.0062,33.0715,33.1445,33.2245,33.311,33.4034,33.5012,33.604,33.7114,33.8229,33.9383,34.0572,34.1795,34.3047,34.4328,34.5635,34.6966,34.8319,34.9692,35.1085,35.2495,35.3921,35.5363,35.6819,35.8288,35.9769,36.1261,36.2764,36.4276,36.5797,36.7326,36.8863,37.0406,37.1956,37.3512,37.5074,37.664,37.8211,37.9786,38.1365,38.2948,38.4533,38.6121,38.7712,38.9305,39.09,39.2497,39.4095,39.5694,39.7295,39.8896,40.0498,40.2101,40.3704,40.5307,40.691,40.8513,41.0116,41.1719,41.3321,41.4922,41.6523,41.8124,41.9723,42.1321
