CO2 Density [kg/m3] Mixed
609.537,249.389,215.102,194.996,180.732,169.698,160.722,153.174,146.677,140.984,135.926,131.384,127.266,123.506,120.049,116.854,113.886,111.118,108.526,106.091,103.796,101.629,99.5755,97.6266,95.7727,94.0059,92.3193,90.7066,89.1622,87.6813,86.2594,84.8925,83.577,82.3096,81.0874,79.9076,78.7678,77.6657,76.5992,75.5664,74.5654,73.5947,72.6528,71.7382,70.8496,69.9857,69.1455,68.3279,67.5319,66.7565,66.0009,65.2642,64.5457,63.8446,63.1603,62.492,61.8392,61.2013,60.5778,59.9681,59.3717,58.7882,58.217,57.6579,57.1103,56.574,56.0484,55.5334,55.0285,54.5334,54.0478,53.5715,53.1041,52.6454,52.1951,51.753,51.3188,50.8924,50.4734,50.0618,49.6572,49.2596,48.8686,48.4842,48.1061,47.7343,47.3684,47.0085,46.6543,46.3057,45.9625,45.6246,45.292,44.9644,44.6417,44.3239,44.0108,43.7023,43.3983,43.0987,42.8034
641.049,265.581,224.72,202.308,186.805,174.978,165.441,157.472,150.643,144.68,139.398,134.665,130.384,126.48,122.897,119.589,116.52,113.659,110.984,108.472,106.108,103.875,101.761,99.7558,97.8493,96.0332,94.3002,92.6438,91.0582,89.5382,88.0792,86.6771,85.3281,84.0288,82.776,81.5671,80.3993,79.2704,78.1782,77.1206,76.0959,75.1023,74.1383,73.2023,72.2931,71.4094,70.55,69.7138,68.8997,68.1068,67.3343,66.5811,65.8466,65.13,64.4306,63.7476,63.0805,62.4287,61.7916,61.1687,60.5594,59.9633,59.38,58.8088,58.2496,57.7018,57.1651,56.6391,56.1236,55.618,55.1222,54.6359,54.1587,53.6904,53.2307,52.7794,52.3362,51.9009,51.4733,51.0531,50.6402,50.2344,49.8354,49.443,49.0572,48.6777,48.3044,47.9371,47.5757,47.2199,46.8698,46.525,46.1856,45.8514,45.5222,45.1979,44.8785,44.5637,44.2536,43.9479,43.6467
660.193,284.818,235.066,209.962,193.083,180.396,170.26,161.845,154.668,148.424,142.91,137.98,133.529,129.478,125.765,122.341,119.169,116.215,113.454,110.865,108.428,106.129,103.954,101.892,99.9321,98.0661,96.2862,94.5856,92.9583,91.3988,89.9025,88.4648,87.082,85.7504,84.467,83.2286,82.0327,80.8768,79.7587,78.6762,77.6276,76.6109,75.6247,74.6673,73.7375,72.8338,71.9551,71.1001,70.268,69.4575,68.6679,67.8983,67.1477,66.4155,65.701,65.0033,64.3219,63.6561,63.0054,62.3692,61.7471,61.1384,60.5427,59.9596,59.3886,58.8294,58.2815,57.7446,57.2183,56.7023,56.1963,55.7,55.213,54.7351,54.266,53.8054,53.3532,52.909,52.4727,52.044,51.6228,51.2087,50.8016,50.4014,50.0078,49.6207,49.2399,48.8652,48.4965,48.1337,47.7765,47.4249,47.0788,46.7379,46.4021,46.0714,45.7456,45.4246,45.1083,44.7966,44.4894
674.412,308.619,246.267,217.994,199.579,185.957,175.182,166.295,158.753,152.216,146.46,141.327,136.702,132.5,128.654,125.112,121.833,118.784,115.936,113.268,110.758,108.392,106.155,104.035,102.021,100.104,98.2771,96.5319,94.8624,93.2632,91.729,90.2556,88.8386,87.4746,86.1601,84.8921,83.6679,82.4848,81.3406,80.2332,79.1604,78.1206,77.1121,76.1332,75.1826,74.2588,73.3607,72.487,71.6366,70.8086,70.0019,69.2157,68.449,67.7012,66.9714,66.259,65.5632,64.8834,64.2191,63.5696,62.9345,62.3132,61.7052,61.1101,60.5274,59.9567,59.3976,58.8497,58.3127,57.7863,57.27,56.7636,56.2668,55.7793,55.3008,54.831,54.3697,53.9167,53.4717,53.0345,52.6048,52.1825,51.7674,51.3593,50.9579,50.5632,50.1749,49.7928,49.4169,49.0469,48.6828,48.3243,47.9714,47.6238,47.2815,46.9444,46.6122,46.285,45.9626,45.6448,45.3317
685.885,339.782,258.48,226.443,206.308,191.67,180.211,170.826,162.9,156.058,150.052,144.708,139.904,135.546,131.563,127.9,124.513,121.367,118.431,115.681,113.098,110.664,108.363,106.185,104.116,102.148,100.273,98.4827,96.7707,95.1312,93.5589,92.0493,90.598,89.2012,87.8555,86.5577,85.3049,84.0945,82.9241,81.7914,80.6945,79.6314,78.6004,77.5999,76.6284,75.6845,74.7669,73.8743,73.0057,72.16,71.3361,70.5333,69.7505,68.987,68.2419,67.5147,66.8045,66.1107,65.4327,64.7699,64.1218,63.4878,62.8675,62.2603,61.6658,61.0837,60.5133,59.9545,59.4068,58.8699,58.3433,57.8269,57.3203,56.8231,56.3352,55.8562,55.3858,54.9239,54.4702,54.0244,53.5864,53.1559,52.7327,52.3167,51.9075,51.5051,51.1093,50.7199,50.3368,49.9597,49.5885,49.2232,48.8634,48.5092,48.1604,47.8168,47.4783,47.1449,46.8163,46.4925,46.1734
695.583,383.601,271.905,235.352,213.287,197.542,185.351,175.438,167.111,159.951,153.684,148.123,143.134,138.616,134.493,130.707,127.209,123.963,120.937,118.106,115.447,112.944,110.579,108.341,106.217,104.198,102.274,100.438,98.6829,97.0028,95.3921,93.846,92.3601,90.9303,89.5531,88.2252,86.9437,85.7058,84.509,83.351,82.2298,81.1433,80.0897,79.0675,78.075,77.1108,76.1736,75.2621,74.3751,73.5117,72.6706,71.8511,71.0521,70.2728,69.5125,68.7704,68.0457,67.3379,66.6462,65.9701,65.3089,64.6623,64.0296,63.4103,62.8041,62.2104,61.6288,61.059,60.5005,59.9531,59.4163,58.8898,58.3733,57.8665,57.3691,56.8809,56.4015,55.9307,55.4682,55.0139,54.5675,54.1288,53.6975,53.2735,52.8566,52.4466,52.0433,51.6465,51.2561,50.8719,50.4937,50.1215,49.755,49.3941,49.0387,48.6887,48.3439,48.0042,47.6695,47.3396,47.0145
704.03,446.336,286.793,244.773,220.533,203.582,190.606,180.135,171.387,163.894,157.358,151.572,146.392,141.71,137.444,133.531,129.921,126.573,123.456,120.541,117.806,115.232,112.803,110.504,108.325,106.253,104.28,102.398,100.599,98.8781,97.2286,95.6457,94.1248,92.6618,91.2529,89.8948,88.5843,87.3187,86.0954,84.9119,83.7662,82.6561,81.5799,80.5358,79.5222,78.5377,77.5808,76.6503,75.745,74.8637,74.0054,73.169,72.3538,71.5588,70.7831,70.0261,69.2869,68.565,67.8596,67.1701,66.4959,65.8365,65.1914,64.5601,63.942,63.3368,62.744,62.1631,61.5939,61.0359,60.4888,59.9523,59.4259,58.9095,58.4026,57.9051,57.4166,56.937,56.4658,56.0029,55.5481,55.1012,54.6618,54.2299,53.8052,53.3875,52.9767,52.5726,52.1749,51.7836,51.3984,51.0193,50.646,50.2785,49.9165,49.5601,49.2089,48.863,48.5221,48.1862,47.8552
711.545,509.296,303.457,254.763,228.066,209.796,195.981,184.92,175.729,167.89,161.074,155.056,149.68,144.829,140.416,136.373,132.648,129.197,125.986,122.987,120.174,117.529,115.034,112.675,110.438,108.313,106.29,104.362,102.519,100.757,99.0683,97.4483,95.8921,94.3956,92.9548,91.5662,90.2266,88.9332,87.6831,86.474,85.3037,84.1699,83.071,82.0049,80.9702,79.9652,78.9886,78.039,77.1152,76.216,75.3403,74.4872,73.6557,72.8448,72.0538,71.2818,70.5281,69.792,69.0728,68.3699,67.6827,67.0106,66.353,65.7096,65.0797,64.4629,63.8588,63.2669,62.6869,62.1184,61.561,61.0144,60.4781,59.952,59.4357,58.9289,58.4314,57.9428,57.4629,56.9915,56.5283,56.0731,55.6256,55.1858,54.7533,54.328,53.9096,53.4981,53.0932,52.6947,52.3026,51.9165,51.5365,51.1623,50.7938,50.4309,50.0734,49.7212,49.3742,49.0322,48.6952
718.335,553.733,322.269,265.386,235.906,216.195,201.479,189.793,180.139,171.939,164.833,158.576,152.997,147.973,143.409,139.234,135.391,131.835,128.529,125.443,122.552,119.834,117.273,114.851,112.557,110.379,108.306,106.33,104.444,102.639,100.911,99.2538,97.6621,96.1318,94.6589,93.2396,91.8707,90.5492,89.2722,88.0374,86.8423,85.6848,84.5629,83.4748,82.4188,81.3933,80.3968,79.428,78.4857,77.5686,76.6755,75.8055,74.9576,74.1309,73.3244,72.5375,71.7692,71.0189,70.2859,69.5696,68.8693,68.1844,67.5144,66.8588,66.217,65.5887,64.9733,64.3704,63.7796,63.2005,62.6328,62.076,61.5299,60.9942,60.4684,59.9523,59.4456,58.9481,58.4595,57.9795,57.5079,57.0445,56.589,56.1412,55.7009,55.2679,54.842,54.4231,54.0109,53.6053,53.2062,52.8133,52.4265,52.0456,51.6706,51.3012,50.9373,50.5789,50.2257,49.8778,49.5348
724.544,583.453,343.636,276.714,244.076,222.788,207.107,194.759,184.618,176.043,168.635,162.13,156.344,151.141,146.423,142.113,138.15,134.487,131.084,127.91,124.939,122.148,119.519,117.035,114.682,112.45,110.326,108.303,106.372,104.525,102.757,101.062,99.4347,97.8704,96.365,94.9148,93.5164,92.1667,90.8627,89.602,88.382,87.2006,86.0557,84.9454,83.868,82.8219,81.8055,80.8175,79.8566,78.9214,78.0109,77.124,76.2597,75.417,74.5951,73.7931,73.0102,72.2457,71.4989,70.7691,70.0556,69.358,68.6755,68.0077,67.3541,66.7142,66.0874,65.4735,64.8719,64.2822,63.7042,63.1373,62.5813,62.0358,61.5006,60.9752,60.4594,59.953,59.4556,58.9671,58.4871,58.0154,57.5518,57.096,56.6479,56.2073,55.7739,55.3476,54.9282,54.5154,54.1093,53.7095,53.3159,52.9283,52.5467,52.1709,51.8007,51.4361,51.0768,50.7227,50.3738
730.275,605.199,367.922,288.824,252.598,229.583,212.867,199.82,189.168,180.201,172.481,165.721,159.72,154.335,149.459,145.01,140.925,137.152,133.651,130.388,127.336,124.47,121.772,119.225,116.814,114.526,112.351,110.28,108.304,106.415,104.606,102.873,101.21,99.6112,98.0732,96.5919,95.1639,93.7857,92.4546,91.1678,89.9227,88.7173,87.5493,86.4167,85.3179,84.2511,83.2147,82.2074,81.2277,80.2745,79.3465,78.4426,77.5619,76.7032,75.8658,75.0487,74.2512,73.4724,72.7117,71.9684,71.2418,70.5313,69.8363,69.1564,68.4909,67.8393,67.2012,66.5762,65.9638,65.3636,64.7751,64.1982,63.6322,63.0771,62.5323,61.9976,61.4728,60.9574,60.4513,59.9541,59.4657,58.9858,58.5141,58.0504,57.5945,57.1462,56.7053,56.2716,55.8449,55.425,55.0118,54.6051,54.2047,53.8106,53.4224,53.0401,52.6636,52.2927,51.9272,51.5671,51.2123
735.606,622.262,395.27,301.795,261.497,236.592,218.766,204.978,193.791,184.415,176.372,169.347,163.126,157.554,152.516,147.926,143.715,139.831,136.23,132.876,129.741,126.8,124.033,121.421,118.951,116.608,114.381,112.261,110.239,108.307,106.459,104.687,102.987,101.354,99.7835,98.2709,96.8129,95.4062,94.0477,92.7347,91.4645,90.2349,89.0437,87.8888,86.7684,85.6808,84.6243,83.5976,82.5992,81.6278,80.6823,79.7614,78.8641,77.9894,77.1364,76.3042,75.492,74.699,73.9244,73.1675,72.4277,71.7044,70.9969,70.3047,69.6273,68.9641,68.3147,67.6786,67.0553,66.4445,65.8457,65.2586,64.6827,64.1179,63.5636,63.0196,62.4856,61.9613,61.4465,60.9407,60.4439,59.9557,59.4758,59.0042,58.5405,58.0845,57.6361,57.195,56.761,56.334,55.9138,55.5002,55.0931,54.6922,54.2975,53.9088,53.5259,53.1487,52.7771,52.411,52.0502
740.596,636.284,425.143,315.704,270.798,243.823,224.807,210.235,198.487,188.686,180.307,173.01,166.562,160.797,155.594,150.859,146.521,142.524,138.821,135.375,132.157,129.139,126.301,123.625,121.094,118.695,116.416,114.247,112.179,110.204,108.314,106.504,104.768,103.1,101.496,99.9516,98.4636,97.0282,95.6422,94.3028,93.0074,91.7535,90.5389,89.3615,88.2195,87.111,86.0344,84.9882,83.971,82.9814,82.0182,81.0802,80.1664,79.2756,78.4071,77.5597,76.7328,75.9254,75.1369,74.3664,73.6134,72.8772,72.1572,71.4528,70.7634,70.0886,69.4278,68.7806,68.1464,67.525,66.9158,66.3186,65.7328,65.1582,64.5944,64.0411,63.498,62.9648,62.4411,61.9268,61.4215,60.925,60.4371,59.9575,59.486,59.0223,58.5664,58.1179,57.6767,57.2425,56.8153,56.3948,55.9809,55.5733,55.1721,54.7769,54.3877,54.0043,53.6265,53.2543,52.8875
745.291,648.189,455.777,330.613,280.525,251.288,230.996,215.595,203.258,193.015,184.289,176.71,170.029,164.067,158.694,153.811,149.344,145.23,141.424,137.885,134.581,131.486,128.577,125.834,123.242,120.787,118.455,116.237,114.122,112.103,110.173,108.323,106.55,104.847,103.21,101.634,100.116,98.6515,97.2379,95.872,94.5512,93.2729,92.0348,90.8349,89.6711,88.5417,87.4449,86.3791,85.343,84.3352,83.3543,82.3992,81.4687,80.5619,79.6776,78.8151,77.9734,77.1517,76.3492,75.5652,74.7989,74.0498,73.3172,72.6005,71.8992,71.2127,70.5405,69.8822,69.2372,68.6051,67.9856,67.3781,66.7824,66.1981,65.6248,65.0622,64.5099,63.9677,63.4353,62.9124,62.3987,61.8939,61.3979,60.9103,60.431,59.9596,59.4961,59.0402,58.5918,58.1505,57.7162,57.2888,56.8681,56.4539,56.0461,55.6445,55.2489,54.8592,54.4753,54.0971,53.7244
749.73,658.544,484.903,346.56,290.701,258.994,237.337,221.059,208.106,197.402,188.316,180.447,173.526,167.361,161.815,156.782,152.181,147.951,144.039,140.405,137.015,133.841,130.859,128.05,125.397,122.884,120.499,118.231,116.069,114.006,112.034,110.146,108.335,106.597,104.926,103.318,101.77,100.276,98.8349,97.4423,96.096,94.7932,93.5315,92.3089,91.1233,89.9728,88.8557,87.7704,86.7153,85.6891,84.6905,83.7182,82.7711,81.8481,80.9482,80.0704,79.2139,78.3778,77.5613,76.7636,75.9842,75.2221,74.4769,73.748,73.0347,72.3365,71.6529,70.9834,70.3275,69.6848,69.0548,68.4372,67.8316,67.2375,66.6547,66.0827,65.5213,64.9702,64.429,63.8974,63.3753,62.8622,62.3581,61.8625,61.3754,60.8964,60.4254,59.9621,59.5063,59.0579,58.6166,58.1823,57.7548,57.334,56.9196,56.5115,56.1096,55.7136,55.3236,54.9393,54.5606
753.941,667.718,511.291,363.538,301.348,266.953,243.835,226.63,213.031,201.848,192.389,184.221,177.054,170.682,164.958,159.771,155.035,150.685,146.666,142.935,139.458,136.204,133.149,130.273,127.557,124.986,122.547,120.229,118.02,115.913,113.898,111.97,110.122,108.349,106.644,105.004,103.425,101.902,100.433,99.0138,97.6417,96.3143,95.029,93.7836,92.5761,91.4044,90.267,89.1619,88.0879,87.0433,86.0268,85.0373,84.0735,83.1343,82.2186,81.3256,80.4542,79.6037,78.7732,77.9619,77.1691,76.3942,75.6364,74.8951,74.1698,73.4599,72.7649,72.0842,71.4174,70.7641,70.1237,69.4959,68.8803,68.2765,67.6841,67.1028,66.5322,65.9721,65.4221,64.882,64.3514,63.8301,63.3178,62.8143,62.3193,61.8326,61.3541,60.8833,60.4203,59.9647,59.5164,59.0752,58.641,58.2134,57.7925,57.3779,56.9697,56.5675,56.1713,55.781,55.3963
757.95,675.964,534.389,381.476,312.479,275.172,250.493,232.311,218.036,206.354,196.51,188.033,180.612,174.028,168.122,162.778,157.905,153.432,149.304,145.476,141.91,138.575,135.447,132.502,129.723,127.094,124.6,122.231,119.974,117.822,115.766,113.798,111.912,110.103,108.364,106.692,105.082,103.53,102.032,100.586,99.1884,97.8362,96.5271,95.2589,94.0293,92.8365,91.6786,90.5538,89.4606,88.3976,87.3633,86.3565,85.3759,84.4204,83.489,82.5807,81.6945,80.8295,79.9849,79.1599,78.3538,77.5659,76.7955,76.0419,75.3046,74.5829,73.8765,73.1846,72.5069,71.8429,71.1921,70.5541,69.9285,69.315,68.713,68.1224,67.5427,66.9736,66.4148,65.866,65.327,64.7974,64.2769,63.7655,63.2627,62.7683,62.2822,61.8041,61.3338,60.871,60.4157,59.9676,59.5266,59.0923,58.6648,58.2438,57.8292,57.4208,57.0185,56.6221,56.2315
761.778,683.462,554.28,400.21,324.102,283.659,257.315,238.102,223.121,210.92,200.677,191.883,184.201,177.399,171.308,165.803,160.79,156.193,151.955,148.027,144.371,140.954,137.751,134.737,131.895,129.206,126.658,124.237,121.932,119.735,117.636,115.628,113.704,111.859,110.086,108.381,106.74,105.159,103.633,102.16,100.736,99.3589,98.026,96.7347,95.4831,94.269,93.0905,91.9459,90.8336,89.7521,88.6998,87.6757,86.6783,85.7065,84.7593,83.8356,82.9345,82.0551,81.1964,80.3577,79.5383,78.7373,77.9542,77.1883,76.439,75.7056,74.9877,74.2846,73.596,72.9213,72.2601,71.6119,70.9763,70.353,69.7415,69.1415,68.5526,67.9745,67.4069,66.8495,66.302,65.7641,65.2356,64.7161,64.2055,63.7035,63.2098,62.7243,62.2467,61.7768,61.3145,60.8594,60.4116,59.9707,59.5366,59.1092,58.6882,58.2736,57.8651,57.4627,57.0661
765.443,690.344,571.41,419.46,336.215,292.418,264.306,244.007,228.286,215.547,204.892,195.771,187.822,180.796,174.515,168.847,163.691,158.968,154.617,150.588,146.841,143.342,140.062,136.979,134.072,131.324,128.72,126.247,123.894,121.651,119.509,117.461,115.499,113.617,111.81,110.072,108.4,106.789,105.235,103.734,102.284,100.882,99.5254,98.2112,96.9373,95.7018,94.5028,93.3383,92.2068,91.1066,90.0365,88.9949,87.9807,86.9926,86.0295,85.0905,84.1744,83.2804,82.4076,81.5552,80.7224,79.9085,79.1127,78.3344,77.573,76.8279,76.0985,75.3842,74.6847,73.9993,73.3276,72.6692,72.0236,71.3905,70.7694,70.16,69.562,68.9749,68.3985,67.8325,67.2766,66.7304,66.1937,65.6662,65.1478,64.6381,64.1368,63.6439,63.159,62.682,62.2126,61.7507,61.2961,60.8485,60.4079,59.974,59.5467,59.1258,58.7112,58.3027,57.9002
768.96,696.71,586.295,438.841,348.801,301.455,271.467,250.026,233.534,220.236,209.155,199.696,191.473,184.219,177.744,171.909,166.607,161.756,157.291,153.16,149.32,145.737,142.38,139.227,136.254,133.446,130.786,128.261,125.859,123.57,121.385,119.296,117.295,115.377,113.535,111.765,110.061,108.42,106.837,105.31,103.834,102.407,101.026,99.6882,98.3921,97.1351,95.9153,94.7309,93.5801,92.4614,91.3732,90.3142,89.283,88.2786,87.2996,86.3452,85.4141,84.5056,83.6187,82.7525,81.9063,81.0793,80.2708,79.4802,78.7067,77.9498,77.2089,76.4834,75.7729,75.0768,74.3947,73.726,73.0704,72.4275,71.7969,71.1781,70.5709,69.9748,69.3897,68.815,68.2506,67.6961,67.1513,66.6158,66.0895,65.5721,65.0633,64.563,64.0708,63.5867,63.1103,62.6414,62.18,61.7258,61.2786,60.8382,60.4046,59.9774,59.5567,59.1421,58.7337
772.342,702.637,599.383,457.917,361.827,310.767,278.8,256.16,238.865,224.987,213.466,203.66,195.155,187.667,180.995,174.989,169.539,164.558,159.977,155.742,151.808,148.14,144.706,141.48,138.442,135.573,132.856,130.279,127.827,125.492,123.264,121.133,119.094,117.139,115.263,113.459,111.724,110.053,108.441,106.886,105.384,103.932,102.526,101.166,99.8472,98.5687,97.3282,96.1237,94.9536,93.8162,92.7099,91.6334,90.5854,89.5645,88.5696,87.5997,86.6536,85.7305,84.8294,83.9495,83.0899,82.2498,81.4286,80.6255,79.84,79.0713,78.3189,77.5822,76.8607,76.1539,75.4613,74.7824,74.1168,73.4641,72.8239,72.1957,71.5793,70.9742,70.3802,69.7969,69.224,68.6612,68.1083,67.5648,67.0307,66.5056,65.9893,65.4815,64.9821,64.4907,64.0073,63.5316,63.0634,62.6025,62.1487,61.7019,61.2619,60.8285,60.4016,59.981,59.5666
775.599,708.187,611.027,476.299,375.242,320.353,286.307,262.412,244.278,229.8,217.824,207.662,198.869,191.141,184.267,178.088,172.487,167.373,162.674,158.334,154.305,150.55,147.038,143.74,140.636,137.705,134.931,132.3,129.799,127.417,125.145,122.973,120.895,118.903,116.992,115.155,113.388,111.686,110.046,108.463,106.935,105.457,104.028,102.644,101.303,100.003,98.7413,97.5168,96.3273,95.1711,94.0467,92.9527,91.8876,90.8503,89.8395,88.854,87.893,86.9552,86.0399,85.1462,84.2731,83.42,82.586,81.7706,80.9729,80.1924,79.4284,78.6805,77.948,77.2305,76.5274,75.8383,75.1626,74.5001,73.8503,73.2128,72.5872,71.9731,71.3703,70.7783,70.197,69.6259,69.0647,68.5133,67.9713,67.4385,66.9147,66.3995,65.8928,65.3943,64.9038,64.4212,63.9462,63.4786,63.0183,62.565,62.1186,61.679,61.246,60.8193,60.399
778.743,713.409,621.495,493.743,388.973,330.203,293.987,268.78,249.776,234.675,222.231,211.703,202.613,194.641,187.56,181.204,175.45,170.201,165.383,160.936,156.811,152.969,149.377,146.006,142.835,139.842,137.01,134.326,131.774,129.346,127.029,124.816,122.698,120.669,118.722,116.852,115.053,113.321,111.652,110.042,108.487,106.984,105.53,104.122,102.759,101.437,100.155,98.91,97.701,96.5261,95.3835,94.2719,93.1898,92.136,91.1092,90.1082,89.1321,88.1797,87.2502,86.3426,85.4561,84.5898,83.7431,82.9152,82.1054,81.3131,80.5376,79.7784,79.0349,78.3066,77.593,76.8937,76.208,75.5357,74.8763,74.2293,73.5945,72.9715,72.3598,71.7592,71.1694,70.5899,70.0207,69.4613,68.9114,68.3709,67.8395,67.3169,66.8029,66.2972,65.7997,65.3102,64.8284,64.3542,63.8873,63.4275,62.9748,62.529,62.0898,61.6571,61.2308
781.781,718.343,630.991,510.091,402.927,340.306,301.838,275.266,255.357,239.613,226.687,215.781,206.388,198.166,190.874,184.339,178.428,173.042,168.103,163.547,159.325,155.395,151.722,148.278,145.039,141.983,139.094,136.355,133.753,131.277,128.916,126.661,124.503,122.437,120.455,118.551,116.72,114.958,113.259,111.621,110.039,108.51,107.032,105.601,104.215,102.872,101.568,100.303,99.0749,97.8811,96.7204,95.5911,94.4919,93.4216,92.3787,91.3622,90.371,89.4039,88.4601,87.5387,86.6387,85.7593,84.8998,84.0594,83.2375,82.4333,81.6463,80.8758,80.1214,79.3823,78.6582,77.9486,77.2529,76.5707,75.9017,75.2454,74.6013,73.9693,73.3488,72.7395,72.1412,71.5535,70.976,70.4086,69.851,69.3028,68.7638,68.2337,67.7124,67.1996,66.6951,66.1987,65.7101,65.2291,64.7557,64.2895,63.8305,63.3784,62.933,62.4943,62.062
784.721,723.021,639.676,525.275,416.992,350.642,309.857,281.868,261.022,244.613,231.19,219.898,210.194,201.716,194.21,187.491,181.421,175.897,170.834,166.169,161.848,157.829,154.075,150.556,147.248,144.129,141.181,138.388,135.735,133.211,130.805,128.508,126.311,124.207,122.189,120.251,118.388,116.595,114.867,113.201,111.592,110.038,108.535,107.081,105.672,104.306,102.982,101.697,100.449,99.2362,98.0572,96.9102,95.794,94.707,93.6481,92.616,91.6096,90.6279,89.6698,88.7345,87.821,86.9284,86.0561,85.2033,84.3692,83.5532,82.7546,81.9728,81.2073,80.4575,79.7229,79.003,78.2972,77.6053,76.9266,76.2609,75.6076,74.9665,74.3372,73.7193,73.1125,72.5164,71.9309,71.3555,70.7899,70.234,69.6875,69.15,68.6214,68.1015,67.5899,67.0866,66.5912,66.1036,65.6236,65.1509,64.6855,64.2272,63.7757,63.3309,62.8927
787.571,727.471,647.673,539.302,431.042,361.186,318.04,288.586,266.77,249.675,235.741,224.052,214.031,205.292,197.566,190.661,184.43,178.764,173.577,168.801,164.38,160.27,156.433,152.84,149.463,146.28,143.273,140.424,137.72,135.148,132.697,130.357,128.12,125.978,123.924,121.952,120.057,118.233,116.476,114.782,113.146,111.566,110.039,108.56,107.129,105.742,104.396,103.091,101.823,100.591,99.394,98.2293,97.0959,95.9923,94.9173,93.8696,92.848,91.8516,90.8792,89.9299,89.0029,88.0972,87.2121,86.3467,85.5005,84.6726,83.8624,83.0694,82.2928,81.5322,80.7871,80.0569,79.3411,78.6393,77.951,77.2759,76.6134,75.9633,75.3251,74.6985,74.0832,73.4789,72.8851,72.3017,71.7283,71.1647,70.6106,70.0657,69.5299,69.0027,68.4842,67.9739,67.4717,66.9774,66.4908,66.0118,65.54,65.0754,64.6178,64.167,63.7228
790.336,731.717,655.081,552.229,444.949,371.908,326.377,295.416,272.6,254.799,240.34,228.244,217.898,208.892,200.944,193.848,187.453,181.644,176.331,171.442,166.92,162.718,158.799,155.129,151.682,148.435,145.368,142.464,139.708,137.088,134.591,132.209,129.931,127.751,125.661,123.655,121.727,119.872,118.086,116.363,114.701,113.095,111.543,110.041,108.586,107.177,105.811,104.485,103.197,101.946,100.731,99.5483,98.3977,97.2775,96.1863,95.1229,94.0862,93.075,92.0883,91.1251,90.1845,89.2656,88.3676,87.4898,86.6313,85.7915,84.9698,84.1654,83.3778,82.6065,81.8508,81.1103,80.3844,79.6728,78.9749,78.2903,77.6186,76.9595,76.3125,75.6772,75.0534,74.4407,73.8388,73.2474,72.6662,72.0949,71.5332,70.9809,70.4377,69.9034,69.3778,68.8606,68.3517,67.8507,67.3576,66.872,66.3939,65.9231,65.4593,65.0025,64.5524
793.022,735.777,661.982,564.14,458.59,382.771,334.861,302.357,278.512,259.985,244.986,232.474,221.795,212.518,204.342,197.053,190.492,184.537,179.095,174.092,169.468,165.174,161.171,157.424,153.907,150.595,147.468,144.508,141.7,139.03,136.488,134.062,131.745,129.526,127.4,125.36,123.399,121.513,119.697,117.946,116.256,114.625,113.047,111.521,110.044,108.613,107.225,105.879,104.571,103.302,102.067,100.867,99.6994,98.5625,97.4551,96.376,95.3241,94.2981,93.297,92.3199,91.3657,90.4336,89.5228,88.6324,87.7618,86.9101,86.0767,85.261,84.4624,83.6802,82.914,82.1632,81.4273,80.7058,79.9982,79.3042,78.6233,77.9551,77.2993,76.6554,76.0231,75.402,74.792,74.1925,73.6034,73.0244,72.4552,71.8954,71.345,70.8035,70.2709,69.7468,69.231,68.7234,68.2237,67.7317,67.2473,66.7702,66.3003,65.8374,65.3814
795.633,739.67,668.44,575.132,471.856,393.733,343.479,309.404,284.503,265.23,249.68,236.741,225.723,216.168,207.76,200.275,193.545,187.443,181.871,176.752,172.024,167.637,163.549,159.725,156.136,152.759,149.571,146.554,143.694,140.976,138.387,135.918,133.56,131.303,129.14,127.065,125.072,123.154,121.308,119.529,117.812,116.154,114.552,113.002,111.502,110.049,108.639,107.273,105.946,104.657,103.404,102.186,101.001,99.8473,98.7237,97.6289,96.5617,95.5209,94.5055,93.5143,92.5466,91.6013,90.6775,89.7746,88.8917,88.0281,87.1832,86.3561,85.5464,84.7535,83.9767,83.2156,82.4696,81.7382,81.021,80.3176,79.6275,78.9502,78.2855,77.6329,76.9921,76.3628,75.7445,75.1371,74.5401,73.9534,73.3766,72.8094,72.2517,71.7031,71.1634,70.6324,70.1098,69.5955,69.0893,68.5908,68.1001,67.6167,67.1407,66.6718,66.2098
798.175,743.409,674.508,585.302,484.671,404.747,352.218,316.552,290.572,270.536,254.419,241.045,229.68,219.842,211.199,203.514,196.612,190.361,184.657,179.421,174.589,170.107,165.933,162.031,158.371,154.927,151.678,148.605,145.691,142.923,140.289,137.776,135.377,133.081,130.882,128.772,126.745,124.797,122.921,121.113,119.369,117.685,116.058,114.484,112.96,111.485,110.054,108.667,107.32,106.012,104.741,103.505,102.302,101.132,99.9921,98.8815,97.799,96.7434,95.7136,94.7084,93.727,92.7685,91.8319,90.9164,90.0213,89.1458,88.2891,87.4508,86.63,85.8262,85.0389,84.2674,83.5114,82.7701,82.0433,81.3304,80.631,79.9448,79.2712,78.6099,77.9606,77.3229,76.6965,76.0811,75.4763,74.8818,74.2974,73.7229,73.1578,72.602,72.0553,71.5174,70.9881,70.4671,69.9543,69.4494,68.9523,68.4627,67.9805,67.5056,67.0376
800.651,747.008,680.233,594.739,496.975,415.764,361.06,323.797,296.717,275.899,259.204,245.384,233.666,223.54,214.658,206.77,199.694,193.291,187.454,182.1,177.161,172.584,168.324,164.343,160.61,157.1,153.789,150.658,147.692,144.874,142.193,139.637,137.196,134.861,132.625,130.48,128.42,126.44,124.534,122.697,120.926,119.216,117.563,115.965,114.419,112.921,111.469,110.061,108.694,107.367,106.077,104.823,103.603,102.416,101.26,100.134,99.0361,97.9656,96.9213,95.9022,94.9071,93.9353,92.9858,92.0577,91.1504,90.2629,89.3947,88.5449,87.7131,86.8985,86.1006,85.3188,84.5526,83.8015,83.065,82.3427,81.6341,80.9387,80.2563,79.5864,78.9286,78.2825,77.6479,77.0245,76.4118,75.8096,75.2177,74.6357,74.0633,73.5004,72.9467,72.4018,71.8657,71.3381,70.8187,70.3073,69.8039,69.3081,68.8198,68.3388,67.8649
803.065,750.478,685.651,603.526,508.734,426.732,369.988,331.131,302.935,281.32,264.034,249.76,237.681,227.263,218.137,210.043,202.79,196.233,190.261,184.787,179.742,175.068,170.72,166.659,162.854,159.276,155.903,152.715,149.695,146.827,144.099,141.499,139.016,136.642,134.369,132.189,130.096,128.084,126.148,124.283,122.484,120.747,119.07,117.447,115.878,114.357,112.884,111.455,110.068,108.722,107.414,106.142,104.904,103.7,102.528,101.386,100.273,99.1874,98.1287,97.0955,96.0868,95.1017,94.1393,93.1986,92.279,91.3796,90.4997,89.6386,88.7956,87.9702,87.1617,86.3696,85.5933,84.8323,84.0862,83.3544,82.6365,81.9322,81.2408,80.5622,79.8959,79.2415,78.5988,77.9673,77.3468,76.7369,76.1374,75.5479,74.9683,74.3982,73.8374,73.2857,72.7428,72.2084,71.6825,71.1647,70.6549,70.1529,69.6584,69.1714,68.6916
805.421,753.828,690.795,611.736,519.933,437.601,378.981,338.547,309.221,286.796,268.907,254.17,241.725,231.008,221.635,213.332,205.9,199.187,193.079,187.484,182.33,177.559,173.123,168.981,165.102,161.457,158.021,154.775,151.701,148.783,146.007,143.363,140.838,138.425,136.115,133.9,131.773,129.729,127.763,125.868,124.042,122.279,120.576,118.93,117.336,115.794,114.299,112.849,111.443,110.077,108.75,107.46,106.205,104.984,103.796,102.638,101.509,100.409,99.3357,98.2885,97.2661,96.2677,95.2923,94.3391,93.4072,92.4958,91.6042,90.7317,89.8777,89.0414,88.2223,87.4199,86.6335,85.8626,85.1068,84.3656,83.6384,82.925,82.2248,81.5375,80.8627,80.2,79.549,78.9095,78.2812,77.6636,77.0565,76.4596,75.8727,75.2954,74.7276,74.169,73.6192,73.0782,72.5457,72.0215,71.5054,70.9971,70.4965,70.0034,69.5177
807.721,757.067,695.691,619.432,530.573,448.323,388.017,346.035,315.573,292.325,273.823,258.615,245.797,234.777,225.152,216.638,209.023,202.153,195.906,190.189,184.926,180.056,175.531,171.309,167.355,163.642,160.143,156.839,153.71,150.741,147.918,145.229,142.662,140.21,137.862,135.611,133.451,131.375,129.378,127.455,125.601,123.811,122.083,120.412,118.796,117.23,115.714,114.243,112.817,111.432,110.086,108.778,107.506,106.268,105.063,103.889,102.745,101.63,100.542,99.481,98.445,97.4333,96.4449,95.4791,94.5348,93.6115,92.7082,91.8244,90.9592,90.1121,89.2824,88.4696,87.6731,86.8923,86.1269,85.3762,84.6398,83.9173,83.2082,82.5122,81.8289,81.1578,80.4987,79.8512,79.2149,78.5896,77.975,77.3707,76.7765,76.192,75.6172,75.0516,74.4951,73.9475,73.4084,72.8777,72.3552,71.8407,71.334,70.8349,70.3432
809.969,760.203,700.364,626.669,540.667,458.852,397.072,353.586,321.987,297.905,278.781,263.094,249.896,238.568,228.689,219.959,212.161,205.131,198.744,192.903,187.529,182.56,177.945,173.641,169.613,165.83,162.268,158.905,155.721,152.701,149.831,147.096,144.488,141.996,139.61,137.324,135.13,133.022,130.995,129.042,127.16,125.344,123.59,121.895,120.255,118.667,117.129,115.638,114.191,112.786,111.422,110.096,108.806,107.552,106.33,105.14,103.981,102.851,101.749,100.673,99.6234,98.5984,97.5971,96.6186,95.6621,94.7267,93.8118,92.9165,92.0402,91.1822,90.3419,89.5188,88.7121,87.9215,87.1464,86.3862,85.6406,84.909,84.1911,83.4864,82.7945,82.1151,81.4478,80.7923,80.1482,79.5151,78.8929,78.2812,77.6797,77.0881,76.5062,75.9337,75.3704,74.8161,74.2705,73.7334,73.2045,72.6838,72.171,71.6658,71.1682
812.167,763.243,704.834,633.496,550.237,469.151,406.122,361.189,328.456,303.533,283.778,267.605,254.022,242.381,232.243,223.296,215.311,208.12,201.591,195.625,190.14,185.071,180.365,175.978,171.875,168.023,164.397,160.974,157.736,154.664,151.745,148.966,146.315,143.783,141.36,139.038,136.81,134.67,132.611,130.63,128.72,126.877,125.097,123.378,121.714,120.104,118.544,117.032,115.565,114.141,112.758,111.414,110.106,108.835,107.597,106.391,105.216,104.071,102.955,101.865,100.801,99.7631,98.7487,97.7576,96.7888,95.8414,94.9148,94.0081,93.1207,92.2518,91.4009,90.5674,89.7507,88.9501,88.1653,87.3957,86.6407,85.9001,85.1733,84.4599,83.7595,83.0718,82.3963,81.7328,81.0808,80.44,79.8102,79.1911,78.5823,77.9835,77.3946,76.8152,76.2451,75.6841,75.132,74.5884,74.0532,73.5263,73.0073,72.4961,71.9926
814.317,766.193,709.118,639.952,559.308,479.188,415.143,368.833,334.977,309.208,288.814,272.147,258.173,246.217,235.816,226.648,218.474,211.12,204.448,198.356,192.758,187.587,182.79,178.32,174.141,170.219,166.529,163.046,159.752,156.629,153.662,150.838,148.144,145.571,143.11,140.752,138.491,136.318,134.229,132.218,130.28,128.41,126.605,124.861,123.174,121.541,119.959,118.426,116.939,115.495,114.093,112.731,111.406,110.118,108.863,107.642,106.451,105.291,104.16,103.056,101.979,100.927,99.9,98.8962,97.915,96.9556,96.0173,95.0992,94.2006,93.3209,92.4594,91.6155,90.7886,89.9782,89.1836,88.4045,87.6404,86.8907,86.155,85.4329,84.724,84.0279,83.3442,82.6726,82.0128,81.3643,80.727,80.1004,79.4843,78.8784,78.2824,77.6961,77.1193,76.5516,75.9928,75.4428,74.9013,74.3682,73.8431,73.3259,72.8164
816.423,769.059,713.233,646.075,567.91,488.939,424.11,376.506,341.542,314.925,293.887,276.72,262.351,250.073,239.407,230.015,221.65,214.13,207.315,201.094,195.383,190.11,185.221,180.667,176.411,172.419,168.664,165.121,161.772,158.597,155.581,152.711,149.974,147.361,144.862,142.468,140.172,137.967,135.847,133.806,131.84,129.944,128.113,126.344,124.633,122.978,121.374,119.82,118.313,116.85,115.429,114.048,112.706,111.4,110.129,108.892,107.686,106.511,105.365,104.247,103.156,102.091,101.051,100.034,99.0407,98.0693,97.1192,96.1897,95.28,94.3894,93.5173,92.663,91.826,91.0056,90.2014,89.4128,88.6394,87.8806,87.136,86.4052,85.6878,84.9834,84.2915,83.6119,82.9442,82.288,81.6431,81.0091,80.3857,79.7726,79.1696,78.5764,77.9928,77.4184,76.8531,76.2967,75.7489,75.2095,74.6782,74.155,73.6396
818.485,771.846,717.19,651.895,576.072,498.388,433,384.193,348.146,320.682,298.994,281.323,266.552,253.949,243.014,233.396,224.839,217.152,210.19,203.841,198.014,192.639,187.657,183.019,178.685,174.622,170.802,167.199,163.793,160.566,157.501,154.585,151.806,149.152,146.615,144.185,141.854,139.617,137.466,135.396,133.401,131.478,129.621,127.828,126.093,124.415,122.789,121.214,119.686,118.204,116.764,115.365,114.005,112.683,111.395,110.142,108.92,107.73,106.57,105.438,104.333,103.254,102.201,101.172,100.166,99.1825,98.2207,97.2797,96.3588,95.4574,94.5746,93.7099,92.8628,92.0325,91.2186,90.4206,89.6378,88.87,88.1165,87.377,86.6511,85.9383,85.2383,84.5506,83.875,83.2111,82.5586,81.9172,81.2865,80.6662,80.0562,79.4561,78.8657,78.2847,77.7129,77.15,76.5958,76.0502,75.5128,74.9836,74.4622
820.506,774.559,721.004,657.44,583.824,507.523,441.789,391.884,354.782,326.475,304.134,285.953,270.778,257.846,246.639,236.792,228.039,220.184,213.075,206.595,200.653,195.174,190.098,185.375,180.963,176.829,172.943,169.28,165.817,162.538,159.424,156.462,153.639,150.945,148.369,145.902,143.537,141.267,139.085,136.985,134.962,133.012,131.13,129.311,127.553,125.852,124.204,122.608,121.06,119.558,118.099,116.682,115.304,113.965,112.661,111.391,110.154,108.949,107.774,106.628,105.509,104.417,103.351,102.309,101.291,100.295,99.3216,98.3692,97.4371,96.5248,95.6314,94.7563,93.899,93.0588,92.2352,91.4277,90.6357,89.8587,89.0964,88.3482,87.6137,86.8926,86.1844,85.4887,84.8052,84.1336,83.4735,82.8247,82.1867,81.5593,80.9422,80.3352,79.738,79.1503,78.572,78.0026,77.4421,76.8903,76.3468,75.8115,75.2843
822.488,777.202,724.684,662.734,591.195,516.34,450.458,399.563,361.443,332.3,309.305,290.611,275.026,261.761,250.28,240.202,231.252,223.226,215.968,209.357,203.298,197.715,192.544,187.735,183.246,179.04,175.088,171.363,167.844,164.511,161.348,158.34,155.474,152.738,150.124,147.621,145.221,142.918,140.705,138.575,136.524,134.547,132.638,130.795,129.013,127.289,125.619,124.002,122.433,120.911,119.434,117.998,116.603,115.246,113.926,112.64,111.388,110.167,108.978,107.817,106.685,105.579,104.5,103.445,102.415,101.407,100.422,99.4581,98.5149,97.5916,96.6876,95.8021,94.9346,94.0845,93.2512,92.4342,91.6329,90.8469,90.0757,89.3188,88.5758,87.8463,87.1299,86.4262,85.7348,85.0555,84.3879,83.7315,83.0863,82.4517,81.8276,81.2137,80.6097,80.0154,79.4305,78.8547,78.2879,77.7298,77.1802,76.6389,76.1057
824.432,779.778,728.24,667.799,598.213,524.84,458.987,407.218,368.121,338.154,314.504,295.293,279.295,265.696,253.936,243.625,234.476,226.278,218.87,212.127,205.95,200.261,194.995,190.1,185.532,181.254,177.235,173.449,169.873,166.487,163.274,160.219,157.31,154.533,151.88,149.34,146.906,144.57,142.325,140.165,138.086,136.081,134.147,132.279,130.473,128.726,127.034,125.395,123.806,122.265,120.768,119.315,117.902,116.527,115.19,113.889,112.621,111.385,110.181,109.006,107.86,106.741,105.649,104.581,103.538,102.519,101.522,100.546,99.592,98.6579,97.7432,96.8473,95.9697,95.1097,94.2667,93.4401,92.6296,91.8345,91.0543,90.2887,89.5372,88.7994,88.0748,87.3631,86.6638,85.9768,85.3016,84.6378,83.9853,83.3436,82.7124,82.0916,81.4809,80.8799,80.2884,79.7062,79.133,78.5687,78.013,77.4657,76.9266
826.34,782.292,731.681,672.651,604.904,533.026,467.36,414.835,374.809,344.03,319.728,299.999,283.586,269.648,257.608,247.061,237.711,229.34,221.78,214.903,208.608,202.812,197.451,192.469,187.821,183.471,179.385,175.537,171.903,168.464,165.201,162.1,159.147,156.329,153.637,151.06,148.591,146.222,143.946,141.756,139.648,137.616,135.656,133.762,131.932,130.162,128.449,126.789,125.179,123.618,122.103,120.631,119.2,117.808,116.455,115.137,113.854,112.603,111.384,110.195,109.035,107.903,106.797,105.717,104.661,103.63,102.621,101.634,100.669,99.7235,98.7982,97.892,97.0042,96.1342,95.2815,94.4455,93.6256,92.8214,92.0324,91.2581,90.498,89.7518,89.0191,88.2993,87.5922,86.8975,86.2147,85.5435,84.8836,84.2348,83.5966,82.9689,82.3514,81.7437,81.1457,80.5571,79.9776,79.4071,78.8452,78.2919,77.7469
828.214,784.746,735.014,677.31,611.291,540.905,475.563,422.402,381.499,349.927,324.976,304.727,287.896,273.617,261.295,250.51,240.957,232.41,224.698,217.687,211.272,205.369,199.911,194.842,190.114,185.691,181.538,177.628,173.936,170.443,167.131,163.982,160.985,158.126,155.394,152.781,150.277,147.874,145.567,143.347,141.21,139.151,137.164,135.246,133.392,131.599,129.863,128.182,126.552,124.971,123.437,121.946,120.498,119.089,117.719,116.385,115.086,113.82,112.586,111.383,110.209,109.063,107.945,106.852,105.784,104.74,103.72,102.721,101.745,100.789,99.8526,98.936,98.038,97.1581,96.2957,95.4502,94.6211,93.8078,93.0099,92.2268,91.4583,90.7037,89.9627,89.235,88.52,87.8175,87.1272,86.4486,85.7814,85.1254,84.4802,83.8456,83.2213,82.607,82.0024,81.4073,80.8215,80.2448,79.6769,79.1175,78.5666
830.054,787.144,738.246,681.788,617.399,548.486,483.586,429.906,388.182,355.837,330.243,309.476,292.225,277.602,264.995,253.97,244.213,235.49,227.624,220.477,213.942,207.932,202.376,197.219,192.411,187.914,183.693,179.721,175.971,172.424,169.061,165.866,162.824,159.924,157.153,154.503,151.963,149.528,147.188,144.939,142.773,140.686,138.673,136.73,134.852,133.036,131.278,129.575,127.925,126.324,124.77,123.261,121.795,120.369,118.982,117.632,116.318,115.037,113.788,112.571,111.383,110.224,109.092,107.986,106.906,105.85,104.818,103.808,102.82,101.853,100.906,99.9794,99.0713,98.1815,97.3093,96.4543,95.6159,94.7935,93.9867,93.195,92.4179,91.6549,90.9058,90.17,89.4472,88.737,88.039,87.353,86.6786,86.0154,85.3632,84.7217,84.0906,83.4696,82.8585,82.257,81.6649,81.0819,80.5079,79.9425,79.3857
831.863,789.489,741.384,686.1,623.246,555.781,491.42,437.336,394.851,361.758,335.528,314.242,296.57,281.603,268.709,257.443,247.48,238.579,230.558,223.274,216.618,210.499,204.846,199.599,194.711,190.14,185.851,181.816,178.008,174.407,170.994,167.751,164.665,161.722,158.912,156.225,153.65,151.181,148.81,146.53,144.336,142.222,140.182,138.214,136.312,134.472,132.692,130.968,129.297,127.676,126.104,124.576,123.092,121.649,120.245,118.879,117.549,116.253,114.99,113.758,112.556,111.383,110.238,109.12,108.027,106.96,105.915,104.894,103.895,102.917,101.96,101.022,100.104,99.2042,98.3223,97.4578,96.6101,95.7786,94.9629,94.1625,93.3768,92.6056,91.8482,91.1044,90.3737,89.6558,88.9503,88.2568,87.5751,86.9048,86.2456,85.5972,84.9593,84.3316,83.714,83.1061,82.5077,81.9185,81.3383,80.767,80.2042
833.641,791.782,744.434,690.257,628.853,562.799,499.058,444.68,401.499,367.683,340.827,319.026,300.932,285.617,272.435,260.926,250.756,241.676,233.499,226.078,219.299,213.071,207.319,201.984,197.014,192.369,188.012,183.913,180.047,176.392,172.927,169.637,166.506,163.522,160.673,157.948,155.338,152.835,150.432,148.122,145.899,143.757,141.691,139.698,137.771,135.909,134.106,132.361,130.669,129.029,127.437,125.891,124.389,122.928,121.508,120.126,118.78,117.468,116.19,114.944,113.729,112.543,111.384,110.253,109.148,108.068,107.012,105.98,104.969,103.98,103.012,102.064,101.136,100.226,99.3347,98.4607,97.6037,96.7631,95.9385,95.1294,94.3352,93.5556,92.79,92.0382,91.2996,90.574,89.8609,89.16,88.471,87.7936,87.1273,86.472,85.8274,85.1931,84.5689,83.9545,83.3498,82.7544,82.1681,81.5908,81.0221
835.39,794.027,747.399,694.271,634.235,569.554,506.497,451.928,408.116,373.608,346.138,323.823,305.308,289.646,276.174,264.42,254.041,244.781,236.446,228.887,221.985,215.647,209.797,204.372,199.321,194.6,190.175,186.013,182.088,178.378,174.862,171.525,168.349,165.323,162.433,159.671,157.026,154.49,152.055,149.714,147.462,145.292,143.2,141.181,139.231,137.345,135.52,133.753,132.041,130.381,128.769,127.205,125.685,124.207,122.77,121.372,120.01,118.684,117.391,116.13,114.901,113.701,112.53,111.386,110.269,109.176,108.109,107.064,106.043,105.043,104.064,103.106,102.167,101.248,100.346,99.463,98.5967,97.747,96.9135,96.0956,95.2929,94.5049,93.7312,92.9713,92.2249,91.4916,90.7709,90.0626,89.3663,88.6817,88.0084,87.3463,86.6948,86.0539,85.4232,84.8024,84.1913,83.5897,82.9974,82.414,81.8394
837.11,796.225,750.287,698.15,639.409,576.056,513.736,459.072,414.696,379.528,351.456,328.633,309.698,293.687,279.924,267.924,257.335,247.894,239.401,231.702,224.677,218.228,212.278,206.763,201.63,196.834,192.34,188.114,184.13,180.365,176.799,173.413,170.193,167.124,164.195,161.395,158.714,156.144,153.677,151.306,149.025,146.828,144.709,142.665,140.69,138.781,136.934,135.145,133.412,131.732,130.102,128.519,126.981,125.486,124.032,122.617,121.24,119.898,118.591,117.316,116.073,114.859,113.675,112.518,111.388,110.284,109.204,108.149,107.116,106.105,105.116,104.147,103.198,102.269,101.358,100.465,99.589,98.7303,97.8878,97.0613,96.25,95.4537,94.6718,93.9039,93.1496,92.4085,91.6803,90.9646,90.261,89.5692,88.889,88.2199,87.5617,86.9141,86.2768,85.6496,85.0323,84.4245,83.826,83.2366,82.6562
838.803,798.379,753.099,701.904,644.39,582.32,520.775,466.105,421.231,385.437,356.779,333.454,314.099,297.739,283.684,271.438,260.638,251.014,242.362,234.523,227.374,220.814,214.764,209.158,203.942,199.071,194.507,190.217,186.174,182.354,178.736,175.303,172.037,168.926,165.957,163.119,160.403,157.799,155.3,152.899,150.588,148.363,146.218,144.148,142.149,140.217,138.347,136.537,134.784,133.083,131.434,129.832,128.276,126.764,125.293,123.862,122.469,121.112,119.79,118.501,117.244,116.017,114.819,113.65,112.507,111.391,110.3,109.232,108.188,107.167,106.167,105.187,104.228,103.289,102.368,101.466,100.581,99.7129,98.8616,98.0263,97.2065,96.4018,95.6117,94.8358,94.0736,93.3248,92.5891,91.8659,91.1551,90.4561,89.7688,89.0929,88.4279,87.7737,87.1299,86.4963,85.8726,85.2586,84.654,84.0587,83.4723
840.47,800.491,755.842,705.54,649.189,588.355,527.614,473.018,427.714,391.331,362.103,338.282,318.51,301.802,287.455,274.96,263.948,254.141,245.329,237.35,230.075,223.403,217.253,211.556,206.257,201.31,196.677,192.323,188.22,184.345,180.675,177.193,173.882,170.729,167.72,164.844,162.092,159.454,156.923,154.491,152.152,149.899,147.727,145.632,143.608,141.652,139.76,137.929,136.154,134.434,132.765,131.145,129.571,128.042,126.554,125.107,123.698,122.326,120.989,119.685,118.414,117.174,115.963,114.781,113.626,112.497,111.394,110.315,109.26,108.228,107.217,106.227,105.258,104.308,103.378,102.466,101.572,100.695,99.8346,98.9906,98.1623,97.3492,96.551,95.767,94.997,94.2405,93.4972,92.7666,92.0485,91.3424,90.6481,89.9652,89.2935,88.6326,87.9823,87.3423,86.7123,86.0921,85.4815,84.8801,84.2878
842.111,802.562,758.518,709.066,653.82,594.175,534.258,479.808,434.138,397.204,367.425,343.116,322.93,305.874,291.234,278.491,267.266,257.275,248.302,240.181,232.781,225.997,219.745,213.957,208.575,203.552,198.848,194.43,190.267,186.336,182.615,179.085,175.729,172.532,169.483,166.57,163.782,161.11,158.546,156.084,153.715,151.434,149.236,147.115,145.067,143.088,141.173,139.32,137.525,135.785,134.096,132.457,130.866,129.319,127.815,126.351,124.926,123.539,122.187,120.869,119.584,118.33,117.106,115.911,114.744,113.603,112.488,111.398,110.331,109.288,108.266,107.266,106.287,105.327,104.387,103.466,102.562,101.676,100.807,99.9543,99.1175,98.2961,97.4896,96.6976,95.9198,95.1556,94.4047,93.6667,92.9413,92.2281,91.5268,90.837,90.1585,89.491,88.8342,88.1877,87.5514,86.925,86.3083,85.7009,85.1027
843.728,804.594,761.13,712.489,658.292,599.79,540.709,486.468,440.498,403.053,372.742,347.954,327.357,309.955,295.021,282.03,270.591,260.415,251.281,243.018,235.491,228.594,222.241,216.361,210.895,205.796,201.022,196.538,192.316,188.329,184.556,180.977,177.575,174.336,171.247,168.296,165.472,162.766,160.17,157.676,155.278,152.969,150.744,148.598,146.526,144.523,142.586,140.711,138.895,137.135,135.427,133.77,132.16,130.595,129.074,127.595,126.154,124.751,123.385,122.053,120.753,119.486,118.249,117.041,115.861,114.708,113.582,112.48,111.402,110.347,109.315,108.305,107.315,106.346,105.396,104.465,103.552,102.657,101.779,100.917,100.072,99.2423,98.4276,97.6276,96.8419,96.07,95.3115,94.5661,93.8334,93.1131,92.4048,91.7081,91.0229,90.3487,89.6854,89.0325,88.3899,87.7573,87.1345,86.5211,85.9171
845.321,806.589,763.682,715.813,662.616,605.212,546.972,492.997,446.788,408.871,378.049,352.793,331.79,314.042,298.816,285.575,273.922,263.561,254.265,245.859,238.205,231.195,224.74,218.767,213.218,208.041,203.197,198.648,194.366,190.323,186.498,182.87,179.423,176.141,173.011,170.022,167.162,164.422,161.793,159.269,156.841,154.505,152.253,150.081,147.984,145.958,143.998,142.102,140.265,138.484,136.757,135.081,133.453,131.872,130.334,128.838,127.381,125.963,124.582,123.235,121.922,120.641,119.391,118.17,116.978,115.813,114.674,113.561,112.472,111.406,110.364,109.343,108.343,107.363,106.404,105.463,104.541,103.637,102.75,101.88,101.026,100.188,99.365,98.557,97.7634,96.9838,96.2177,95.4649,94.725,93.9975,93.2821,92.5786,91.8866,91.2058,90.5359,89.8767,89.2278,88.589,87.9601,87.3407,86.7308
846.891,808.548,766.178,719.046,666.801,610.451,553.052,499.391,453.002,414.654,383.344,357.63,336.226,318.136,302.618,289.127,277.26,266.712,257.253,248.704,240.923,233.799,227.242,221.176,215.542,210.289,205.374,200.76,196.417,192.318,188.441,184.764,181.271,177.946,174.776,171.748,168.852,166.078,163.417,160.861,158.404,156.04,153.761,151.563,149.442,147.392,145.41,143.492,141.634,139.833,138.087,136.392,134.746,133.147,131.592,130.08,128.608,127.175,125.778,124.417,123.09,121.796,120.532,119.299,118.094,116.917,115.766,114.641,113.541,112.465,111.411,110.38,109.37,108.38,107.411,106.461,105.53,104.616,103.72,102.842,101.979,101.133,100.302,99.4857,98.6842,97.8969,97.1233,96.3631,95.6159,94.8812,94.1589,93.4485,92.7497,92.0623,91.3859,90.7202,90.0651,89.4201,88.7851,88.1597,87.5439
848.439,810.472,768.618,722.192,670.855,615.516,558.955,505.649,459.136,420.398,388.624,362.464,340.665,322.234,306.425,292.685,280.602,269.869,260.246,251.553,243.645,236.407,229.746,223.588,217.869,212.539,207.552,202.873,198.469,194.314,190.384,186.659,183.12,179.752,176.541,173.475,170.542,167.734,165.04,162.454,159.967,157.575,155.269,153.046,150.9,148.826,146.822,144.882,143.003,141.182,139.416,137.703,136.039,134.422,132.851,131.322,129.834,128.386,126.974,125.599,124.258,122.95,121.673,120.427,119.209,118.02,116.858,115.721,114.61,113.522,112.458,111.416,110.396,109.397,108.418,107.458,106.517,105.595,104.69,103.803,102.932,102.077,101.238,100.414,99.6044,98.8094,98.0283,97.2606,96.5061,95.7644,95.035,94.3177,93.6122,92.9182,92.2352,91.5632,90.9017,90.2505,89.6094,88.9781,88.3564
849.965,812.364,771.007,725.256,674.785,620.417,564.685,511.771,465.186,426.099,393.885,367.292,345.104,326.336,310.236,296.247,283.95,273.03,263.244,254.406,246.37,239.017,232.254,226.002,220.199,214.79,209.732,204.987,200.523,196.311,192.329,188.554,184.969,181.558,178.306,175.202,172.233,169.39,166.664,164.046,161.53,159.109,156.777,154.528,152.357,150.26,148.233,146.271,144.371,142.53,140.745,139.013,137.331,135.697,134.108,132.563,131.06,129.596,128.17,126.78,125.425,124.103,122.813,121.554,120.324,119.123,117.948,116.8,115.678,114.579,113.504,112.452,111.422,110.413,109.424,108.455,107.505,106.573,105.659,104.763,103.884,103.021,102.173,101.341,100.524,99.7212,98.9325,98.1575,97.3957,96.6468,95.9105,95.1864,94.4741,93.7734,93.084,92.4055,91.7377,91.0804,90.4332,89.7959,89.1683
851.471,814.224,773.346,728.242,678.599,625.164,570.25,517.757,471.149,431.753,399.124,372.112,349.543,330.44,314.052,299.815,287.302,276.195,266.245,257.263,249.098,241.63,234.763,228.418,222.529,217.043,211.914,207.103,202.578,198.309,194.274,190.45,186.819,183.364,180.072,176.929,173.923,171.046,168.287,165.639,163.093,160.644,158.285,156.01,153.814,151.694,149.644,147.66,145.739,143.878,142.074,140.323,138.623,136.971,135.366,133.804,132.285,130.805,129.364,127.96,126.591,125.256,123.953,122.681,121.438,120.225,119.039,117.879,116.745,115.636,114.55,113.487,112.447,111.428,110.429,109.45,108.491,107.551,106.628,105.723,104.835,103.963,103.108,102.268,101.443,100.632,99.8362,99.0537,98.2847,97.5287,96.7853,96.0543,95.3353,94.628,93.9321,93.2472,92.5731,91.9096,91.2564,90.6131,89.9796
852.956,816.053,775.637,731.154,682.304,629.763,575.654,523.608,477.021,437.355,404.337,376.921,353.978,334.545,317.871,303.385,290.659,279.364,269.25,260.123,251.829,244.246,237.275,230.836,224.862,219.298,214.097,209.22,204.633,200.308,196.22,192.346,188.669,185.171,181.837,178.656,175.614,172.702,169.911,167.231,164.656,162.178,159.792,157.491,155.271,153.127,151.054,149.049,147.107,145.226,143.402,141.632,139.914,138.245,136.622,135.044,133.509,132.014,130.559,129.14,127.757,126.408,125.091,123.807,122.552,121.326,120.128,118.957,117.812,116.691,115.595,114.522,113.471,112.442,111.434,110.446,109.477,108.527,107.596,106.682,105.786,104.906,104.042,103.194,102.361,101.543,100.739,99.9493,99.173,98.4099,97.6595,96.9217,96.1959,95.482,94.7795,94.0883,93.4079,92.7382,92.0789,91.4297,90.7903
854.422,817.852,777.883,733.995,685.905,634.223,580.903,529.324,482.8,442.904,409.522,381.718,358.409,338.65,321.691,306.959,294.018,282.536,272.258,262.986,254.563,246.865,239.79,233.256,227.196,221.554,216.281,211.337,206.689,202.307,198.166,194.243,190.519,186.978,183.603,180.383,177.305,174.358,171.534,168.823,166.218,163.712,161.299,158.972,156.728,154.56,152.464,150.437,148.474,146.572,144.729,142.94,141.204,139.517,137.878,136.284,134.733,133.223,131.752,130.319,128.922,127.559,126.23,124.932,123.665,122.427,121.217,120.034,118.878,117.746,116.639,115.556,114.495,113.456,112.438,111.44,110.462,109.503,108.563,107.641,106.736,105.847,104.975,104.119,103.279,102.453,101.642,100.844,100.061,99.2904,98.5331,97.7884,97.0559,96.3353,95.6263,94.9287,94.2421,93.5662,92.9008,92.2456,91.6004
855.869,819.623,780.086,736.77,689.407,638.551,586.004,534.908,488.484,448.395,414.676,386.498,362.833,342.753,325.513,310.535,297.38,285.711,275.269,265.852,257.299,249.485,242.306,235.678,229.532,223.811,218.466,213.456,208.747,204.308,200.113,196.14,192.37,188.785,185.369,182.11,178.995,176.014,173.157,170.415,167.78,165.246,162.805,160.453,158.184,155.992,153.873,151.824,149.841,147.919,146.056,144.248,142.494,140.79,139.134,137.523,135.956,134.431,132.945,131.497,130.086,128.71,127.367,126.057,124.777,123.527,122.305,121.111,119.943,118.801,117.683,116.589,115.518,114.469,113.441,112.434,111.447,110.479,109.53,108.598,107.685,106.788,105.908,105.044,104.196,103.362,102.543,101.739,100.948,100.17,99.406,98.6544,97.9152,97.188,96.4726,95.7685,95.0756,94.3936,93.7221,93.061,92.4099
857.297,821.366,782.247,739.482,692.816,642.755,590.962,540.362,494.072,453.825,419.796,391.262,367.25,346.854,329.335,314.113,300.745,288.889,278.282,268.719,260.038,252.107,244.824,238.101,231.869,226.069,220.652,215.576,210.804,206.308,202.06,198.038,194.221,190.592,187.136,183.838,180.686,177.67,174.78,172.006,169.342,166.779,164.312,161.933,159.639,157.424,155.282,153.211,151.207,149.265,147.382,145.556,143.783,142.061,140.388,138.761,137.178,135.638,134.137,132.675,131.25,129.86,128.504,127.181,125.888,124.626,123.392,122.187,121.008,119.854,118.726,117.622,116.54,115.481,114.444,113.427,112.43,111.453,110.495,109.556,108.633,107.729,106.84,105.968,105.112,104.271,103.444,102.632,101.834,101.05,100.278,99.5198,98.7739,98.0401,97.3181,96.6077,95.9085,95.2203,94.5428,93.8757,93.2187
858.708,823.083,784.368,742.133,696.137,646.839,595.783,545.687,499.562,459.192,424.879,396.006,371.656,350.951,333.155,317.691,304.111,292.069,281.298,271.589,262.778,254.731,247.343,240.526,234.208,228.329,222.839,217.696,212.863,208.309,204.008,199.936,196.072,192.399,188.902,185.565,182.377,179.326,176.402,173.598,170.903,168.312,165.818,163.413,161.094,158.855,156.691,154.598,152.572,150.61,148.708,146.863,145.072,143.333,141.642,139.999,138.4,136.844,135.329,133.852,132.413,131.01,129.64,128.304,126.999,125.725,124.479,123.262,122.072,120.907,119.768,118.653,117.562,116.493,115.446,114.419,113.414,112.428,111.461,110.512,109.581,108.668,107.772,106.892,106.027,105.179,104.345,103.525,102.72,101.928,101.15,100.385,99.6319,98.8915,98.1631,97.4463,96.7408,96.0464,95.3629,94.6898,94.027
860.101,824.774,786.45,744.726,699.373,650.812,600.472,550.888,504.955,464.495,429.924,400.728,376.052,355.042,336.974,321.27,307.478,295.25,284.315,274.461,265.52,257.357,249.864,242.951,236.547,230.589,225.027,219.817,214.922,210.311,205.956,201.834,197.924,194.207,190.668,187.292,184.067,180.981,178.025,175.189,172.465,169.845,167.323,164.893,162.549,160.286,158.099,155.984,153.937,151.954,150.033,148.169,146.36,144.603,142.896,141.236,139.622,138.05,136.52,135.029,133.575,132.158,130.776,129.427,128.109,126.822,125.565,124.336,123.135,121.96,120.81,119.684,118.583,117.504,116.447,115.411,114.396,113.401,112.425,111.468,110.529,109.607,108.703,107.814,106.942,106.086,105.244,104.417,103.605,102.806,102.021,101.249,100.489,99.7423,99.0074,98.2842,97.5725,96.8719,96.1823,95.5033,94.8346
861.478,826.441,788.495,747.264,702.53,654.676,605.035,555.967,510.249,469.73,434.927,405.426,380.434,359.127,340.791,324.847,310.845,298.432,287.333,277.334,268.263,259.984,252.386,245.378,238.887,232.85,227.215,221.938,216.981,212.313,207.904,203.732,199.775,196.014,192.434,189.019,185.757,182.636,179.647,176.779,174.025,171.377,168.828,166.372,164.003,161.716,159.506,157.369,155.301,153.298,151.357,149.474,147.647,145.873,144.149,142.473,140.842,139.255,137.71,136.204,134.737,133.306,131.911,130.548,129.219,127.92,126.651,125.41,124.197,123.011,121.851,120.715,119.603,118.514,117.447,116.402,115.378,114.374,113.389,112.423,111.475,110.545,109.633,108.737,107.857,106.992,106.143,105.309,104.489,103.683,102.891,102.112,101.346,100.592,99.851,99.1215,98.4035,97.6968,97.0011,96.3161,95.6416
862.837,828.083,790.505,749.749,705.611,658.44,609.477,560.926,515.445,474.896,439.886,410.098,384.802,363.205,344.603,328.424,314.213,301.615,290.353,280.208,271.008,262.612,254.909,247.806,241.228,235.112,229.404,224.06,219.041,214.315,209.853,205.63,201.626,197.822,194.2,190.746,187.447,184.291,181.269,178.37,175.586,172.909,170.333,167.85,165.457,163.146,160.913,158.754,156.665,154.642,152.681,150.779,148.934,147.142,145.401,143.708,142.062,140.46,138.899,137.38,135.898,134.454,133.045,131.67,130.327,129.016,127.735,126.483,125.259,124.062,122.891,121.745,120.622,119.524,118.447,117.393,116.359,115.346,114.352,113.377,112.421,111.483,110.562,109.658,108.77,107.898,107.042,106.2,105.373,104.56,103.761,102.975,102.202,101.442,100.694,99.9581,99.2339,98.5211,97.8193,97.1284,96.448
864.181,829.702,792.48,752.183,708.619,662.106,613.803,565.769,520.544,479.992,444.8,414.743,389.154,367.273,348.411,331.998,317.579,304.798,293.373,283.083,273.753,265.241,257.433,250.235,243.57,237.374,231.593,226.182,221.101,216.317,211.801,207.529,203.478,199.629,195.965,192.472,189.137,185.946,182.89,179.96,177.146,174.44,171.837,169.329,166.91,164.575,162.319,160.139,158.028,155.985,154.004,152.084,150.22,148.411,146.653,144.943,143.281,141.663,140.088,138.554,137.058,135.6,134.178,132.79,131.435,130.112,128.819,127.556,126.32,125.112,123.93,122.774,121.641,120.532,119.446,118.382,117.339,116.317,115.314,114.331,113.366,112.42,111.491,110.579,109.683,108.803,107.939,107.09,106.256,105.436,104.63,103.837,103.058,102.291,101.536,100.794,100.064,99.3447,98.6369,97.94,97.2538
865.51,831.298,794.423,754.569,711.558,665.679,618.018,570.499,525.547,485.016,449.666,419.358,393.488,371.331,352.213,335.569,320.945,307.981,296.393,285.959,276.499,267.87,259.957,252.664,245.912,239.637,233.783,228.304,223.161,218.319,213.75,209.427,205.329,201.436,197.731,194.199,190.826,187.6,184.511,181.549,178.705,175.971,173.34,170.806,168.362,166.004,163.725,161.522,159.391,157.327,155.327,153.387,151.506,149.678,147.903,146.178,144.5,142.866,141.276,139.728,138.218,136.746,135.311,133.91,132.543,131.207,129.903,128.627,127.381,126.162,124.969,123.802,122.659,121.541,120.445,119.371,118.319,117.287,116.276,115.284,114.311,113.356,112.419,111.499,110.595,109.708,108.836,107.98,107.139,106.311,105.498,104.699,103.912,103.139,102.378,101.63,100.893,100.168,99.4538,98.751,98.0589
866.823,832.873,796.333,756.909,714.43,669.165,622.127,575.12,530.453,489.968,454.483,423.942,397.803,375.378,356.009,339.137,324.308,311.162,299.413,288.834,279.245,270.5,262.482,255.093,248.255,241.9,235.973,230.427,225.221,220.322,215.698,211.325,207.18,203.243,199.496,195.925,192.515,189.254,186.132,183.138,180.264,177.502,174.843,172.283,169.814,167.432,165.13,162.905,160.753,158.668,156.649,154.69,152.79,150.946,149.154,147.412,145.717,144.069,142.464,140.9,139.377,137.892,136.443,135.029,133.649,132.302,130.985,129.698,128.441,127.211,126.007,124.83,123.677,122.548,121.442,120.359,119.298,118.257,117.237,116.236,115.255,114.291,113.346,112.418,111.507,110.612,109.733,108.869,108.02,107.186,106.366,105.56,104.767,103.987,103.219,102.464,101.721,100.99,100.27,99.5614,98.8635
868.121,834.426,798.213,759.204,717.24,672.566,626.133,579.634,535.265,494.848,459.25,428.493,402.098,379.412,359.797,342.7,327.67,314.343,302.433,291.71,281.991,273.13,265.007,257.523,250.598,244.163,238.163,232.55,227.282,222.324,217.647,213.223,209.031,205.049,201.261,197.65,194.203,190.908,187.752,184.727,181.823,179.031,176.346,173.759,171.266,168.859,166.535,164.288,162.114,160.009,157.97,155.993,154.074,152.212,150.403,148.645,146.934,145.27,143.65,142.073,140.535,139.036,137.574,136.148,134.755,133.395,132.067,130.769,129.5,128.259,127.044,125.856,124.693,123.555,122.44,121.347,120.276,119.226,118.197,117.188,116.198,115.226,114.273,113.337,112.418,111.515,110.628,109.757,108.901,108.06,107.233,106.42,105.62,104.834,104.06,103.298,102.549,101.812,101.086,100.371,99.6674
869.405,835.959,800.064,761.457,719.989,675.887,630.042,584.044,539.984,499.653,463.965,433.01,406.37,383.432,363.576,346.258,331.028,317.522,305.451,294.585,284.738,275.761,267.532,259.953,252.941,246.427,240.353,234.672,229.342,224.326,219.595,215.121,210.881,206.855,203.025,199.375,195.891,192.561,189.372,186.315,183.38,180.561,177.848,175.235,172.716,170.286,167.938,165.669,163.474,161.349,159.29,157.294,155.358,153.478,151.652,149.877,148.151,146.471,144.836,143.244,141.693,140.18,138.705,137.265,135.86,134.488,133.148,131.838,130.558,129.306,128.081,126.883,125.709,124.561,123.436,122.334,121.254,120.195,119.157,118.139,117.14,116.16,115.199,114.255,113.328,112.418,111.523,110.645,109.782,108.933,108.099,107.279,106.473,105.68,104.9,104.132,103.376,102.633,101.901,101.18,100.471
870.675,837.472,801.885,763.668,722.68,679.131,633.856,588.354,544.611,504.386,468.627,437.491,410.62,387.438,367.346,349.81,334.382,320.698,308.468,297.459,287.483,278.39,270.057,262.383,255.283,248.69,242.543,236.795,231.402,226.328,221.543,217.018,212.731,208.661,204.79,201.1,197.579,194.213,190.991,187.902,184.938,182.089,179.349,176.71,174.166,171.712,169.342,167.051,164.834,162.689,160.61,158.595,156.64,154.743,152.9,151.108,149.366,147.672,146.022,144.415,142.849,141.323,139.834,138.382,136.965,135.58,134.228,132.907,131.615,130.352,129.117,127.908,126.725,125.566,124.431,123.32,122.23,121.163,120.116,119.089,118.082,117.094,116.124,115.172,114.237,113.319,112.418,111.532,110.662,109.806,108.965,108.138,107.325,106.525,105.739,104.965,104.203,103.453,102.715,101.989,101.273
871.932,838.965,803.679,765.84,725.316,682.301,637.581,592.568,549.148,509.044,473.234,441.934,414.844,391.427,371.106,353.356,337.732,323.872,311.484,300.332,290.228,281.02,272.582,264.812,257.626,250.953,244.733,238.917,233.461,228.33,223.49,218.915,214.581,210.467,206.553,202.825,199.266,195.865,192.609,189.489,186.494,183.617,180.85,178.185,175.616,173.137,170.744,168.431,166.193,164.028,161.929,159.895,157.922,156.007,154.147,152.339,150.581,148.871,147.206,145.585,144.005,142.465,140.963,139.498,138.068,136.672,135.308,133.975,132.672,131.398,130.152,128.933,127.739,126.571,125.426,124.305,123.207,122.13,121.074,120.039,119.023,118.027,117.049,116.089,115.146,114.221,113.311,112.418,111.541,110.678,109.83,108.996,108.177,107.37,106.577,105.797,105.029,104.273,103.529,102.797,102.075
873.175,840.44,805.446,767.973,727.899,685.401,641.219,596.687,553.596,513.629,477.787,446.34,419.043,395.4,374.855,356.894,341.077,327.043,314.497,303.204,292.972,283.649,275.106,267.241,259.968,253.215,246.923,241.039,235.521,230.331,225.437,220.812,216.43,212.271,208.316,204.548,200.953,197.516,194.227,191.075,188.051,185.145,182.349,179.658,177.064,174.562,172.146,169.81,167.552,165.366,163.248,161.195,159.203,157.271,155.393,153.569,151.795,150.07,148.39,146.754,145.16,143.607,142.092,140.614,139.171,137.762,136.387,135.042,133.728,132.443,131.186,129.957,128.753,127.574,126.42,125.29,124.182,123.096,122.031,120.987,119.963,118.959,117.972,117.005,116.054,115.121,114.204,113.304,112.419,111.549,110.695,109.854,109.028,108.215,107.415,106.628,105.854,105.092,104.342,103.604,102.877
874.405,841.896,807.188,770.07,730.43,688.433,644.775,600.715,557.958,518.141,482.284,450.705,423.215,399.354,378.591,360.424,344.417,330.21,317.508,306.074,295.715,286.276,277.629,269.67,262.31,255.477,249.112,243.16,237.58,232.332,227.384,222.708,218.279,214.076,210.079,206.271,202.639,199.167,195.845,192.661,189.606,186.671,183.849,181.131,178.512,175.986,173.547,171.189,168.909,166.703,164.565,162.493,160.484,158.533,156.639,154.798,153.009,151.267,149.573,147.922,146.315,144.747,143.219,141.728,140.273,138.852,137.465,136.109,134.783,133.487,132.22,130.98,129.766,128.578,127.414,126.274,125.157,124.062,122.988,121.935,120.903,119.89,118.896,117.92,116.962,116.021,115.097,114.189,113.297,112.42,111.558,110.711,109.878,109.058,108.252,107.459,106.679,105.911,105.155,104.41,103.678
875.622,843.335,808.904,772.132,732.913,691.401,648.251,604.656,562.235,522.581,486.725,455.031,427.359,403.289,382.315,363.946,347.751,333.373,320.516,308.941,298.456,288.903,280.152,272.097,264.651,257.739,251.3,245.281,239.638,234.332,229.33,224.603,220.127,215.879,211.841,207.994,204.324,200.817,197.461,194.246,191.161,188.197,185.347,182.604,179.96,177.409,174.947,172.567,170.266,168.039,165.882,163.791,161.763,159.795,157.884,156.027,154.221,152.465,150.755,149.09,147.468,145.887,144.346,142.842,141.374,139.941,138.542,137.174,135.838,134.531,133.253,132.002,130.778,129.58,128.406,127.257,126.13,125.026,123.944,122.883,121.842,120.82,119.818,118.834,117.868,116.92,115.988,115.073,114.174,113.29,112.421,111.567,110.727,109.901,109.089,108.289,107.503,106.729,105.967,105.216,104.478
876.827,844.756,810.596,774.159,735.349,694.307,651.65,608.511,566.428,526.948,491.109,459.315,431.473,407.205,386.025,367.458,351.079,336.531,323.52,311.807,301.196,291.528,282.673,274.524,266.991,260,253.488,247.401,241.696,236.331,231.275,226.498,221.975,217.683,213.602,209.716,206.008,202.466,199.077,195.83,192.715,189.722,186.845,184.075,181.406,178.832,176.346,173.945,171.622,169.375,167.198,165.088,163.042,161.056,159.128,157.254,155.433,153.661,151.936,150.257,148.621,147.027,145.472,143.955,142.475,141.03,139.618,138.239,136.892,135.574,134.285,133.024,131.79,130.581,129.398,128.239,127.104,125.991,124.899,123.829,122.78,121.75,120.74,119.748,118.774,117.818,116.879,115.957,115.05,114.159,113.284,112.423,111.576,110.744,109.925,109.119,108.326,107.546,106.778,106.022,105.277
878.02,846.161,812.264,776.154,737.739,697.152,654.976,612.285,570.541,531.244,495.436,463.556,435.558,411.099,389.72,370.959,354.399,339.684,326.521,314.669,303.933,294.152,285.193,276.95,269.33,262.26,255.675,249.521,243.753,238.33,233.22,228.393,223.822,219.485,215.363,211.437,207.692,204.115,200.692,197.413,194.268,191.247,188.342,185.546,182.852,180.253,177.745,175.321,172.978,170.71,168.513,166.385,164.32,162.317,160.371,158.481,156.644,154.856,153.117,151.423,149.773,148.165,146.597,145.067,143.575,142.117,140.694,139.304,137.945,136.616,135.316,134.045,132.8,131.582,130.389,129.221,128.076,126.954,125.854,124.775,123.717,122.679,121.661,120.661,119.68,118.716,117.769,116.839,115.926,115.028,114.145,113.278,112.424,111.585,110.76,109.948,109.149,108.362,107.588,106.826,106.076
879.201,847.549,813.909,778.116,740.085,699.941,658.232,615.979,574.574,535.47,499.706,467.755,439.612,414.971,393.401,374.45,357.711,342.832,329.518,317.529,306.668,296.773,287.712,279.374,271.668,264.519,257.861,251.639,245.809,240.328,235.164,230.286,225.668,221.287,217.122,213.157,209.375,205.763,202.307,198.996,195.82,192.77,189.838,187.016,184.297,181.674,179.143,176.697,174.332,172.044,169.828,167.68,165.597,163.576,161.614,159.707,157.854,156.051,154.297,152.588,150.924,149.302,147.721,146.179,144.674,143.204,141.769,140.367,138.997,137.657,136.347,135.065,133.81,132.582,131.38,130.202,129.048,127.917,126.808,125.721,124.654,123.608,122.581,121.574,120.584,119.613,118.659,117.722,116.801,115.896,115.006,114.132,113.272,112.426,111.594,110.776,109.971,109.178,108.398,107.631,106.875
880.37,848.921,815.532,780.048,742.39,702.674,661.42,619.596,578.53,539.625,503.919,471.91,443.634,418.821,397.064,377.93,361.016,345.973,332.51,320.385,309.401,299.393,290.229,281.797,274.005,266.777,260.046,253.757,247.864,242.326,237.107,232.179,227.513,223.087,218.881,214.877,211.058,207.41,203.92,200.578,197.372,194.293,191.333,188.485,185.741,183.094,180.54,178.072,175.686,173.377,171.141,168.975,166.874,164.835,162.856,160.933,159.063,157.245,155.475,153.753,152.075,150.439,148.845,147.289,145.772,144.29,142.843,141.43,140.048,138.698,137.377,136.084,134.82,133.582,132.369,131.182,130.019,128.879,127.761,126.665,125.59,124.536,123.501,122.485,121.488,120.509,119.548,118.603,117.675,116.763,115.867,114.985,114.119,113.267,112.428,111.604,110.792,109.994,109.208,108.434,107.672
881.528,850.277,817.134,781.951,744.654,705.355,664.542,623.139,582.411,543.712,508.075,476.021,447.623,422.647,400.712,381.398,364.311,349.108,335.498,323.238,312.13,302.01,292.744,284.218,276.341,269.033,262.23,255.874,249.918,244.322,239.05,234.07,229.357,224.887,220.639,216.595,212.739,209.056,205.533,202.159,198.923,195.815,192.828,189.953,187.184,184.513,181.936,179.446,177.039,174.709,172.454,170.268,168.149,166.093,164.096,162.157,160.272,158.438,156.654,154.916,153.224,151.575,149.967,148.399,146.869,145.375,143.917,142.492,141.099,139.737,138.406,137.103,135.828,134.58,133.358,132.162,130.989,129.84,128.713,127.609,126.525,125.463,124.42,123.396,122.391,121.405,120.436,119.484,118.549,117.63,116.726,115.838,114.965,114.106,113.262,112.431,111.613,110.808,110.016,109.237,108.469
882.675,851.618,818.715,783.824,746.879,707.984,667.601,626.61,586.218,547.731,512.174,480.088,451.579,426.449,404.341,384.852,367.598,352.237,338.48,326.086,314.856,304.625,295.257,286.638,278.675,271.289,264.412,257.989,251.971,246.317,240.991,235.961,231.201,226.686,222.397,218.313,214.42,210.701,207.145,203.739,200.472,197.336,194.322,191.421,188.626,185.932,183.331,180.819,178.391,176.041,173.766,171.561,169.424,167.35,165.336,163.38,161.479,159.63,157.831,156.079,154.373,152.71,151.089,149.508,147.966,146.46,144.989,143.553,142.149,140.776,139.434,138.121,136.836,135.578,134.346,133.14,131.958,130.8,129.665,128.552,127.46,126.389,125.338,124.306,123.294,122.3,121.323,120.364,119.422,118.496,117.585,116.69,115.811,114.945,114.094,113.257,112.433,111.622,110.824,110.039,109.266
883.811,852.945,820.275,785.67,749.066,710.564,670.6,630.012,589.953,551.684,516.216,484.109,455.501,430.226,407.953,388.294,370.874,355.358,341.457,328.931,317.579,307.237,297.767,289.056,281.007,273.542,266.594,260.104,254.024,248.311,242.931,237.851,233.043,228.484,224.153,220.03,216.099,212.345,208.756,205.318,202.021,198.856,195.814,192.887,190.068,187.349,184.725,182.191,179.742,177.372,175.077,172.853,170.698,168.606,166.576,164.603,162.686,160.821,159.007,157.241,155.521,153.845,152.21,150.617,149.061,147.543,146.061,144.613,143.198,141.814,140.461,139.138,137.843,136.575,135.334,134.118,132.927,131.76,130.616,129.494,128.394,127.314,126.255,125.216,124.196,123.194,122.21,121.243,120.294,119.361,118.444,117.542,116.655,115.784,114.926,114.083,113.253,112.436,111.632,110.84,110.061
884.937,854.257,821.816,787.488,751.217,713.097,673.541,633.347,593.619,555.571,520.202,488.085,459.389,433.978,411.545,391.722,374.14,358.471,344.428,331.77,320.299,309.846,300.275,291.471,283.338,275.794,268.773,262.216,256.074,250.304,244.87,239.739,234.885,230.281,225.908,221.746,217.778,213.989,210.366,206.896,203.569,200.376,197.306,194.353,191.508,188.765,186.119,183.563,181.092,178.701,176.387,174.145,171.971,169.861,167.814,165.825,163.892,162.012,160.183,158.402,156.668,154.978,153.331,151.724,150.156,148.626,147.132,145.672,144.246,142.851,141.488,140.154,138.849,137.571,136.32,135.095,133.895,132.719,131.566,130.435,129.327,128.239,127.172,126.125,125.097,124.087,123.096,122.122,121.165,120.225,119.301,118.393,117.5,116.621,115.757,114.908,114.071,113.249,112.439,111.641,110.856
886.052,855.555,823.338,789.281,753.333,715.584,676.425,636.618,597.216,559.394,524.132,492.016,463.242,437.703,415.118,395.135,377.396,361.576,347.392,334.605,323.014,312.452,302.781,293.884,285.666,278.045,270.952,264.328,258.124,252.296,246.808,241.627,236.725,232.077,227.662,223.461,219.455,215.631,211.975,208.473,205.116,201.894,198.797,195.817,192.948,190.181,187.511,184.933,182.441,180.03,177.696,175.435,173.243,171.116,169.051,167.046,165.097,163.202,161.358,159.562,157.814,156.111,154.45,152.831,151.25,149.708,148.202,146.731,145.293,143.888,142.514,141.17,139.854,138.567,137.306,136.072,134.862,133.677,132.515,131.376,130.259,129.163,128.088,127.033,125.997,124.98,123.981,123,122.036,121.089,120.158,119.243,118.343,117.458,116.588,115.732,114.89,114.061,113.245,112.442,111.651
887.157,856.839,824.84,791.048,755.415,718.027,679.255,639.825,600.748,563.153,528.006,495.902,467.059,441.401,418.672,398.533,380.64,364.672,350.35,337.435,325.725,315.054,305.283,296.295,287.992,280.293,273.128,266.438,260.172,254.286,248.745,243.513,238.564,233.872,229.415,225.174,221.132,217.272,213.582,210.049,206.662,203.411,200.287,197.281,194.386,191.596,188.903,186.303,183.789,181.358,179.004,176.724,174.514,172.369,170.288,168.266,166.301,164.39,162.531,160.722,158.96,157.242,155.569,153.936,152.344,150.789,149.271,147.789,146.34,144.924,143.539,142.184,140.859,139.561,138.291,137.047,135.829,134.634,133.464,132.316,131.191,130.087,129.003,127.94,126.897,125.872,124.866,123.877,122.906,121.952,121.014,120.092,119.186,118.295,117.418,116.556,115.707,114.872,114.05,113.241,112.445
888.252,858.11,826.325,792.791,757.464,720.427,682.032,642.972,604.216,566.851,531.825,499.741,470.84,445.072,422.204,401.916,383.872,367.76,353.301,340.259,328.432,317.653,307.783,298.703,290.317,282.54,275.303,268.546,262.218,256.275,250.68,245.398,240.402,235.666,231.167,226.887,222.807,218.913,215.189,211.625,208.207,204.927,201.776,198.744,195.824,193.009,190.294,187.671,185.137,182.685,180.312,178.013,175.784,173.622,171.523,169.485,167.504,165.578,163.704,161.88,160.104,158.373,156.686,155.041,153.436,151.869,150.34,148.846,147.386,145.959,144.563,143.198,141.863,140.555,139.276,138.022,136.794,135.591,134.412,133.255,132.121,131.009,129.918,128.847,127.795,126.763,125.75,124.754,123.776,122.815,121.87,120.941,120.028,119.13,118.247,117.379,116.524,115.683,114.855,114.04,113.238
889.337,859.367,827.792,794.51,759.481,722.786,684.758,646.061,607.621,570.487,535.59,503.536,474.586,448.716,425.715,405.282,387.093,370.838,356.245,343.077,331.134,320.248,310.279,301.109,292.638,284.784,277.476,270.652,264.263,258.263,252.614,247.282,242.238,237.458,232.918,228.598,224.482,220.552,216.795,213.199,209.751,206.443,203.263,200.205,197.26,194.422,191.683,189.039,186.483,184.011,181.618,179.3,177.053,174.873,172.758,170.703,168.706,166.765,164.876,163.038,161.248,159.503,157.803,156.145,154.527,152.949,151.407,149.902,148.431,146.993,145.587,144.211,142.866,141.548,140.259,138.996,137.759,136.547,135.359,134.194,133.051,131.931,130.832,129.753,128.694,127.654,126.633,125.63,124.644,123.676,122.725,121.789,120.87,119.965,119.076,118.201,117.34,116.493,115.659,114.838,114.03
890.413,860.612,829.242,796.205,761.468,725.106,687.436,649.092,610.965,574.064,539.3,507.284,478.294,452.331,429.205,408.633,390.3,373.906,359.181,345.889,333.831,322.839,312.772,303.511,294.957,287.026,279.646,272.757,266.306,260.249,254.546,249.164,244.074,239.249,234.667,230.309,226.155,222.19,218.4,214.772,211.294,207.957,204.75,201.666,198.696,195.833,193.072,190.405,187.828,185.336,182.923,180.586,178.321,176.124,173.992,171.92,169.908,167.951,166.047,164.195,162.39,160.632,158.919,157.248,155.618,154.027,152.474,150.957,149.475,148.026,146.609,145.223,143.868,142.541,141.242,139.969,138.723,137.502,136.305,135.132,133.981,132.852,131.745,130.658,129.591,128.544,127.515,126.505,125.512,124.537,123.579,122.637,121.71,120.8,119.904,119.022,118.155,117.302,116.463,115.636,114.822
891.48,861.845,830.675,797.878,763.424,727.387,690.067,652.069,614.25,577.583,542.958,510.988,481.966,455.917,432.672,411.966,393.495,376.964,362.109,348.694,336.523,325.425,315.261,305.911,297.274,289.266,281.815,274.86,268.348,262.233,256.477,251.045,245.908,241.039,236.416,232.017,227.826,223.826,220.003,216.343,212.836,209.47,206.236,203.125,200.13,197.244,194.459,191.771,189.173,186.66,184.228,181.872,179.589,177.374,175.224,173.137,171.108,169.136,167.218,165.35,163.532,161.761,160.034,158.35,156.708,155.105,153.54,152.011,150.518,149.058,147.631,146.235,144.869,143.532,142.224,140.942,139.686,138.456,137.251,136.068,134.909,133.772,132.657,131.562,130.488,129.433,128.397,127.379,126.38,125.398,124.432,123.483,122.551,121.633,120.731,119.843,118.97,118.111,117.265,116.433,115.614
892.537,863.065,832.091,799.53,765.352,729.631,692.651,654.993,617.478,581.045,546.563,514.646,485.602,459.474,436.117,415.282,396.676,380.012,365.028,351.493,339.209,328.007,317.746,308.307,299.587,291.503,283.982,276.961,270.387,264.215,258.406,252.924,247.74,242.827,238.162,233.725,229.497,225.462,221.605,217.914,214.376,210.982,207.72,204.584,201.564,198.653,195.846,193.135,190.516,187.983,185.531,183.157,180.855,178.623,176.456,174.352,172.308,170.32,168.387,166.505,164.673,162.888,161.148,159.452,157.797,156.182,154.605,153.065,151.56,150.09,148.652,147.246,145.87,144.523,143.205,141.914,140.649,139.41,138.195,137.005,135.837,134.692,133.568,132.466,131.384,130.321,129.278,128.253,127.246,126.257,125.285,124.329,123.39,122.466,121.558,120.664,119.784,118.919,118.068,117.229,116.404
893.585,864.273,833.492,801.16,767.252,731.839,695.192,657.865,620.649,584.451,550.117,518.259,489.2,463.001,439.539,418.579,399.843,383.049,367.939,354.285,341.89,330.585,320.228,310.699,301.898,293.738,286.146,279.059,272.425,266.196,260.333,254.802,249.571,244.614,239.908,235.431,231.166,227.096,223.206,219.484,215.916,212.492,209.204,206.041,202.996,200.062,197.231,194.499,191.858,189.305,186.834,184.44,182.12,179.87,177.687,175.567,173.506,171.504,169.555,167.659,165.813,164.014,162.262,160.552,158.885,157.258,155.669,154.118,152.602,151.121,149.672,148.255,146.869,145.513,144.185,142.884,141.611,140.363,139.139,137.94,136.764,135.611,134.479,133.369,132.279,131.209,130.158,129.126,128.112,127.116,126.137,125.175,124.229,123.298,122.383,121.483,120.598,119.727,118.869,118.025,117.194
894.625,865.469,834.877,802.769,769.125,734.012,697.689,660.688,623.767,587.802,553.619,521.828,492.761,466.499,442.938,421.859,402.995,386.074,370.841,357.07,344.565,333.157,322.705,313.088,304.206,295.97,288.307,281.155,274.46,268.175,262.259,256.677,251.4,246.399,241.652,237.136,232.834,228.729,224.806,221.052,217.454,214.002,210.686,207.497,204.427,201.469,198.616,195.861,193.2,190.626,188.135,185.723,183.385,181.117,178.917,176.78,174.704,172.686,170.723,168.812,166.952,165.14,163.374,161.652,159.972,158.333,156.733,155.17,153.643,152.15,150.691,149.264,147.868,146.502,145.164,143.855,142.572,141.315,140.083,138.875,137.69,136.529,135.389,134.271,133.173,132.096,131.038,129.998,128.977,127.974,126.988,126.019,125.067,124.13,123.209,122.302,121.411,120.533,119.67,118.82,117.983
895.656,866.655,836.247,804.358,770.971,736.151,700.145,663.462,626.832,591.099,557.071,525.352,496.285,469.967,446.313,425.12,406.134,389.088,373.734,359.847,347.233,335.724,325.178,315.474,306.51,298.199,290.466,283.249,276.493,270.151,264.183,258.552,253.228,248.183,243.394,238.84,234.501,230.361,226.405,222.619,218.991,215.51,212.167,208.952,205.857,202.875,199.999,197.223,194.54,191.946,189.435,187.004,184.648,182.363,180.146,177.993,175.901,173.867,171.889,169.964,168.09,166.265,164.485,162.751,161.058,159.407,157.795,156.221,154.683,153.179,151.71,150.272,148.866,147.49,146.143,144.824,143.532,142.266,141.025,139.809,138.616,137.446,136.298,135.172,134.067,132.982,131.916,130.87,129.842,128.832,127.839,126.863,125.904,124.961,124.033,123.121,122.223,121.34,120.47,119.615,118.772
896.678,867.828,837.602,805.928,772.792,738.257,702.561,666.189,629.845,594.345,560.473,528.833,499.771,473.404,449.664,428.362,409.257,392.09,376.617,362.617,349.895,338.286,327.646,317.855,308.811,300.425,292.623,285.341,278.524,272.126,266.105,260.424,255.053,249.965,245.135,240.542,236.166,231.991,228.002,224.184,220.527,217.017,213.647,210.406,207.286,204.28,201.381,198.583,195.879,193.264,190.735,188.284,185.91,183.608,181.373,179.204,177.096,175.048,173.055,171.116,169.228,167.388,165.596,163.848,162.144,160.48,158.857,157.271,155.722,154.208,152.727,151.28,149.864,148.478,147.121,145.792,144.491,143.216,141.967,140.742,139.541,138.363,137.207,136.073,134.96,133.867,132.794,131.741,130.706,129.688,128.689,127.707,126.741,125.791,124.857,123.938,123.034,122.145,121.27,120.408,119.56
897.692,868.991,838.942,807.479,774.588,740.332,704.938,668.871,632.808,597.539,563.827,532.269,503.221,476.812,452.99,431.585,412.365,395.08,379.491,365.379,352.551,340.842,330.11,320.233,311.108,302.647,294.776,287.43,280.553,274.099,268.024,262.295,256.878,251.746,246.874,242.242,237.83,233.62,229.597,225.749,222.061,218.523,215.126,211.859,208.714,205.684,202.762,199.942,197.217,194.582,192.033,189.564,187.171,184.851,182.6,180.415,178.291,176.227,174.219,172.266,170.364,168.511,166.706,164.945,163.228,161.553,159.917,158.32,156.76,155.235,153.744,152.286,150.86,149.464,148.098,146.76,145.45,144.166,142.907,141.674,140.465,139.278,138.115,136.973,135.852,134.752,133.672,132.611,131.569,130.545,129.538,128.549,127.577,126.62,125.68,124.755,123.845,122.95,122.069,121.201,120.348
898.698,870.144,840.268,809.011,776.359,742.376,707.278,671.509,635.723,600.683,567.133,535.663,506.634,480.188,456.292,434.788,415.457,398.057,382.354,368.132,355.2,343.393,332.569,322.606,313.402,304.867,296.927,289.516,282.58,276.069,269.942,264.163,258.7,253.525,248.612,243.941,239.492,235.247,231.192,227.312,223.594,220.028,216.603,213.31,210.141,207.087,204.142,201.3,198.554,195.899,193.33,190.842,188.432,186.094,183.826,181.624,179.485,177.405,175.383,173.415,171.499,169.633,167.814,166.041,164.312,162.624,160.977,159.369,157.797,156.261,154.76,153.292,151.855,150.45,149.074,147.727,146.407,145.114,143.848,142.606,141.388,140.193,139.022,137.872,136.744,135.636,134.548,133.48,132.431,131.4,130.387,129.391,128.412,127.449,126.503,125.571,124.655,123.754,122.867,121.994,121.134
899.696,871.285,841.581,810.525,778.108,744.391,709.581,674.104,638.591,603.779,570.392,539.013,510.009,483.534,459.569,437.971,418.533,401.022,385.207,370.877,357.842,345.938,335.023,324.975,315.692,307.083,299.075,291.6,284.604,278.037,271.858,266.03,260.52,255.302,250.348,245.638,241.153,236.873,232.785,228.873,225.126,221.531,218.079,214.76,211.566,208.488,205.521,202.657,199.89,197.214,194.626,192.119,189.691,187.336,185.051,182.833,180.678,178.583,176.546,174.563,172.633,170.754,168.922,167.136,165.395,163.695,162.036,160.416,158.834,157.287,155.775,154.297,152.85,151.435,150.049,148.693,147.364,146.062,144.787,143.536,142.31,141.108,139.928,138.771,137.634,136.519,135.424,134.349,133.292,132.254,131.235,130.232,129.246,128.277,127.324,126.387,125.465,124.557,123.664,122.786,121.92
900.686,872.417,842.88,812.021,779.833,746.376,711.848,676.658,641.413,606.827,573.605,542.322,513.348,486.85,462.821,441.134,421.593,403.973,388.049,373.613,360.476,348.476,337.471,327.34,317.978,309.296,301.219,293.681,286.625,280.003,273.772,267.895,262.339,257.077,252.083,247.334,242.812,238.498,234.376,230.433,226.656,223.033,219.554,216.209,212.99,209.889,206.898,204.012,201.224,198.529,195.921,193.396,190.949,188.576,186.275,184.04,181.869,179.759,177.707,175.711,173.767,171.874,170.029,168.23,166.476,164.765,163.094,161.463,159.869,158.312,156.789,155.3,153.844,152.419,151.024,149.658,148.32,147.01,145.725,144.466,143.232,142.021,140.834,139.668,138.524,137.402,136.299,135.217,134.153,133.108,132.082,131.072,130.08,129.105,128.145,127.202,126.274,125.36,124.461,123.577,122.706
901.668,873.538,844.166,813.501,781.536,748.333,714.081,679.171,644.19,609.828,576.772,545.589,516.651,490.134,466.047,444.277,424.637,406.911,390.881,376.34,363.104,351.009,339.915,329.7,320.26,311.505,303.361,295.759,288.644,281.966,275.683,269.757,264.156,258.85,253.815,249.028,244.469,240.12,235.966,231.992,228.185,224.534,221.027,217.657,214.413,211.288,208.275,205.367,202.558,199.842,197.215,194.671,192.206,189.816,187.497,185.246,183.06,180.935,178.868,176.857,174.899,172.993,171.135,169.324,167.557,165.834,164.151,162.508,160.904,159.336,157.803,156.304,154.837,153.402,151.998,150.622,149.276,147.956,146.663,145.395,144.153,142.934,141.738,140.565,139.414,138.283,137.174,136.084,135.013,133.962,132.928,131.912,130.913,129.932,128.966,128.016,127.082,126.162,125.258,124.367,123.491
902.643,874.649,845.439,814.963,783.218,750.263,716.28,681.645,646.924,612.784,579.895,548.814,519.917,493.388,469.248,447.398,427.663,409.835,393.701,379.058,365.723,353.535,342.352,332.055,322.537,313.711,305.499,297.834,290.66,283.927,277.592,271.617,265.97,260.622,255.546,250.72,246.125,241.742,237.555,233.549,229.712,226.033,222.499,219.103,215.834,212.686,209.65,206.72,203.89,201.154,198.507,195.945,193.462,191.054,188.719,186.452,184.249,182.109,180.027,178.002,176.031,174.111,172.24,170.416,168.637,166.901,165.207,163.553,161.937,160.358,158.815,157.306,155.829,154.385,152.971,151.586,150.23,148.902,147.6,146.324,145.073,143.846,142.642,141.461,140.302,139.164,138.047,136.95,135.873,134.814,133.774,132.751,131.746,130.758,129.786,128.83,127.889,126.964,126.053,125.157,124.275
