N2 Density [kg/m3] PelePhys
284.306,167.837,147.792,135.17,125.901,118.577,112.531,107.392,102.932,98.9981,95.4852,92.3164,89.4341,86.7941,84.3615,82.1086,80.0127,78.0551,76.2202,74.4951,72.8685,71.3309,69.874,68.4907,67.1746,65.9204,64.723,63.5781,62.482,61.431,60.4221,59.4525,58.5196,57.6211,56.7549,55.9191,55.1118,54.3315,53.5767,52.846,52.1381,51.4519,50.7863,50.1402,49.5127,48.903,48.3101,47.7334,47.1722,46.6257,46.0933,45.5744,45.0685,44.5751,44.0936,43.6236,43.1646,42.7162,42.278,41.8497,41.4309,41.0212,40.6204,40.228,39.8439,39.4678,39.0993,38.7383,38.3844,38.0376,37.6975,37.3639,37.0366,36.7155,36.4004,36.0911,35.7874,35.4891,35.1961,34.9083,34.6255,34.3475,34.0743,33.8057,33.5416,33.2819,33.0264,32.775,32.5277,32.2843,32.0448,31.809,31.5769,31.3483,31.1232,30.9015,30.6831,30.4679,30.2559,30.0469,29.841
343.237,178.043,154.285,140.218,130.139,122.283,115.855,110.426,105.735,101.613,97.9424,94.6394,91.6411,88.8995,86.377,84.0437,81.8755,79.8523,77.9577,76.1778,74.5007,72.9164,71.4162,69.9926,68.6388,67.3492,66.1185,64.9424,63.8166,62.7377,61.7023,60.7074,59.7505,58.8292,57.9411,57.0844,56.2572,55.4577,54.6846,53.9362,53.2114,52.5089,51.8275,51.1662,50.5241,49.9002,49.2937,48.7038,48.1297,47.5708,47.0264,46.4959,45.9787,45.4742,44.982,44.5016,44.0325,43.5743,43.1266,42.6889,42.261,41.8424,41.4329,41.0322,40.6398,40.2556,39.8793,39.5106,39.1492,38.795,38.4477,38.1071,37.773,37.4452,37.1234,36.8076,36.4976,36.1931,35.894,35.6003,35.3116,35.0279,34.7491,34.4749,34.2054,33.9403,33.6796,33.4231,33.1707,32.9224,32.6779,32.4373,32.2005,31.9672,31.7376,31.5113,31.2885,31.069,30.8527,30.6395,30.4295
361.273,190.046,161.267,145.505,134.521,126.087,119.25,113.513,108.58,104.262,100.428,96.9862,93.8682,91.022,88.4072,85.9917,83.7495,81.6595,79.704,77.8683,76.1399,74.5083,72.9641,71.4995,70.1075,68.7821,67.5178,66.31,65.1543,64.0471,62.9849,61.9646,60.9835,60.0391,59.1291,58.2513,57.404,56.5853,55.7936,55.0275,54.2856,53.5666,52.8695,52.1929,51.5361,50.898,50.2778,49.6746,49.0876,48.5163,47.9598,47.4175,46.889,46.3735,45.8706,45.3797,44.9005,44.4324,43.9751,43.5281,43.091,42.6636,42.2454,41.8362,41.4356,41.0433,40.6591,40.2827,39.9138,39.5523,39.1978,38.8501,38.5091,38.1745,37.8462,37.5239,37.2075,36.8968,36.5917,36.2919,35.9974,35.708,35.4235,35.1438,34.8688,34.5984,34.3324,34.0708,33.8134,33.56,33.3107,33.0653,32.8237,32.5858,32.3516,32.1209,31.8936,31.6698,31.4492,31.2318,31.0176
373.829,204.742,168.822,151.055,139.059,129.994,122.719,116.657,111.47,106.946,102.942,99.3569,96.1155,93.1619,90.4524,87.9526,85.6349,83.4766,81.459,79.5666,77.7861,76.1063,74.5175,73.0114,71.5807,70.219,68.9207,67.6809,66.4951,65.3593,64.27,63.2241,62.2186,61.2509,60.3187,59.4197,58.5521,57.714,56.9038,56.1198,55.3607,54.6253,53.9122,53.2203,52.5487,51.8963,51.2623,50.6457,50.0459,49.462,48.8934,48.3394,47.7994,47.2729,46.7592,46.2579,45.7685,45.2905,44.8235,44.3672,43.921,43.4846,43.0578,42.64,42.2312,41.8308,41.4387,41.0546,40.6782,40.3093,39.9476,39.5929,39.245,38.9037,38.5687,38.24,37.9172,37.6003,37.289,36.9833,36.6829,36.3877,36.0976,35.8124,35.532,35.2562,34.985,34.7182,34.4557,34.1974,33.9432,33.693,33.4466,33.2041,32.9653,32.7301,32.4984,32.2702,32.0453,31.8237,31.6053
383.762,223.797,177.06,156.896,143.762,134.009,126.266,119.857,114.404,109.666,105.486,101.752,98.3832,95.3191,92.5125,89.9265,87.5316,85.3036,83.2228,81.2727,79.4392,77.7105,76.0764,74.5283,73.0584,71.66,70.3273,69.0551,67.8387,66.6741,65.5576,64.4857,63.4556,62.4645,61.5099,60.5897,59.7016,58.844,58.015,57.2131,56.4368,55.6847,54.9556,54.2483,53.5619,52.8951,52.2472,51.6173,51.0045,50.408,49.8273,49.2615,48.71,48.1724,47.6479,47.1361,46.6365,46.1486,45.672,45.2062,44.7509,44.3056,43.87,43.4438,43.0266,42.6182,42.2182,41.8264,41.4424,41.0661,40.6972,40.3354,39.9806,39.6325,39.2909,38.9557,38.6266,38.3035,37.9861,37.6744,37.3681,37.0672,36.7714,36.4806,36.1948,35.9136,35.6372,35.3652,35.0977,34.8344,34.5753,34.3203,34.0692,33.822,33.5786,33.3389,33.1028,32.8702,32.6411,32.4153,32.1927
392.104,249.903,186.116,163.059,148.642,138.138,129.891,123.118,117.383,112.422,108.059,104.171,100.671,97.4938,94.5876,91.9133,89.4396,87.1406,84.9954,82.9865,81.0991,79.3208,77.6409,76.0501,74.5405,73.105,71.7375,70.4326,69.1854,67.9916,66.8475,65.7495,64.6946,63.6799,62.7028,61.7611,60.8525,59.9752,59.1274,58.3074,57.5137,56.7449,55.9997,55.277,54.5756,53.8944,53.2326,52.5892,51.9634,51.3543,50.7613,50.1837,49.6208,49.072,48.5367,48.0144,47.5046,47.0067,46.5204,46.0452,45.5806,45.1264,44.6821,44.2474,43.8219,43.4054,42.9975,42.5979,42.2064,41.8227,41.4465,41.0777,40.716,40.3611,40.0129,39.6712,39.3357,39.0063,38.6829,38.3651,38.053,37.7463,37.4448,37.1485,36.8572,36.5708,36.289,36.0119,35.7393,35.471,35.207,34.9472,34.6914,34.4396,34.1916,33.9474,33.7069,33.4699,33.2365,33.0065,32.7798
399.36,281.711,196.159,169.579,153.711,142.387,133.6,126.438,120.409,115.215,110.662,106.615,102.98,99.686,96.6777,93.9132,91.3589,88.9875,86.7767,84.708,82.7659,80.9373,79.2108,77.5768,76.027,74.5539,73.1512,71.8132,70.5349,69.3118,68.1399,67.0155,65.9356,64.8971,63.8973,62.9339,62.0047,61.1076,60.2408,59.4026,58.5914,57.8059,57.0445,56.3063,55.5898,54.8942,54.2184,53.5615,52.9226,52.3009,51.6957,51.1061,50.5317,49.9717,49.4256,48.8927,48.3726,47.8648,47.3688,46.8841,46.4104,45.9472,45.4941,45.0509,44.6171,44.1924,43.7765,43.3692,42.9701,42.579,42.1956,41.8197,41.4511,41.0894,40.7346,40.3863,40.0445,39.7089,39.3793,39.0556,38.7376,38.4251,38.118,37.8161,37.5194,37.2275,36.9406,36.6583,36.3806,36.1074,35.8385,35.5738,35.3133,35.0568,34.8043,34.5556,34.3106,34.0693,33.8315,33.5973,33.3665
405.819,308.281,207.391,176.495,158.984,146.761,137.394,129.822,123.483,118.046,113.295,109.084,105.31,101.896,98.783,95.9261,93.2895,90.8443,88.5667,86.4373,84.4396,82.5598,80.7862,79.1084,77.5179,76.0068,74.5685,73.1971,71.8874,70.6346,69.4346,68.2837,67.1785,66.116,65.0934,64.1082,63.1581,62.2411,61.3553,60.4988,59.67,58.8676,58.09,57.3361,56.6046,55.8945,55.2046,54.5341,53.8821,53.2477,52.6302,52.0287,51.4427,50.8715,50.3145,49.771,49.2407,48.7228,48.2171,47.7229,47.24,46.7678,46.306,45.8542,45.412,44.9792,44.5554,44.1403,43.7337,43.3351,42.9445,42.5615,42.1859,41.8175,41.456,41.1012,40.753,40.4112,40.0755,39.7457,39.4218,39.1036,38.7908,38.4834,38.1812,37.884,37.5918,37.3043,37.0215,36.7433,36.4695,36.2001,35.9348,35.6737,35.4166,35.1633,34.9139,34.6683,34.4262,34.1878,33.9528
411.664,327.342,220.02,183.85,164.473,151.265,141.276,133.269,126.606,120.915,115.959,111.579,107.661,104.124,100.903,97.9521,95.2315,92.711,90.3654,88.1742,86.1201,84.1884,82.3669,80.6449,79.0131,77.4636,75.9893,74.5842,73.2427,71.9599,70.7317,69.5539,68.4233,67.3366,66.291,65.2839,64.3129,63.3758,62.4708,61.5959,60.7495,59.9301,59.1362,58.3666,57.6199,56.8952,56.1912,55.5071,54.8419,54.1947,53.5649,52.9515,52.3539,51.7714,51.2034,50.6494,50.1087,49.5808,49.0653,48.5617,48.0695,47.5883,47.1177,46.6573,46.2068,45.7658,45.3341,44.9112,44.497,44.091,43.6931,43.303,42.9205,42.5452,42.1771,41.8158,41.4612,41.1131,40.7713,40.4356,40.1058,39.7817,39.4633,39.1503,38.8426,38.5401,38.2426,37.95,37.6622,37.3789,37.1003,36.826,36.556,36.2902,36.0285,35.7708,35.5169,35.2669,35.0206,34.7779,34.5388
417.02,341.753,234.175,191.687,170.194,155.907,145.25,136.782,129.778,123.822,118.654,114.098,110.033,106.369,103.039,99.9911,97.1848,94.5875,92.1728,89.9188,87.8073,85.8231,83.9531,82.1861,80.5126,78.9242,77.4136,75.9744,74.6008,73.2878,72.031,70.8263,69.67,68.559,67.4902,66.461,65.4689,64.5116,63.5873,62.6939,61.8298,60.9933,60.183,59.3976,58.6357,57.8963,57.1782,56.4804,55.802,55.142,54.4997,53.8743,53.2651,52.6714,52.0924,51.5277,50.9767,50.4388,49.9135,49.4003,48.8989,48.4086,47.9292,47.4603,47.0014,46.5523,46.1125,45.6819,45.26,44.8466,44.4415,44.0443,43.6548,43.2727,42.8979,42.5301,42.1691,41.8148,41.4668,41.1251,40.7894,40.4596,40.1354,39.8169,39.5038,39.1959,38.8931,38.5953,38.3024,38.0142,37.7306,37.4515,37.1768,36.9064,36.6401,36.3778,36.1196,35.8652,35.6146,35.3677,35.1244
421.973,353.343,249.722,200.048,176.159,160.692,149.319,140.362,133,126.769,121.38,116.643,112.426,108.632,105.19,102.043,99.1494,96.474,93.9888,91.671,89.5013,87.4637,85.5445,83.7321,82.0164,80.3887,78.8414,77.3677,75.9617,74.6183,73.3326,72.1007,70.9186,69.783,68.6909,67.6394,66.6261,65.6486,64.7048,63.7928,62.9108,62.0572,61.2304,60.4291,59.652,58.8978,58.1655,57.454,56.7623,56.0895,55.4348,54.7974,54.1765,53.5714,52.9815,52.4061,51.8447,51.2967,50.7616,50.2389,49.7281,49.2288,48.7406,48.2631,47.7958,47.3385,46.8908,46.4523,46.0228,45.602,45.1896,44.7852,44.3888,43.9999,43.6185,43.2441,42.8768,42.5161,42.162,41.8142,41.4727,41.1371,40.8073,40.4832,40.1646,39.8513,39.5433,39.2403,38.9423,38.6491,38.3606,38.0767,37.7973,37.5222,37.2513,36.9846,36.7219,36.4631,36.2082,35.9571,35.7096
426.59,363.082,266.035,208.966,182.384,165.627,153.485,144.012,136.274,129.755,124.138,119.214,114.841,110.914,107.356,104.108,101.125,98.3702,95.8134,93.4307,91.2019,89.1102,87.1412,85.2828,83.5244,81.857,80.2725,78.764,77.3254,75.9512,74.6365,73.3771,72.169,71.0087,69.893,68.8192,67.7845,66.7866,65.8233,64.8926,63.9926,63.1218,62.2785,61.4612,60.6688,59.8998,59.1532,58.4279,57.7228,57.0372,56.37,55.7205,55.0879,54.4714,53.8705,53.2844,52.7127,52.1546,51.6096,51.0774,50.5573,50.0489,49.5519,49.0657,48.59,48.1245,47.6688,47.2225,46.7854,46.3571,45.9374,45.526,45.1225,44.7268,44.3387,43.9578,43.5841,43.2171,42.8569,42.5031,42.1556,41.8142,41.4788,41.1491,40.825,40.5064,40.1931,39.885,39.5819,39.2837,38.9903,38.7016,38.4174,38.1376,37.8621,37.5909,37.3238,37.0607,36.8015,36.5461,36.2945
430.92,371.517,282.084,218.455,188.879,170.715,157.751,147.731,139.6,132.782,126.928,121.811,117.277,113.213,109.537,106.186,103.112,100.276,97.6466,95.198,92.9092,90.7626,88.7432,86.8382,85.0366,83.329,81.707,80.1634,78.6918,77.2865,75.9426,74.6555,73.4212,72.236,71.0967,70.0003,68.9441,67.9256,66.9427,65.9932,65.0752,64.187,63.3271,62.4939,61.686,60.9021,60.1412,59.402,58.6837,57.9851,57.3054,56.6437,55.9994,55.3716,54.7596,54.1628,53.5806,53.0123,52.4576,51.9157,51.3863,50.8688,50.3629,49.8681,49.3841,48.9104,48.4466,47.9925,47.5478,47.112,46.685,46.2664,45.856,45.4535,45.0586,44.6712,44.291,43.9179,43.5515,43.1916,42.8382,42.491,42.1499,41.8146,41.4851,41.1611,40.8426,40.5293,40.2211,39.9179,39.6196,39.326,39.0371,38.7527,38.4726,38.1969,37.9254,37.6579,37.3944,37.1348,36.879
435.003,378.984,296.953,228.496,195.654,175.963,162.119,151.522,142.979,135.849,129.749,124.434,119.734,115.53,111.733,108.277,105.111,102.192,99.4882,96.9727,94.6231,92.4209,90.3504,88.3982,86.553,84.8047,83.1448,81.5658,80.0609,78.6243,77.2509,75.9359,74.6751,73.4649,72.3017,71.1826,70.1048,69.0657,68.063,67.0946,66.1585,65.253,64.3763,63.527,62.7036,61.9049,61.1295,60.3765,59.6447,58.9331,58.2409,57.5671,56.9109,56.2717,55.6486,55.0411,54.4484,53.87,53.3054,52.7539,52.2152,51.6886,51.1738,50.6704,50.1779,49.6959,49.2242,48.7623,48.3098,47.8666,47.4323,47.0065,46.5891,46.1798,45.7783,45.3843,44.9977,44.6182,44.2457,43.8798,43.5205,43.1675,42.8207,42.4799,42.1449,41.8155,41.4917,41.1732,40.8599,40.5518,40.2485,39.9502,39.6565,39.3674,39.0828,38.8025,38.5266,38.2547,37.987,37.7231,37.4632
438.869,385.703,310.238,239.017,202.713,181.373,166.592,155.385,146.411,138.957,132.603,127.083,122.213,117.865,113.945,110.381,107.12,104.117,101.338,98.7549,96.3436,94.085,91.9627,89.9629,88.0734,86.2841,84.5859,82.9711,81.4326,79.9645,78.5613,77.2182,75.9308,74.6953,73.5082,72.3663,71.2667,70.2068,69.1843,68.1969,67.2426,66.3195,65.426,64.5606,63.7217,62.9079,62.1182,61.3512,60.6059,59.8813,59.1765,58.4905,57.8226,57.1719,56.5377,55.9194,55.3162,54.7277,54.1531,53.592,53.0439,52.5082,51.9846,51.4725,50.9715,50.4813,50.0015,49.5317,49.0717,48.6209,48.1793,47.7464,47.322,46.9058,46.4976,46.0971,45.7041,45.3183,44.9396,44.5677,44.2025,43.8437,43.4912,43.1448,42.8043,42.4695,42.1404,41.8168,41.4984,41.1853,40.8771,40.5739,40.2755,39.9818,39.6926,39.4078,39.1274,38.8512,38.5791,38.3111,38.047
442.545,391.825,321.959,249.883,210.054,186.949,171.171,159.322,149.896,142.106,135.49,129.758,124.713,120.217,116.171,112.498,109.141,106.052,103.197,100.544,98.0705,95.7548,93.5801,91.532,89.5979,87.7671,86.0303,84.3793,82.807,81.307,79.8738,78.5024,77.1882,75.9273,74.7161,73.5512,72.4297,71.349,70.3064,69.2999,68.3273,67.3867,66.4763,65.5947,64.7401,63.9114,63.1071,62.3261,61.5674,60.8297,60.1122,59.414,58.7342,58.072,57.4267,56.7976,56.1839,55.5852,55.0007,54.43,53.8725,53.3277,52.7951,52.2743,51.7649,51.2665,50.7786,50.301,49.8332,49.375,48.926,48.486,48.0546,47.6315,47.2166,46.8095,46.4101,46.018,45.6332,45.2553,44.8841,44.5195,44.1613,43.8093,43.4633,43.1232,42.7888,42.46,42.1366,41.8184,41.5054,41.1973,40.8942,40.5957,40.302,40.0127,39.7279,39.4473,39.171,38.8987,38.6305
446.05,397.46,332.314,260.898,217.665,192.691,175.857,163.333,153.436,145.296,138.409,132.459,127.234,122.588,118.413,114.628,111.172,107.997,105.064,102.341,99.8038,97.4303,95.2026,93.1056,91.1264,89.2537,87.4779,85.7904,84.1839,82.6519,81.1884,79.7884,78.4473,77.1608,75.9253,74.7373,73.5938,72.492,71.4294,70.4037,69.4127,68.4544,67.5272,66.6292,65.759,64.9152,64.0963,63.3013,62.529,61.7782,61.0481,60.3376,59.6459,58.9722,58.3157,57.6758,57.0516,56.4426,55.8482,55.2678,54.7009,54.1469,53.6054,53.076,52.5581,52.0514,51.5555,51.07,50.5945,50.1288,49.6725,49.2253,48.7868,48.3569,47.9353,47.5217,47.1158,46.7175,46.3264,45.9424,45.5654,45.195,44.8311,44.4735,44.122,43.7765,43.4369,43.1028,42.7743,42.4512,42.1332,41.8204,41.5124,41.2094,40.911,40.6172,40.328,40.043,39.7624,39.4859,39.2135
449.403,402.687,341.533,271.836,225.523,198.598,180.65,167.419,157.031,148.528,141.36,135.186,129.777,124.977,120.669,116.771,113.215,109.951,106.939,104.145,101.544,99.1114,96.8301,94.6837,92.6588,90.7438,88.9286,87.2043,85.5634,83.999,82.5051,81.0764,79.708,78.3958,77.1358,75.9246,74.7589,73.6361,72.5533,71.5083,70.4988,69.5228,68.5785,67.6642,66.7782,65.9192,65.0858,64.2767,63.4908,62.7269,61.984,61.2612,60.5576,59.8724,59.2047,58.5539,57.9192,57.2999,56.6956,56.1055,55.5291,54.966,54.4156,53.8774,53.351,52.836,52.3321,51.8387,51.3555,50.8823,50.4186,49.9642,49.5188,49.082,48.6537,48.2335,47.8212,47.4165,47.0193,46.6293,46.2463,45.8701,45.5005,45.1373,44.7804,44.4295,44.0846,43.7453,43.4117,43.0836,42.7607,42.443,42.1304,41.8226,41.5197,41.2214,40.9277,40.6384,40.3535,40.0728,39.7962
452.618,407.569,349.816,282.479,233.59,204.664,185.551,171.579,160.68,151.801,144.344,137.939,132.342,127.383,122.941,118.926,115.268,111.914,108.822,105.956,103.29,100.798,98.4624,96.2662,94.1952,92.2374,90.3824,88.621,86.9454,85.3483,83.8238,82.3661,80.9704,79.6322,78.3476,77.113,75.9251,74.781,73.678,72.6135,71.5855,70.5917,69.6303,68.6996,67.7978,66.9236,66.0756,65.2523,64.4527,63.6756,62.92,62.1849,61.4694,60.7725,60.0936,59.4319,58.7866,58.1571,57.5428,56.943,56.3572,55.7849,55.2255,54.6786,54.1437,53.6205,53.1084,52.6071,52.1163,51.6355,51.1645,50.7029,50.2505,49.8068,49.3718,48.945,48.5262,48.1153,47.7119,47.3158,46.9269,46.5449,46.1696,45.8008,45.4384,45.0821,44.7319,44.3875,44.0488,43.7156,43.3878,43.0653,42.7479,42.4355,42.128,41.8252,41.5271,41.2334,40.9442,40.6593,40.3786
455.708,412.154,357.329,292.659,241.815,210.883,190.556,175.814,164.383,155.116,147.36,140.718,134.927,129.807,125.227,121.094,117.332,113.887,110.713,107.775,105.042,102.49,100.1,97.8529,95.7354,93.7344,91.8393,90.0405,88.3298,86.6999,85.1444,83.6576,82.2343,80.8701,79.5607,78.3026,77.0923,75.9269,74.8034,73.7195,72.6728,71.6611,70.6826,69.7354,68.8178,67.9283,67.0655,66.2281,65.4148,64.6245,63.8561,63.1086,62.3811,61.6727,60.9825,60.3099,59.654,59.0142,58.3899,57.7803,57.1851,56.6036,56.0352,55.4796,54.9362,54.4046,53.8845,53.3753,52.8767,52.3884,51.9101,51.4413,50.9818,50.5313,50.0895,49.6561,49.2309,48.8137,48.4041,48.002,47.6071,47.2193,46.8383,46.4639,46.096,45.7344,45.3788,45.0292,44.6854,44.3473,44.0146,43.6872,43.3651,43.048,42.7359,42.4286,42.1261,41.8281,41.5346,41.2454,40.9606
458.683,416.48,364.201,302.274,250.134,217.241,195.665,180.121,168.141,158.471,150.409,143.523,137.534,132.248,127.528,123.274,119.407,115.869,112.613,109.6,106.8,104.188,101.742,99.444,97.2793,95.2349,93.2992,91.4627,89.7167,88.0536,86.467,84.9508,83.4998,82.1093,80.7751,79.4933,78.2605,77.0736,75.9297,74.8262,73.7607,72.7311,71.7353,70.7715,69.8381,68.9333,68.0557,67.2041,66.377,65.5735,64.7922,64.0323,63.2928,62.5728,61.8713,61.1877,60.5212,59.8711,59.2368,58.6175,58.0128,57.422,56.8447,56.2803,55.7284,55.1886,54.6603,54.1432,53.6369,53.1411,52.6553,52.1794,51.7128,51.2554,50.8069,50.367,49.9353,49.5117,49.096,48.6878,48.287,47.8933,47.5066,47.1267,46.7533,46.3862,46.0254,45.6706,45.3218,44.9786,44.641,44.3088,43.9819,43.6602,43.3435,43.0317,42.7247,42.4223,42.1245,41.8312,41.5422
461.554,420.579,370.534,311.283,258.473,223.724,200.872,184.501,171.952,161.868,153.489,146.354,140.161,134.707,129.844,125.466,121.493,117.861,114.52,111.432,108.565,105.891,103.389,101.039,98.8271,96.7386,94.7621,92.8875,91.1059,89.4095,87.7915,86.2457,84.7668,83.3499,81.9907,80.6851,79.4297,78.2212,77.0567,75.9335,74.8492,73.8016,72.7885,71.8081,70.8586,69.9385,69.0461,68.1802,67.3394,66.5225,65.7284,64.9561,64.2045,63.4728,62.7601,62.0655,61.3884,60.7279,60.0835,59.4545,58.8403,58.2403,57.654,57.0809,56.5204,55.9722,55.4358,54.9108,54.3968,53.8934,53.4003,52.9171,52.4435,51.9793,51.524,51.0774,50.6393,50.2094,49.7875,49.3733,48.9665,48.567,48.1746,47.789,47.4102,47.0377,46.6716,46.3117,45.9577,45.6095,45.267,44.93,44.5984,44.272,43.9507,43.6344,43.3229,43.0162,42.7141,42.4165,42.1234
464.328,424.477,376.41,319.689,266.756,230.309,206.172,188.951,175.815,165.304,156.601,149.21,142.81,137.182,132.174,127.671,123.589,119.861,116.435,113.271,110.335,107.599,105.04,102.639,100.378,98.2456,96.2279,94.3149,92.4974,90.7674,89.1178,87.5423,86.0353,84.5919,83.2074,81.8779,80.5998,79.3696,78.1844,77.0415,75.9383,74.8725,73.8421,72.845,71.8795,70.9439,70.0367,69.1565,68.3019,67.4716,66.6646,65.8798,65.1162,64.3728,63.6487,62.9432,62.2554,61.5846,60.9301,60.2913,59.6676,59.0584,58.463,57.8811,57.3121,56.7556,56.2111,55.6781,55.1564,54.6454,54.1449,53.6546,53.1739,52.7028,52.2407,51.7876,51.343,50.9068,50.4787,50.0584,49.6457,49.2404,48.8422,48.4511,48.0667,47.6889,47.3175,46.9523,46.5932,46.2401,45.8926,45.5508,45.2144,44.8834,44.5575,44.2367,43.9208,43.6097,43.3034,43.0016,42.7042
467.013,428.194,381.893,327.523,274.912,236.973,211.558,193.468,179.73,168.781,159.745,152.091,145.478,139.675,134.518,129.888,125.695,121.87,118.358,115.117,112.112,109.313,106.696,104.242,101.933,99.7559,97.6966,95.7449,93.8913,92.1274,90.446,88.8405,87.3053,85.8351,84.4253,83.0718,81.7708,80.5188,79.3129,78.1501,77.0279,75.944,74.8961,73.8823,72.9007,71.9496,71.0275,70.1329,69.2644,68.4208,67.6009,66.8036,66.0278,65.2727,64.5373,63.8207,63.1222,62.4411,61.7765,61.128,60.4947,59.8762,59.2718,58.6811,58.1036,57.5387,56.9861,56.4452,55.9157,55.3972,54.8893,54.3917,53.904,53.4259,52.9571,52.4974,52.0464,51.6038,51.1695,50.7431,50.3245,49.9133,49.5095,49.1127,48.7228,48.3397,47.963,47.5926,47.2284,46.8702,46.5179,46.1712,45.8301,45.4944,45.1639,44.8386,44.5183,44.2029,43.8922,43.5862,43.2847
469.615,431.749,387.035,334.83,282.876,243.687,217.022,198.049,183.694,172.296,162.919,154.997,148.167,142.185,136.877,132.117,127.812,123.888,120.289,116.97,113.894,111.031,108.357,105.85,103.492,101.269,99.1681,97.1774,95.2874,93.4894,91.776,90.1404,88.5767,87.0796,85.6444,84.2667,82.9426,81.6688,80.442,79.2593,78.1181,77.0159,75.9505,74.9198,73.9221,72.9555,72.0185,71.1094,70.2271,69.37,68.5371,67.7273,66.9394,66.1726,65.4258,64.6982,63.989,63.2974,62.6228,61.9644,61.3216,60.6938,60.0804,59.4809,58.8948,58.3216,57.7607,57.2119,56.6747,56.1486,55.6333,55.1285,54.6337,54.1487,53.6732,53.2068,52.7494,52.3005,51.8599,51.4275,51.0029,50.5859,50.1764,49.774,49.3786,48.9901,48.6081,48.2325,47.8633,47.5001,47.1428,46.7913,46.4454,46.105,45.77,45.4402,45.1154,44.7956,44.4807,44.1705,43.8648
472.139,435.157,391.878,341.657,290.6,250.42,222.551,202.691,187.707,175.849,166.123,157.927,150.876,144.711,139.249,134.358,129.938,125.914,122.227,118.829,115.682,112.755,110.022,107.461,105.054,102.786,100.642,98.6124,96.6856,94.8533,93.1077,91.4418,89.8495,88.3253,86.8645,85.4625,84.1154,82.8196,81.5718,80.3691,79.2087,78.0882,77.0052,75.9577,74.9438,73.9616,73.0096,72.0861,71.1898,70.3193,69.4734,68.651,67.851,67.0723,66.3141,65.5755,64.8555,64.1536,63.4688,62.8006,62.1482,61.5112,60.8887,60.2804,59.6857,59.1041,58.5351,57.9784,57.4333,56.8997,56.377,55.8649,55.3631,54.8712,54.3889,53.916,53.452,52.9968,52.55,52.1115,51.681,51.2582,50.8429,50.4349,50.0341,49.6401,49.2528,48.8721,48.4977,48.1295,47.7673,47.411,47.0604,46.7153,46.3757,46.0414,45.7122,45.388,45.0688,44.7543,44.4446
474.592,438.432,396.459,348.052,298.048,257.138,228.134,207.388,191.765,179.439,169.356,160.881,153.604,147.253,141.635,136.61,132.075,127.95,124.173,120.694,117.476,114.483,111.691,109.076,106.62,104.305,102.119,100.05,98.0861,96.2192,94.4411,92.7447,91.1236,89.5723,88.0857,86.6593,85.289,83.9711,82.7022,81.4794,80.2998,79.1609,78.0603,76.9959,75.9657,74.9679,74.0008,73.0628,72.1525,71.2686,70.4097,69.5746,68.7624,67.972,67.2023,66.4526,65.722,65.0096,64.3147,63.6366,62.9747,62.3283,61.6968,61.0797,60.4764,59.8864,59.3092,58.7445,58.1917,57.6504,57.1204,56.601,56.0921,55.5933,55.1043,54.6247,54.1543,53.6927,53.2398,52.7952,52.3587,51.9301,51.5091,51.0955,50.6891,50.2897,49.8972,49.5112,49.1317,48.7585,48.3914,48.0303,47.6749,47.3252,46.981,46.6421,46.3085,45.98,45.6565,45.3378,45.0239
476.977,441.585,400.805,354.06,305.2,263.812,233.758,212.135,195.867,183.064,172.618,163.858,156.352,149.811,144.034,138.874,134.221,129.993,126.125,122.566,119.275,116.217,113.365,110.695,108.189,105.828,103.599,101.489,99.4886,97.5869,95.7762,94.0491,92.3991,90.8204,89.3079,87.857,86.4634,85.1233,83.8333,82.5903,81.3914,80.234,79.1157,78.0343,76.9878,75.9744,74.9922,74.0397,73.1153,72.2178,71.3459,70.4982,69.6738,68.8715,68.0905,67.3296,66.5882,65.8653,65.1603,64.4724,63.8009,63.1451,62.5046,61.8786,61.2667,60.6684,60.083,59.5103,58.9497,58.4009,57.8634,57.3368,56.8209,56.3151,55.8193,55.3331,54.8562,54.3883,53.9292,53.4785,53.036,52.6015,52.1748,51.7556,51.3438,50.939,50.5411,50.15,49.7654,49.3872,49.0152,48.6492,48.2891,47.9347,47.5859,47.2426,46.9045,46.5717,46.2438,45.921,45.6029
479.299,444.626,404.943,359.719,312.047,270.409,239.408,216.926,200.009,186.722,175.907,166.857,159.118,152.385,146.446,141.148,136.377,132.045,128.085,124.444,121.079,117.955,115.043,112.318,109.761,107.353,105.081,102.932,100.893,98.9565,97.1129,95.3549,93.6758,92.0697,90.5312,89.0556,87.6385,86.2762,84.9649,83.7017,82.4834,81.3075,80.1714,79.073,78.0102,76.981,75.9836,75.0166,74.0782,73.1671,72.2821,71.4218,70.5851,69.771,68.9784,68.2065,67.4543,66.7209,66.0057,65.3079,64.6268,63.9618,63.3121,62.6773,62.0568,61.45,60.8565,60.2758,59.7075,59.151,58.6061,58.0723,57.5492,57.0366,56.534,56.0411,55.5578,55.0835,54.6182,54.1614,53.713,53.2727,52.8402,52.4154,51.998,51.5879,51.1847,50.7884,50.3987,50.0155,49.6385,49.2677,48.9029,48.5438,48.1905,47.8426,47.5001,47.1629,46.8308,46.5037,46.1815
481.562,447.563,408.892,365.066,318.59,276.903,245.067,221.753,204.189,190.413,179.224,169.879,161.902,154.974,148.872,143.434,138.542,134.105,130.052,126.328,122.889,119.698,116.725,113.944,111.336,108.882,106.566,104.376,102.3,100.328,98.4512,96.6621,94.9538,93.32,91.7554,90.255,88.8145,87.4297,86.0972,84.8135,83.5758,82.3813,81.2274,80.1119,79.0327,77.9877,76.9752,75.9935,75.0411,74.1164,73.2182,72.3452,71.4963,70.6703,69.8663,69.0832,68.3201,67.5763,66.851,66.1433,65.4525,64.7781,64.1194,63.4757,62.8466,62.2314,61.6297,61.041,60.4649,59.9008,59.3484,58.8074,58.2772,57.7576,57.2483,56.7488,56.2589,55.7784,55.3068,54.8439,54.3896,53.9434,53.5052,53.0748,52.6519,52.2364,51.8279,51.4264,51.0316,50.6434,50.2615,49.8859,49.5163,49.1526,48.7946,48.4423,48.0953,47.7538,47.4174,47.0861,46.7597
483.768,450.405,412.671,370.132,324.836,283.27,250.721,226.609,208.401,194.134,182.565,172.922,164.704,157.578,151.309,145.73,140.716,136.172,132.026,128.219,124.704,121.446,118.411,115.574,112.915,110.413,108.053,105.822,103.708,101.701,99.7911,97.9708,96.233,94.5715,92.9806,91.4553,89.9911,88.5839,87.2299,85.9259,84.6687,83.4555,82.2837,81.1511,80.0554,78.9946,77.9669,76.9705,76.0039,75.0657,74.1543,73.2686,72.4074,71.5695,70.7539,69.9597,69.1858,68.4315,67.6959,66.9783,66.278,65.5942,64.9264,64.2738,63.636,63.0125,62.4026,61.8059,61.2219,60.6502,60.0904,59.5421,59.0049,58.4784,57.9622,57.4561,56.9598,56.4728,55.995,55.5261,55.0658,54.6138,54.1699,53.7338,53.3055,52.8845,52.4707,52.064,51.6641,51.2709,50.8841,50.5036,50.1293,49.7609,49.3984,49.0415,48.6902,48.3443,48.0036,47.6681,47.3376
485.922,453.158,416.295,374.944,330.797,289.49,256.352,231.486,212.644,197.882,185.931,175.985,167.524,160.196,153.759,148.037,142.899,138.248,134.006,130.115,126.525,123.198,120.101,117.208,114.496,111.947,109.543,107.271,105.119,103.076,101.132,99.2807,97.5134,95.824,94.2067,92.6564,91.1685,89.7387,88.3632,87.0387,85.7619,84.53,83.3403,82.1904,81.0782,80.0016,78.9586,77.9475,76.9668,76.0149,75.0903,74.1919,73.3184,72.4686,71.6414,70.836,70.0513,69.2865,68.5407,67.8132,67.1032,66.41,65.733,65.0716,64.4252,63.7932,63.1751,62.5704,61.9786,61.3993,60.8321,60.2765,59.7322,59.1987,58.6758,58.1631,57.6602,57.1669,56.6829,56.2079,55.7416,55.2837,54.8341,54.3925,53.9586,53.5322,53.1132,52.7013,52.2963,51.898,51.5063,51.121,50.7419,50.3689,50.0018,49.6404,49.2846,48.9344,48.5894,48.2497,47.915
488.025,455.828,419.778,379.527,336.486,295.551,261.945,236.376,216.911,201.656,189.319,179.067,170.359,162.829,156.221,150.354,145.091,140.331,135.993,132.016,128.35,124.954,121.795,118.845,116.081,113.483,111.035,108.722,106.531,104.452,102.475,100.592,98.7949,97.0774,95.4337,93.8583,92.3465,90.894,89.497,88.1519,86.8554,85.6047,84.3971,83.23,82.1012,81.0086,79.9504,78.9246,77.9296,76.964,76.0263,75.1151,74.2292,73.3674,72.5288,71.7121,70.9166,70.1412,69.3852,68.6477,67.9281,67.2255,66.5394,65.8691,65.2141,64.5736,63.9473,63.3346,62.735,62.1481,61.5734,61.0106,60.4591,59.9187,59.389,58.8696,58.3603,57.8606,57.3704,56.8893,56.417,55.9533,55.498,55.0507,54.6113,54.1796,53.7552,53.3381,52.928,52.5247,52.1281,51.738,51.3542,50.9765,50.6048,50.2389,49.8787,49.5241,49.1748,48.8309,48.4921
490.081,458.421,423.131,383.9,341.92,301.44,267.485,241.269,221.198,205.453,192.728,182.168,173.21,165.474,158.694,152.68,147.291,142.421,137.986,133.923,130.18,126.715,123.492,120.485,117.668,115.022,112.529,110.175,107.945,105.83,103.819,101.904,100.078,98.3319,96.6615,95.0609,93.5252,92.05,90.6313,89.2655,87.9494,86.6798,85.4541,84.2697,83.1243,82.0158,80.9422,79.9016,78.8925,77.9131,76.9621,76.0381,75.1399,74.2662,73.4159,72.588,71.7816,70.9957,70.2294,69.482,68.7527,68.0408,67.3455,66.6664,66.0026,65.3537,64.7192,64.0985,63.4911,62.8965,62.3144,61.7442,61.1857,60.6383,60.1018,59.5758,59.06,58.554,58.0575,57.5703,57.0921,56.6225,56.1615,55.7086,55.2637,54.8265,54.3969,53.9746,53.5594,53.1511,52.7496,52.3546,51.966,51.5837,51.2074,50.837,50.4724,50.1134,49.7599,49.4117,49.0688
492.092,460.942,426.364,388.084,347.115,307.153,272.958,246.156,225.501,209.269,196.157,185.286,176.077,168.133,161.179,155.017,149.5,144.518,139.986,135.836,132.015,128.479,125.194,122.128,119.259,116.564,114.026,111.629,109.361,107.21,105.165,103.218,101.361,99.5873,97.8901,96.2642,94.7045,93.2064,91.766,90.3795,89.0436,87.7551,86.5113,85.3095,84.1475,83.023,81.934,80.8786,79.8552,78.8621,77.8979,76.9611,76.0504,75.1647,74.3029,73.4638,72.6464,71.85,71.0734,70.3161,69.5771,68.8557,68.1513,67.4632,66.7908,66.1335,65.4907,64.862,64.2467,63.6446,63.055,62.4775,61.9119,61.3576,60.8143,60.2816,59.7593,59.2469,58.7442,58.2509,57.7667,57.2914,56.8245,56.366,55.9156,55.4731,55.0381,54.6106,54.1903,53.777,53.3706,52.9708,52.5775,52.1904,51.8096,51.4347,51.0657,50.7023,50.3445,49.9922,49.6451
494.059,463.394,429.487,392.094,352.086,312.687,278.353,251.029,229.813,213.103,199.603,188.421,178.957,170.804,163.674,157.362,151.717,146.622,141.991,137.754,133.854,130.248,126.899,123.775,120.852,118.108,115.525,113.086,110.779,108.591,106.512,104.533,102.646,100.844,99.1196,97.4682,95.8843,94.3634,92.9012,91.4939,90.1381,88.8306,87.5686,86.3495,85.1708,84.0302,82.9258,81.8557,80.8179,79.8111,78.8335,77.8839,76.9608,76.0631,75.1896,74.3393,73.511,72.704,71.9172,71.1498,70.4012,69.6704,68.9568,68.2598,67.5787,66.913,66.2619,65.6252,65.0021,64.3923,63.7952,63.2105,62.6377,62.0765,61.5264,60.9871,60.4582,59.9395,59.4306,58.9312,58.441,57.9598,57.4872,57.0231,56.5672,56.1192,55.679,55.2463,54.8209,54.4026,53.9912,53.5866,53.1885,52.7969,52.4114,52.032,51.6586,51.2909,50.9288,50.5722,50.221
495.986,465.783,432.508,395.944,356.849,318.041,283.659,255.878,234.131,216.951,203.065,191.57,181.851,173.486,166.179,159.716,153.941,148.733,144.003,139.677,135.698,132.021,128.607,125.425,122.448,119.654,117.025,114.545,112.198,109.973,107.86,105.849,103.932,102.101,100.35,98.6728,97.0648,95.5208,94.0367,92.6086,91.2329,89.9064,88.6262,87.3896,86.1941,85.0375,83.9177,82.8326,81.7806,80.7599,79.769,78.8065,77.871,76.9613,76.0762,75.2145,74.3754,73.5577,72.7606,71.9833,71.2249,70.4847,69.762,69.0561,68.3663,67.692,67.0328,66.388,65.7571,65.1396,64.5351,63.9431,63.3632,62.7949,62.2381,61.6921,61.1568,60.6317,60.1165,59.611,59.1149,58.6278,58.1495,57.6798,57.2184,56.765,56.3195,55.8815,55.451,55.0277,54.6115,54.202,53.7992,53.4029,53.0128,52.629,52.2511,51.879,51.5127,51.1519,50.7966
497.874,468.112,435.433,399.648,361.418,323.217,288.867,260.695,238.448,220.81,206.541,194.733,184.758,176.18,168.694,162.079,156.172,150.851,146.02,141.605,137.547,133.798,130.319,127.077,124.046,121.203,118.528,116.005,113.619,111.357,109.21,107.166,105.218,103.359,101.581,99.8781,98.2458,96.6787,95.1727,93.7236,92.3279,90.9823,89.6839,88.4298,87.2176,86.0448,84.9095,83.8095,82.7431,81.7086,80.7044,79.729,78.7811,77.8593,76.9625,76.0896,75.2394,74.4112,73.6038,72.8165,72.0484,71.2988,70.5669,69.852,69.1535,68.4708,67.8033,67.1504,66.5117,65.8865,65.2745,64.6753,64.0882,63.5131,62.9494,62.3968,61.8549,61.3235,60.8021,60.2905,59.7884,59.2954,58.8114,58.3361,57.8691,57.4104,56.9595,56.5164,56.0808,55.6525,55.2313,54.817,54.4095,54.0085,53.6139,53.2255,52.8432,52.4668,52.0962,51.7312,51.3717
499.725,470.384,438.269,403.215,365.806,328.221,293.971,265.473,242.759,224.676,210.029,197.909,187.676,178.884,171.218,164.45,158.411,152.974,148.042,143.537,139.399,135.578,132.034,128.733,125.647,122.754,120.033,117.467,115.041,112.743,110.56,108.484,106.506,104.618,102.812,101.084,99.4272,97.837,96.3089,94.8389,93.4232,92.0585,90.7417,89.4701,88.241,87.0521,85.9013,84.7864,83.7056,82.6572,81.6396,80.6513,79.6909,78.757,77.8486,76.9643,76.1033,75.2644,74.4467,73.6494,72.8716,72.1125,71.3714,70.6476,69.9404,69.2492,68.5734,67.9125,67.2659,66.6331,66.0137,65.4071,64.8129,64.2308,63.6603,63.101,62.5527,62.0148,61.4872,60.9695,60.4614,59.9627,59.4729,58.9919,58.5195,58.0553,57.5992,57.1509,56.7102,56.2769,55.8507,55.4316,55.0193,54.6137,54.2145,53.8216,53.4349,53.0542,52.6793,52.3101,51.9465
501.54,472.602,441.023,406.658,370.026,333.057,298.965,270.203,247.058,228.545,213.526,201.095,190.605,181.598,173.751,166.828,160.656,155.104,150.07,145.474,141.255,137.362,133.752,130.391,127.251,124.307,121.54,118.931,116.465,114.129,111.912,109.803,107.794,105.877,104.045,102.29,100.609,98.9958,97.4456,95.9544,94.5186,93.1347,91.7996,90.5104,89.2645,88.0594,86.893,85.7631,84.668,83.6057,82.5747,81.5735,80.6005,79.6546,78.7344,77.8389,76.9668,76.1173,75.2893,74.482,73.6944,72.9259,72.1756,71.4428,70.7269,70.0273,69.3432,68.6742,68.0198,67.3793,66.7524,66.1385,65.5372,64.9481,64.3708,63.8049,63.25,62.7058,62.172,61.6482,61.1341,60.6295,60.134,59.6474,59.1695,58.6999,58.2384,57.7849,57.3391,56.9008,56.4698,56.0458,55.6288,55.2185,54.8148,54.4174,54.0262,53.6412,53.262,52.8886,52.5209
503.321,474.769,443.699,409.983,374.09,337.731,303.845,274.878,251.34,232.416,217.031,204.291,193.543,184.321,176.292,169.214,162.908,157.239,152.102,147.416,143.116,139.149,135.473,132.052,128.857,125.863,123.048,120.396,117.89,115.517,113.265,111.123,109.084,107.137,105.277,103.497,101.792,100.155,98.5825,97.0702,95.6143,94.2112,92.8576,91.5508,90.288,89.0667,87.8847,86.7398,85.6302,84.554,83.5096,82.4954,81.5099,80.5519,79.62,78.7131,77.8301,76.9699,76.1316,75.3142,74.5169,73.7389,72.9794,72.2377,71.5131,70.8049,70.1126,69.4356,68.7733,68.1252,67.4907,66.8695,66.2611,65.6651,65.0809,64.5084,63.947,63.3964,62.8564,62.3264,61.8064,61.2959,60.7947,60.3025,59.819,59.344,58.8773,58.4186,57.9677,57.5244,57.0884,56.6597,56.2379,55.8229,55.4146,55.0127,54.6172,54.2278,53.8443,53.4667,53.0948
505.069,476.888,446.302,413.201,378.007,342.249,308.609,279.494,255.6,236.283,220.54,207.495,196.49,187.053,178.841,171.607,165.167,159.38,154.14,149.362,144.98,140.939,137.197,133.715,130.465,127.42,124.559,121.863,119.317,116.906,114.619,112.444,110.374,108.398,106.511,104.705,102.974,101.314,99.7197,98.1863,96.7101,95.2877,93.9157,92.5912,91.3114,90.0739,88.8763,87.7164,86.5923,85.5022,84.4443,83.4171,82.4192,81.449,80.5054,79.5871,78.6931,77.8223,76.9736,76.1462,75.3391,74.5516,73.7829,73.0322,72.2989,71.5823,70.8817,70.1966,69.5264,68.8706,68.2287,67.6002,66.9846,66.3816,65.7907,65.2114,64.6435,64.0866,63.5403,63.0043,62.4783,61.9619,61.455,60.9571,60.4682,59.9878,59.5158,59.0519,58.5958,58.1475,57.7067,57.2731,56.8466,56.427,56.0141,55.6077,55.2077,54.814,54.4262,54.0445,53.6684
506.787,478.96,448.836,416.317,381.789,346.619,313.257,284.044,259.833,240.144,224.052,210.705,199.445,189.792,181.397,174.006,167.43,161.526,156.182,151.312,146.847,142.733,138.923,135.381,132.075,128.979,126.071,123.332,120.745,118.296,115.974,113.766,111.665,109.66,107.745,105.913,104.158,102.474,100.857,99.3025,97.8061,96.3643,94.9738,93.6316,92.3349,91.081,89.8677,88.6928,87.5543,86.4502,85.3788,84.3387,83.3281,82.3458,81.3905,80.4609,79.5558,78.6743,77.8153,76.9778,76.161,75.364,74.5861,73.8264,73.0844,72.3592,71.6504,70.9572,70.2791,69.6157,68.9663,68.3305,67.7078,67.0978,66.5,65.9141,65.3397,64.7764,64.2238,63.6817,63.1497,62.6275,62.1148,61.6114,61.1169,60.6311,60.1538,59.6847,59.2236,58.7703,58.3245,57.8861,57.4548,57.0306,56.6131,56.2022,55.7979,55.3997,55.0078,54.6218,54.2416
508.474,480.989,451.305,419.339,385.442,350.847,317.788,288.524,264.034,243.994,227.565,213.92,202.406,192.537,183.959,176.412,169.7,163.676,158.228,153.266,148.718,144.53,140.653,137.049,133.687,130.54,127.584,124.801,122.174,119.688,117.33,115.089,112.956,110.922,108.979,107.121,105.341,103.634,101.995,100.419,98.9022,97.441,96.032,94.672,93.3583,92.0881,90.8591,89.6691,88.516,87.398,86.3132,85.26,84.2368,83.2424,82.2753,81.3343,80.4182,79.526,78.6566,77.8091,76.9825,76.176,75.3889,74.6202,73.8694,73.1358,72.4186,71.7174,71.0315,70.3603,69.7034,69.0603,68.4305,67.8135,67.2089,66.6164,66.0354,65.4658,64.907,64.3588,63.8208,63.2927,62.7743,62.2652,61.7652,61.2741,60.7914,60.3171,59.8509,59.3926,58.9419,58.4987,58.0627,57.6338,57.2117,56.7964,56.3876,55.9851,55.5889,55.1987,54.8145
510.132,482.976,453.713,422.272,388.977,354.94,322.203,292.931,268.199,247.831,231.075,217.139,205.373,195.289,186.528,178.822,171.974,165.832,160.278,155.223,150.593,146.329,142.385,138.72,135.302,132.103,129.1,126.273,123.604,121.08,118.686,116.413,114.248,112.185,110.214,108.33,106.525,104.794,103.133,101.535,99.9984,98.5178,97.0902,95.7124,94.3816,93.0951,91.8504,90.6453,89.4777,88.3456,87.2473,86.181,85.1453,84.1387,83.1598,82.2074,81.2803,80.3774,79.4976,78.64,77.8037,76.9877,76.1913,75.4137,74.6541,73.912,73.1865,72.4772,71.7834,71.1046,70.4402,69.7898,69.1528,68.5288,67.9174,67.3182,66.7308,66.1547,65.5897,65.0354,64.4914,63.9575,63.4334,62.9187,62.4132,61.9166,61.4287,60.9492,60.4779,60.0145,59.5589,59.1109,58.6702,58.2366,57.81,57.3902,56.9769,56.5702,56.1696,55.7753,55.3869
511.762,484.924,456.063,425.122,392.399,358.904,326.504,297.261,272.324,251.651,234.581,220.358,208.343,198.046,189.101,181.238,174.253,167.991,162.333,157.184,152.47,148.132,144.119,140.392,136.918,133.667,130.616,127.745,125.036,122.473,120.044,117.737,115.541,113.448,111.45,109.539,107.709,105.955,104.271,102.652,101.095,99.5946,98.1484,96.7528,95.4049,94.102,92.8415,91.6213,90.4391,89.293,88.1811,87.1018,86.0535,85.0347,84.0441,83.0803,82.1421,81.2285,80.3383,79.4706,78.6245,77.799,76.9934,76.2068,75.4385,74.6878,73.9541,73.2367,72.535,71.8485,71.1766,70.5188,69.8747,69.2438,68.6256,68.0197,67.4257,66.8433,66.272,65.7116,65.1616,64.6219,64.092,63.5717,63.0607,62.5587,62.0655,61.5808,61.1044,60.636,60.1755,59.7227,59.2772,58.839,58.4078,57.9835,57.5659,57.1548,56.75,56.3514,55.9589
513.366,486.833,458.358,427.893,395.717,362.747,330.692,301.513,276.406,255.451,238.08,223.578,211.317,200.807,191.68,183.659,176.537,170.155,164.391,159.148,154.35,149.936,145.856,142.067,138.536,135.233,132.134,129.219,126.468,123.867,121.402,119.062,116.835,114.712,112.686,110.749,108.894,107.116,105.409,103.769,102.191,100.671,99.2065,97.7931,96.4281,95.1087,93.8325,92.5971,91.4003,90.2402,89.1148,88.0224,86.9615,85.9305,84.928,83.9528,83.0036,82.0792,81.1787,80.3009,79.4449,78.6099,77.795,76.9994,76.2224,75.4632,74.7212,73.9957,73.2861,72.5919,71.9125,71.2475,70.5962,69.9583,69.3332,68.7207,68.1202,67.5314,66.9539,66.3874,65.8314,65.2858,64.7502,64.2243,63.7077,63.2004,62.7019,62.212,61.7305,61.2571,60.7917,60.334,59.8839,59.441,59.0053,58.5765,58.1544,57.739,57.3299,56.9272,56.5305
514.944,488.706,460.601,430.591,398.936,366.473,334.772,305.685,280.44,259.228,241.57,226.795,214.292,203.571,194.262,186.084,178.824,172.322,166.452,161.115,156.233,151.744,147.595,143.744,140.155,136.801,133.654,130.694,127.902,125.262,122.762,120.387,118.129,115.976,113.922,111.958,110.079,108.277,106.547,104.886,103.287,101.748,100.265,98.8333,97.4511,96.1153,94.8233,93.5728,92.3614,91.1871,90.0482,88.9427,87.8691,86.8259,85.8116,84.825,83.8647,82.9296,82.0186,81.1308,80.265,79.4205,78.5964,77.7918,77.006,76.2382,75.4879,74.7543,74.0369,73.335,72.6481,71.9757,71.3173,70.6724,70.0405,69.4213,68.8143,68.2191,67.6354,67.0627,66.5008,65.9494,65.408,64.8764,64.3544,63.8416,63.3378,62.8428,62.3562,61.8778,61.4075,60.945,60.4901,60.0426,59.6023,59.169,58.7425,58.3228,57.9095,57.5025,57.1018
516.497,490.543,462.795,433.219,402.061,370.09,338.745,309.775,284.424,262.979,245.049,230.009,217.268,206.338,196.848,188.512,181.115,174.493,168.516,163.085,158.119,153.553,149.335,145.422,141.777,138.369,135.174,132.17,129.336,126.658,124.122,121.713,119.423,117.241,115.159,113.168,111.264,109.438,107.686,106.003,104.384,102.825,101.323,99.8734,98.4741,97.1218,95.814,94.5482,93.3222,92.1338,90.9813,89.8627,88.7765,87.7211,86.695,85.6968,84.7255,83.7797,82.8583,81.9603,81.0847,80.2307,79.3973,78.5837,77.7891,77.0129,76.2542,75.5125,74.7872,74.0776,73.3832,72.7035,72.0379,71.386,70.7474,70.1215,69.5079,68.9064,68.3164,67.7377,67.1698,66.6125,66.0654,65.5282,65.0007,64.4825,63.9734,63.4731,62.9815,62.4981,62.0229,61.5556,61.0959,60.6438,60.1989,59.7611,59.3303,58.9062,58.4886,58.0775,57.6726
518.026,492.348,464.941,435.782,405.099,373.602,342.614,313.784,288.356,266.701,248.513,233.218,220.243,209.107,199.436,190.943,183.409,176.666,170.583,165.058,160.007,155.365,151.078,147.102,143.4,139.94,136.696,133.647,130.772,128.055,125.482,123.04,120.718,118.506,116.396,114.379,112.449,110.599,108.824,107.12,105.48,103.902,102.381,100.913,99.4969,98.1281,96.8044,95.5234,94.2827,93.0803,91.9141,90.7825,89.6836,88.6159,87.5779,86.5684,85.5859,84.6293,83.6975,82.7895,81.9041,81.0405,80.1978,79.3752,78.5719,77.7871,77.0201,76.2703,75.5371,74.8198,74.118,73.4309,72.7582,72.0993,71.4538,70.8212,70.2012,69.5932,68.997,68.4122,67.8383,67.2751,66.7223,66.1795,65.6465,65.1229,64.6085,64.1031,63.6063,63.118,62.6379,62.1657,61.7013,61.2445,60.7951,60.3529,59.9176,59.4892,59.0674,58.652,58.243
519.532,494.12,467.042,438.281,408.055,377.015,346.384,317.712,292.233,270.392,251.962,236.42,223.216,211.876,202.026,193.377,185.706,178.843,172.653,167.033,161.897,157.179,152.823,148.784,145.024,141.511,138.219,135.124,132.208,129.453,126.843,124.367,122.014,119.772,117.633,115.589,113.634,111.76,109.963,108.237,106.576,104.978,103.438,101.953,100.519,99.1342,97.7947,96.4984,95.243,94.0265,92.8467,91.7019,90.5903,89.5104,88.4606,87.4396,86.446,85.4787,84.5364,83.6182,82.723,81.8499,80.9979,80.1663,79.3542,78.5609,77.7856,77.0277,76.2866,75.5617,74.8522,74.1579,73.478,72.8121,72.1598,71.5206,70.894,70.2797,69.6772,69.0863,68.5064,67.9374,67.3788,66.8304,66.2919,65.7629,65.2433,64.7326,64.2307,63.7374,63.2524,62.7754,62.3063,61.8449,61.3909,60.9442,60.5045,60.0717,59.6457,59.2262,58.8131
521.016,495.861,469.1,440.722,410.932,380.334,350.057,321.559,296.054,274.049,255.393,239.614,226.186,214.645,204.618,195.813,188.005,181.022,174.725,169.01,163.789,158.994,154.569,150.467,146.649,143.084,139.743,136.603,133.645,130.851,128.205,125.695,123.309,121.037,118.87,116.8,114.819,112.922,111.102,109.354,107.673,106.055,104.496,102.993,101.542,100.14,98.7847,97.4731,96.2031,94.9724,93.779,92.621,91.4967,90.4045,89.3429,88.3104,87.3057,86.3276,85.3749,84.4466,83.5416,82.6589,81.7977,80.957,80.1361,79.3343,78.5507,77.7847,77.0357,76.303,75.5861,74.8844,74.1974,73.5245,72.8654,72.2195,71.5864,70.9657,70.357,69.7599,69.1741,68.5992,68.0349,67.4809,66.9369,66.4025,65.8775,65.3617,64.8548,64.3564,63.8665,63.3848,62.9109,62.4449,61.9863,61.5351,61.091,60.6539,60.2236,59.7999,59.3827
522.478,497.572,471.118,443.106,413.735,383.564,353.637,325.325,299.818,277.67,258.803,242.797,229.151,217.413,207.21,198.25,190.306,183.202,176.8,170.989,165.683,160.811,156.317,152.151,148.276,144.657,141.268,138.083,135.083,132.249,129.567,127.023,124.605,122.303,120.108,118.011,116.005,114.083,112.24,110.47,108.769,107.131,105.554,104.033,102.564,101.146,99.7745,98.4476,97.1629,95.918,94.7109,93.5398,92.4028,91.2983,90.2248,89.1808,88.165,87.1762,86.2131,85.2746,84.3597,83.4675,82.597,81.7473,80.9177,80.1072,79.3153,78.5413,77.7844,77.044,76.3196,75.6105,74.9163,74.2365,73.5705,72.9179,72.2783,71.6512,71.0363,70.4331,69.8414,69.2606,68.6906,68.131,67.5814,67.0417,66.5114,65.9904,65.4784,64.975,64.4802,63.9936,63.5151,63.0444,62.5813,62.1256,61.6771,61.2357,60.8012,60.3733,59.952
523.919,499.255,473.096,445.437,416.467,386.708,357.127,329.012,303.523,281.254,262.192,245.969,232.111,220.178,209.802,200.688,192.609,185.385,178.876,172.97,167.579,162.63,158.066,153.837,149.904,146.232,142.793,139.563,136.521,133.648,130.93,128.352,125.902,123.57,121.346,119.222,117.191,115.245,113.379,111.587,109.865,108.208,106.611,105.072,103.586,102.151,100.764,99.4218,98.1224,96.8633,95.6426,94.4583,93.3086,92.1918,91.1064,90.0509,89.024,88.0244,87.0508,86.1022,85.1775,84.2757,83.3959,82.5372,81.6988,80.8798,80.0796,79.2974,78.5326,77.7845,77.0526,76.3362,75.6349,74.948,74.2752,73.616,72.9698,72.3364,71.7152,71.1059,70.5082,69.9216,69.3458,68.7806,68.2255,67.6804,67.1449,66.6187,66.1015,65.5932,65.0935,64.6021,64.1189,63.6435,63.1759,62.7157,62.2628,61.8171,61.3783,60.9462,60.5208
525.339,500.911,475.036,447.717,419.133,389.771,360.531,332.622,307.169,284.799,265.558,249.127,235.064,222.941,212.393,203.127,194.913,187.569,180.953,174.952,169.476,164.45,159.816,155.524,151.532,147.807,144.32,141.044,137.96,135.048,132.293,129.681,127.199,124.836,122.584,120.433,118.376,116.406,114.518,112.704,110.961,109.284,107.669,106.111,104.608,103.156,101.753,100.396,99.0816,97.8083,96.5739,95.3764,94.214,93.0849,91.9876,90.9206,89.8826,88.8721,87.8881,86.9294,85.9948,85.0835,84.1944,83.3266,82.4794,81.6519,80.8434,80.0531,79.2804,78.5246,77.7851,77.0614,76.3529,75.6591,74.9795,74.3136,73.6609,73.0211,72.3937,71.7783,71.1746,70.5821,70.0006,69.4298,68.8692,68.3187,67.7779,67.2465,66.7243,66.211,65.7064,65.2102,64.7222,64.2422,63.77,63.3054,62.8481,62.3981,61.955,61.5188,61.0892
526.74,502.54,476.94,449.949,421.735,392.758,363.852,336.155,310.755,288.303,268.898,252.271,238.01,225.7,214.983,205.566,197.217,189.754,183.032,176.936,171.374,166.271,161.567,157.212,153.162,149.384,145.847,142.526,139.399,136.448,133.656,131.01,128.496,126.103,123.822,121.644,119.562,117.568,115.656,113.821,112.057,110.36,108.726,107.15,105.63,104.161,102.742,101.369,100.04,98.753,97.5049,96.2942,95.119,93.9776,92.8685,91.79,90.7408,89.7195,88.725,87.7561,86.8117,85.8908,84.9924,84.1157,83.2597,82.4236,81.6067,80.8083,80.0277,79.2642,78.5173,77.7862,77.0706,76.3698,75.6833,75.0107,74.3515,73.7053,73.0717,72.4502,71.8405,71.2422,70.655,70.0785,69.5125,68.9566,68.4105,67.8739,67.3466,66.8283,66.3188,65.8178,65.3251,64.8405,64.3637,63.8946,63.433,62.9786,62.5313,62.0909,61.6573
528.122,504.143,478.81,452.134,424.278,395.671,367.093,339.613,314.282,291.765,272.211,255.399,240.946,228.454,217.57,208.003,199.521,191.939,185.111,178.92,173.273,168.094,163.32,158.9,154.793,150.961,147.375,144.008,140.839,137.849,135.02,132.339,129.793,127.37,125.06,122.855,120.747,118.729,116.794,114.937,113.153,111.436,109.782,108.189,106.651,105.166,103.731,102.343,100.999,99.6973,98.4355,97.2116,96.0237,94.87,93.7489,92.6589,91.5985,90.5665,89.5615,88.5825,87.6282,86.6978,85.7901,84.9043,84.0395,83.1948,82.3697,81.5631,80.7746,80.0034,79.2489,78.5106,77.7878,77.08,76.3867,75.7074,75.0417,74.3891,73.7493,73.1217,72.506,71.9019,71.3089,70.7269,70.1553,69.594,69.0426,68.5009,67.9685,67.4452,66.9308,66.425,65.9276,65.4384,64.9571,64.4835,64.0175,63.5588,63.1072,62.6627,62.2249
529.486,505.721,480.647,454.274,426.762,398.513,370.258,342.999,317.749,295.183,275.496,258.509,243.872,231.202,220.155,210.44,201.825,194.125,187.191,180.906,175.173,169.917,165.073,160.59,156.424,152.538,148.903,145.491,142.279,139.25,136.384,133.669,131.09,128.636,126.298,124.067,121.933,119.891,117.933,116.054,114.248,112.511,110.839,109.227,107.672,106.171,104.719,103.316,101.957,100.641,99.3658,98.1287,96.928,95.762,94.629,93.5274,92.4559,91.4131,90.3976,89.4084,88.4443,87.5043,86.5873,85.6924,84.8188,83.9657,83.1321,82.3175,81.5211,80.7422,79.9802,79.2345,78.5045,77.7897,77.0896,76.4037,75.7315,75.0725,74.4264,73.7927,73.1711,72.5611,71.9624,71.3747,70.7977,70.231,69.6743,69.1274,68.5899,68.0617,67.5424,67.0318,66.5297,66.0358,65.55,65.0719,64.6015,64.1385,63.6827,63.234,62.7921
530.831,507.276,482.451,456.373,429.192,401.29,373.348,346.313,321.156,298.558,278.751,261.6,246.786,233.944,222.735,212.875,204.129,196.311,189.272,182.892,177.074,171.74,166.827,162.28,158.055,154.116,150.431,146.974,143.72,140.651,137.748,134.998,132.387,129.903,127.537,125.278,123.118,121.052,119.071,117.17,115.344,113.587,111.896,110.265,108.693,107.175,105.707,104.288,102.915,101.585,100.296,99.0453,97.8319,96.6535,95.5086,94.3955,93.3129,92.2592,91.2333,90.2339,89.2599,88.3103,87.384,86.4801,85.5977,84.736,83.8942,83.0714,82.2671,81.4805,80.711,79.9579,79.2208,78.499,77.7921,77.0995,76.4208,75.7554,75.1031,74.4633,73.8357,73.2199,72.6155,72.0222,71.4396,70.8676,70.3056,69.7535,69.211,68.6777,68.1536,67.6382,67.1313,66.6328,66.1424,65.6599,65.1851,64.7178,64.2578,63.8049,63.359
532.159,508.808,484.225,458.43,431.57,404.002,376.368,349.558,324.505,301.889,281.976,264.672,249.689,236.678,225.312,215.307,206.431,198.497,191.352,184.878,178.975,173.565,168.581,163.97,159.688,155.695,151.96,148.457,145.161,142.052,139.113,136.328,133.685,131.17,128.775,126.489,124.304,122.213,120.209,118.286,116.439,114.662,112.952,111.303,109.713,108.178,106.695,105.261,103.873,102.528,101.225,99.9616,98.7354,97.5447,96.3878,95.2632,94.1694,93.1049,92.0685,91.059,90.0751,89.1159,88.1803,87.2674,86.3762,85.5059,84.6557,83.8249,83.0126,82.2183,81.4413,80.6809,79.9366,79.2079,78.4941,77.7949,77.1096,76.4379,75.7793,75.1334,74.4998,73.8782,73.2681,72.6692,72.0812,71.5037,70.9365,70.3792,69.8316,69.2934,68.7643,68.2441,67.7326,67.2294,66.7345,66.2475,65.7684,65.2967,64.8325,64.3754,63.9254
533.471,510.317,485.969,460.449,433.897,406.654,379.32,352.735,327.794,305.174,285.169,267.723,252.577,239.404,227.883,217.737,208.732,200.681,193.433,186.864,180.877,175.389,170.336,165.661,161.32,157.274,153.49,149.94,146.602,143.453,140.477,137.658,134.982,132.437,130.013,127.7,125.489,123.374,121.347,119.402,117.534,115.737,114.007,112.341,110.734,109.182,107.682,106.233,104.83,103.471,102.154,100.877,99.6385,98.4354,97.2666,96.1305,95.0255,93.9502,92.9033,91.8836,90.8899,89.9211,88.9762,88.0542,87.1542,86.2754,85.4168,84.5779,83.7577,82.9557,82.1712,81.4035,80.652,79.9163,79.1957,78.4898,77.798,77.1199,76.4551,75.8031,75.1636,74.5361,73.9202,73.3157,72.7222,72.1394,71.5669,71.0044,70.4517,69.9086,69.3746,68.8496,68.3334,67.8256,67.3262,66.8347,66.3512,65.8752,65.4067,64.9455,64.4914
534.765,511.804,487.685,462.43,436.177,409.247,382.207,355.848,331.026,308.414,288.33,270.752,255.452,242.121,230.449,220.163,211.031,202.865,195.513,188.85,182.778,177.214,172.091,167.353,162.953,158.853,155.019,151.424,148.043,144.855,141.842,138.988,136.279,133.704,131.251,128.91,126.674,124.534,122.484,120.517,118.628,116.812,115.063,113.378,111.753,110.185,108.669,107.204,105.786,104.414,103.083,101.793,100.541,99.3257,98.145,96.9973,95.8811,94.795,93.7376,92.7077,91.7042,90.7258,89.7716,88.8405,87.9318,87.0444,86.1775,85.3304,84.5024,83.6926,82.9006,82.1255,81.3669,80.6242,79.8968,79.1842,78.4859,77.8015,77.1304,76.4723,75.8268,75.1935,74.5719,73.9618,73.3628,72.7746,72.1968,71.6292,71.0715,70.5233,69.9845,69.4547,68.9338,68.4214,67.9174,67.4215,66.9335,66.4533,65.9806,65.5152,65.057
536.044,513.271,489.373,464.375,438.41,411.784,385.03,358.896,334.202,311.609,291.457,273.758,258.311,244.828,233.009,222.585,213.327,205.047,197.592,190.836,184.68,179.039,173.846,169.044,164.586,160.432,156.549,152.908,149.484,146.256,143.206,140.317,137.576,134.97,132.489,130.121,127.859,125.695,123.621,121.633,119.722,117.886,116.118,114.415,112.773,111.188,109.656,108.175,106.743,105.356,104.011,102.708,101.443,100.216,99.0229,97.8637,96.7363,95.6394,94.5715,93.5314,92.518,91.53,90.5665,89.6264,88.7088,87.8129,86.9377,86.0825,85.2465,84.4291,83.6295,82.8471,82.0814,81.3317,80.5974,79.8782,79.1734,78.4826,77.8053,77.1411,76.4896,75.8505,75.2232,74.6075,74.003,73.4094,72.8264,72.2536,71.6908,71.1376,70.5939,70.0594,69.5337,69.0167,68.5082,68.0078,67.5155,67.031,66.554,66.0845,65.6222
537.307,514.717,491.034,466.286,440.6,414.268,387.794,361.883,337.321,314.758,294.55,276.74,261.154,247.524,235.561,225.002,215.62,207.227,199.67,192.821,186.581,180.863,175.601,170.735,166.219,162.011,158.079,154.391,150.925,147.657,144.57,141.647,138.874,136.237,133.726,131.331,129.044,126.855,124.758,122.748,120.816,118.96,117.173,115.452,113.792,112.19,110.642,109.146,107.699,106.297,104.939,103.623,102.345,101.105,99.9004,98.7296,97.591,96.4833,95.4049,94.3547,93.3314,92.3338,91.361,90.4118,89.4855,88.5809,87.6974,86.8341,85.9902,85.1651,84.358,83.5683,82.7954,82.0387,81.2976,80.5717,79.8604,79.1632,78.4797,77.8094,77.152,76.507,75.874,75.2527,74.6427,74.0438,73.4554,72.8775,72.3096,71.7515,71.2029,70.6636,70.1332,69.6116,69.0985,68.5938,68.0971,67.6082,67.1271,66.6534,66.187
538.555,516.144,492.67,468.163,442.748,416.701,390.499,364.81,340.385,317.861,297.609,279.697,263.98,250.209,238.106,227.415,217.91,209.406,201.746,194.806,188.481,182.688,177.356,172.426,167.852,163.591,159.608,155.875,152.366,149.059,145.935,142.977,140.17,137.503,134.964,132.542,130.228,128.015,125.895,123.862,121.91,120.033,118.228,116.488,114.811,113.192,111.628,110.117,108.654,107.238,105.867,104.537,103.247,101.994,100.777,99.5951,98.4453,97.3267,96.2379,95.1774,94.1442,93.1371,92.155,91.1968,90.2616,89.3485,88.4566,87.5852,86.7334,85.9006,85.086,84.289,83.5089,82.7452,81.9973,81.2648,80.5469,79.8434,79.1537,78.4773,77.8139,77.1631,76.5244,75.8975,75.282,74.6777,74.0841,73.501,72.928,72.365,71.8115,71.2674,70.7323,70.2061,69.6885,69.1793,68.6782,68.1851,67.6997,67.2218,66.7514
539.789,517.551,494.281,470.009,444.855,419.085,393.148,367.679,343.395,320.919,300.632,282.629,266.789,252.881,240.643,229.822,220.197,211.581,203.821,196.789,190.381,184.511,179.11,174.117,169.484,165.17,161.138,157.359,153.807,150.46,147.299,144.306,141.467,138.769,136.201,133.751,131.412,129.175,127.032,124.976,123.003,121.107,119.282,117.524,115.829,114.193,112.614,111.087,109.609,108.179,106.794,105.45,104.147,102.883,101.654,100.46,99.2991,98.1697,97.0703,95.9997,94.9567,93.9399,92.9485,91.9812,91.0372,90.1156,89.2154,88.3359,87.4762,86.6356,85.8135,85.0092,84.2219,83.4513,82.6966,81.9573,81.233,80.5231,79.8271,79.1447,78.4753,77.8187,77.1743,76.5418,75.9208,75.3111,74.7123,74.124,73.546,72.978,72.4196,71.8707,71.331,70.8002,70.278,69.7643,69.2589,68.7615,68.2719,67.7899,67.3153
541.008,518.94,495.869,471.824,446.924,421.421,395.744,370.492,346.352,323.932,303.621,285.534,269.579,255.541,243.171,232.223,222.479,213.754,205.894,198.77,192.28,186.335,180.864,175.808,171.117,166.748,162.667,158.842,155.248,151.861,148.662,145.635,142.764,140.035,137.438,134.961,132.596,130.334,128.168,126.09,124.096,122.18,120.335,118.559,116.847,115.194,113.599,112.056,110.564,109.12,107.72,106.364,105.048,103.771,102.53,101.325,100.152,99.0122,97.9023,96.8215,95.7686,94.7423,93.7415,92.7652,91.8124,90.8822,89.9737,89.086,88.2184,87.3702,86.5405,85.7289,84.9345,84.1569,83.3954,82.6494,81.9186,81.2023,80.5002,79.8116,79.1363,78.4738,77.8237,77.1856,76.5592,75.9441,75.34,74.7466,74.1635,73.5905,73.0273,72.4736,71.9292,71.3938,70.8671,70.349,69.8392,69.3375,68.8437,68.3575,67.8789
542.213,520.311,497.432,473.609,448.955,423.713,398.288,373.251,349.257,326.9,306.573,288.414,272.349,258.188,245.689,234.617,224.757,215.924,207.964,200.751,194.177,188.157,182.617,177.498,172.749,168.327,164.196,160.325,156.688,153.262,150.026,146.964,144.06,141.301,138.674,136.17,133.779,131.493,129.303,127.204,125.189,123.252,121.389,119.594,117.864,116.195,114.583,113.025,111.518,110.059,108.646,107.276,105.948,104.658,103.406,102.189,101.005,99.8542,98.7338,97.6429,96.58,95.5441,94.534,93.5487,92.5871,91.6483,90.7315,89.8357,88.9602,88.1042,87.2671,86.4481,85.6466,84.862,84.0937,83.3411,82.6037,81.8811,81.1727,80.4781,79.7968,79.1285,78.4727,77.829,77.1971,76.5767,75.9673,75.3687,74.7806,74.2027,73.6346,73.0761,72.527,71.987,71.4558,70.9332,70.4191,69.9131,69.415,68.9247,68.442
543.404,521.665,498.974,475.365,450.95,425.961,400.783,375.957,352.112,329.824,309.49,291.266,275.1,260.82,248.198,237.005,227.029,218.09,210.032,202.729,196.073,189.978,184.37,179.187,174.38,169.905,165.724,161.808,158.128,154.662,151.389,148.292,145.356,142.566,139.91,137.379,134.962,132.651,130.439,128.317,126.281,124.324,122.442,120.629,118.881,117.195,115.567,113.994,112.472,110.999,109.572,108.189,106.847,105.545,104.281,103.052,101.858,100.696,99.5648,98.4637,97.391,96.3455,95.3261,94.3317,93.3613,92.414,91.4888,90.5849,89.7015,88.8378,87.9932,87.1669,86.3582,85.5666,84.7915,84.0322,83.2884,82.5594,81.8448,81.1441,80.4569,79.7827,79.1212,78.472,77.8346,77.2088,76.5942,75.9904,75.3973,74.8143,74.2414,73.6782,73.1244,72.5797,72.044,71.517,70.9985,70.4882,69.986,69.4915,69.0048
544.582,523.001,500.494,477.094,452.911,428.167,403.229,378.612,354.917,332.704,312.372,294.09,277.831,263.437,250.696,239.384,229.297,220.252,212.098,204.705,197.968,191.798,186.121,180.876,176.011,171.482,167.252,163.29,159.568,156.062,152.752,149.62,146.651,143.83,141.146,138.588,136.145,133.809,131.573,129.43,127.373,125.396,123.494,121.663,119.898,118.195,116.551,114.962,113.425,111.938,110.497,109.101,107.746,106.432,105.155,103.915,102.709,101.537,100.395,99.284,98.2014,97.1463,96.1176,95.1142,94.135,93.1791,92.2456,91.3336,90.4423,89.5709,88.7188,87.8851,87.0693,86.2708,85.4888,84.7229,83.9726,83.2372,82.5164,81.8096,81.1165,80.4365,79.7693,79.1144,78.4716,77.8404,77.2206,76.6117,76.0135,75.4256,74.8478,74.2798,73.7213,73.1721,72.6318,72.1004,71.5775,71.063,70.5565,70.0579,69.5671
545.747,524.321,501.992,478.796,454.838,430.332,405.629,381.218,357.673,335.541,315.217,296.887,280.541,266.039,253.183,241.756,231.558,222.41,214.16,206.679,199.861,193.616,187.872,182.564,177.641,173.059,168.78,164.772,161.007,157.461,154.114,150.948,147.946,145.095,142.382,139.796,137.327,134.967,132.708,130.542,128.464,126.467,124.546,122.696,120.914,119.194,117.534,115.929,114.378,112.876,111.422,110.012,108.645,107.318,106.03,104.778,103.561,102.377,101.225,100.104,99.0113,97.9467,96.9086,95.8962,94.9082,93.9437,93.0019,92.0818,91.1826,90.3035,89.4439,88.6029,87.78,86.9744,86.1857,85.4131,84.6563,83.9146,83.1875,82.4747,81.7756,81.0898,80.4169,79.7565,79.1082,78.4716,77.8465,77.2325,76.6292,76.0364,75.4537,74.8809,74.3178,73.764,73.2192,72.6834,72.1561,71.6373,71.1266,70.6239,70.129
546.899,525.625,503.47,480.471,456.733,432.459,407.985,383.776,360.383,338.334,318.026,299.655,283.229,268.626,255.658,244.12,233.813,224.564,216.218,208.65,201.752,195.434,189.621,184.251,179.27,174.635,170.307,166.253,162.445,158.86,155.476,152.275,149.241,146.359,143.617,141.003,138.509,136.124,133.842,131.654,129.554,127.537,125.597,123.729,121.929,120.193,118.516,116.897,115.33,113.814,112.346,110.923,109.543,108.203,106.903,105.64,104.412,103.217,102.055,100.923,99.8208,98.7465,97.6992,96.6776,95.6808,94.7078,93.7577,92.8295,91.9224,91.0356,90.1685,89.3202,88.4901,87.6776,86.882,86.1028,85.3395,84.5915,83.8582,83.1393,82.4342,81.7426,81.064,80.398,79.7443,79.1024,78.472,77.8528,77.2445,76.6467,76.0592,75.4817,74.9138,74.3554,73.8062,73.2659,72.7343,72.2112,71.6963,71.1895,70.6905
548.039,526.913,504.928,482.122,458.597,434.548,410.297,386.288,363.046,341.086,320.8,302.395,285.895,271.196,258.121,246.474,236.062,226.712,218.273,210.619,203.64,197.249,191.369,185.936,180.899,176.21,171.833,167.733,163.884,160.259,156.838,153.602,150.535,147.622,144.851,142.21,139.69,137.281,134.975,132.765,130.645,128.607,126.648,124.762,122.944,121.191,119.499,117.863,116.282,114.751,113.269,111.833,110.44,109.088,107.776,106.501,105.262,104.057,102.884,101.742,100.63,99.5458,98.4892,97.4586,96.453,95.4715,94.513,93.5766,92.6617,91.7672,90.8925,90.0369,89.1997,88.3803,87.5779,86.7921,86.0222,85.2678,84.5284,83.8034,83.0924,82.395,81.7107,81.0391,80.3799,79.7327,79.097,78.4727,77.8594,77.2566,76.6643,76.082,75.5094,74.9464,74.3927,73.848,73.312,72.7846,72.2656,71.7546,71.2516
549.167,528.186,506.367,483.749,460.431,436.602,412.568,388.755,365.665,343.797,323.538,305.106,288.54,273.749,260.572,248.82,238.304,228.856,220.325,212.584,205.527,199.062,193.115,187.621,182.526,177.785,173.358,169.213,165.321,161.656,158.198,154.928,151.828,148.885,146.085,143.417,140.871,138.437,136.108,133.876,131.734,129.677,127.699,125.794,123.959,122.189,120.48,118.829,117.233,115.688,114.192,112.743,111.337,109.973,108.649,107.362,106.112,104.896,103.712,102.56,101.438,100.345,99.2787,98.239,97.2247,96.2346,95.2677,94.3233,93.4004,92.4983,91.6161,90.7532,89.9089,89.0824,88.2733,87.4808,86.7045,85.9437,85.1981,84.467,83.7501,83.0469,82.3569,81.6797,81.0151,80.3625,79.7216,79.0922,78.4738,77.8661,77.2689,76.6818,76.1046,75.537,74.9788,74.4296,73.8893,73.3577,72.8344,72.3193,71.8122
550.283,529.444,507.787,485.352,462.235,438.62,414.8,391.179,368.24,346.466,326.241,307.788,291.161,276.286,263.01,251.155,240.539,230.994,222.372,214.546,207.411,200.874,194.86,189.304,184.152,179.358,174.883,170.692,166.757,163.054,159.559,156.253,153.121,150.147,147.318,144.623,142.051,139.593,137.24,134.986,132.824,130.746,128.749,126.826,124.973,123.186,121.461,119.795,118.183,116.624,115.115,113.652,112.233,110.857,109.521,108.223,106.961,105.734,104.54,103.378,102.246,101.143,100.068,99.019,97.9958,96.9971,96.022,95.0695,94.1387,93.2289,92.3392,91.469,90.6175,89.7841,88.9682,88.1691,87.3862,86.6192,85.8673,85.1302,84.4073,83.6983,83.0026,82.3199,81.6498,80.9918,80.3457,79.7111,79.0877,78.4751,77.873,77.2812,76.6994,76.1272,75.5644,75.0109,74.4662,73.9303,73.4028,72.8836,72.3725
551.388,530.687,509.189,486.933,464.012,440.605,416.992,393.56,370.773,349.096,328.909,310.442,293.76,278.804,265.435,253.481,242.766,233.126,224.414,216.505,209.292,202.683,196.602,190.985,185.777,180.93,176.406,172.17,168.193,164.45,160.918,157.578,154.413,151.409,148.551,145.828,143.23,140.748,138.372,136.096,133.912,131.815,129.798,127.857,125.986,124.183,122.442,120.76,119.133,117.56,116.037,114.56,113.129,111.74,110.392,109.083,107.81,106.572,105.367,104.195,103.053,101.941,100.856,99.7983,98.7664,97.7592,96.7757,95.8151,94.8765,93.959,93.0618,92.1843,91.3257,90.4853,89.6626,88.8568,88.0675,87.2941,86.536,85.7929,85.0641,84.3492,83.6478,82.9596,82.284,81.6207,80.9694,80.3297,79.7012,79.0837,78.4767,77.8802,77.2936,76.7169,76.1496,75.5917,75.0427,74.5025,73.9708,73.4475,72.9323
552.481,531.916,510.574,488.491,465.762,442.558,419.147,395.901,373.263,351.686,331.542,313.066,296.336,281.305,267.846,255.796,244.985,235.252,226.452,218.46,211.17,204.49,198.343,192.665,187.4,182.501,177.928,173.647,169.628,165.845,162.277,158.902,155.705,152.669,149.783,147.033,144.409,141.902,139.503,137.205,135,132.883,130.847,128.887,126.999,125.179,123.421,121.724,120.083,118.495,116.958,115.468,114.024,112.623,111.263,109.942,108.658,107.409,106.194,105.012,103.86,102.738,101.644,100.577,99.5365,98.5207,97.5289,96.5602,95.6137,94.6885,93.7839,92.899,92.0333,91.186,90.3564,89.5441,88.7483,87.9685,87.2043,86.455,85.7203,84.9997,84.2926,83.5988,82.9178,82.2492,81.5926,80.9477,80.3142,79.6918,79.08,78.4787,77.8875,77.3062,76.7344,76.172,75.6187,75.0742,74.5384,74.011,73.4917
553.563,533.132,511.941,490.028,467.486,444.479,421.266,398.202,375.714,354.238,334.141,315.662,298.889,283.787,270.243,258.101,247.196,237.372,228.485,220.412,213.045,206.294,200.082,194.343,189.022,184.071,179.45,175.123,171.062,167.24,163.634,160.225,156.996,153.93,151.014,148.237,145.588,143.056,140.634,138.313,136.087,133.95,131.895,129.917,128.011,126.174,124.401,122.688,121.032,119.43,117.879,116.376,114.919,113.506,112.133,110.801,109.505,108.246,107.021,105.828,104.666,103.534,102.431,101.356,100.306,99.2817,98.2816,97.3048,96.3504,95.4175,94.5054,93.6133,92.7404,91.8862,91.0498,90.2308,89.4286,88.6425,87.872,87.1167,86.3761,85.6496,84.9369,84.2375,83.5511,82.8771,82.2153,81.5653,80.9268,80.2994,79.6828,79.0767,78.4809,77.895,77.3188,76.7519,76.1943,75.6456,75.1056,74.574,74.0507
554.635,534.334,513.291,491.544,469.184,446.369,423.35,400.465,378.125,356.752,336.706,318.229,301.418,286.251,272.626,260.394,249.399,239.485,230.512,222.359,214.917,208.096,201.819,196.019,190.642,185.639,180.97,176.598,172.495,168.634,164.991,161.548,158.286,155.189,152.245,149.44,146.765,144.209,141.764,139.421,137.174,135.016,132.942,130.946,129.023,127.169,125.379,123.651,121.98,120.364,118.799,117.283,115.813,114.387,113.003,111.659,110.352,109.082,107.846,106.643,105.472,104.331,103.218,102.133,101.075,100.042,99.0338,98.0489,97.0866,96.1461,95.2265,94.327,93.447,92.5858,91.7427,90.9171,90.1083,89.3159,88.5393,87.778,87.0314,86.2991,85.5807,84.8758,84.1839,83.5046,82.8376,82.1825,81.5389,80.9066,80.2852,79.6744,79.0739,78.4834,77.9027,77.3314,76.7695,76.2165,75.6723,75.1366,74.6093
555.696,535.523,514.625,493.04,470.857,448.231,425.4,402.691,380.498,359.229,339.238,320.767,303.923,288.697,274.994,262.676,251.592,241.591,232.535,224.301,216.785,209.895,203.553,197.694,192.261,187.206,182.488,178.072,173.927,170.027,166.348,162.869,159.575,156.448,153.475,150.643,147.942,145.362,142.893,140.528,138.26,136.083,133.989,131.974,130.034,128.163,126.357,124.614,122.928,121.297,119.719,118.189,116.707,115.268,113.872,112.516,111.199,109.918,108.671,107.458,106.277,105.126,104.004,102.911,101.843,100.802,99.7854,98.7924,97.8223,96.874,95.947,95.0402,94.1531,93.285,92.4351,91.6028,90.7876,89.9889,89.2061,88.4387,87.6862,86.9481,86.2241,85.5136,84.8162,84.1316,83.4594,82.7992,82.1506,81.5133,80.8871,80.2715,79.6664,79.0713,78.4861,77.9105,77.3442,76.787,76.2386,75.6988,75.1674
556.746,536.699,515.943,494.517,472.507,450.064,427.417,404.881,382.833,361.669,341.736,323.276,306.405,291.123,277.346,264.947,253.776,243.69,234.551,226.24,218.65,211.691,205.285,199.366,193.878,188.771,184.006,179.545,175.358,171.418,167.703,164.19,160.863,157.706,154.704,151.845,149.118,146.513,144.022,141.635,139.346,137.148,135.035,133.002,131.044,129.157,127.335,125.576,123.875,122.23,120.638,119.095,117.6,116.149,114.741,113.374,112.045,110.753,109.496,108.273,107.082,105.921,104.79,103.687,102.611,101.561,100.536,99.5354,98.5574,97.6015,96.6669,95.7529,94.8587,93.9836,93.1269,92.2881,91.4664,90.6613,89.8723,89.0989,88.3405,87.5967,86.8669,86.1509,85.4481,84.7582,84.0807,83.4154,82.7618,82.1196,81.4885,80.8683,80.2584,79.6588,79.0692,78.4891,77.9185,77.357,76.8045,76.2606,75.7252
557.787,537.863,517.245,495.974,474.133,451.869,429.403,407.036,385.132,364.074,344.201,325.757,308.863,293.53,279.684,267.205,255.951,245.781,236.562,228.173,220.511,213.483,207.014,201.036,195.492,190.335,185.521,181.016,176.788,172.809,169.057,165.51,162.151,158.963,155.932,153.046,150.294,147.664,145.149,142.741,140.43,138.213,136.081,134.03,132.054,130.15,128.312,126.537,124.822,123.162,121.556,120,118.492,117.029,115.609,114.23,112.89,111.587,110.32,109.087,107.886,106.716,105.575,104.463,103.379,102.32,101.287,100.278,99.292,98.3284,97.3864,96.4651,95.5638,94.6817,93.8183,92.9728,92.1447,91.3333,90.5381,89.7586,88.9943,88.2447,87.5093,86.7877,86.0795,85.3843,84.7016,84.0311,83.3725,82.7254,82.0895,81.4645,80.8501,80.2459,79.6517,79.0673,78.4924,77.9266,77.3699,76.8219,76.2825
558.818,539.014,518.533,497.413,475.737,453.648,431.357,409.157,387.396,366.445,346.635,328.21,311.298,295.918,282.006,269.451,258.117,247.865,238.566,230.102,222.367,215.273,208.74,202.704,197.105,191.897,187.036,182.486,178.216,174.199,170.41,166.829,163.437,160.219,157.16,154.247,151.468,148.815,146.276,143.846,141.515,139.277,137.126,135.056,133.063,131.142,129.288,127.498,125.767,124.094,122.474,120.905,119.384,117.908,116.476,115.086,113.735,112.421,111.143,109.9,108.689,107.509,106.36,105.239,104.146,103.079,102.037,101.02,100.026,99.0548,98.1053,97.1767,96.2683,95.3793,94.5091,93.657,92.8224,92.0047,91.2034,90.4179,89.6477,88.8923,88.1512,87.4241,86.7104,86.0099,85.322,84.6464,83.9828,83.3308,82.6901,82.0603,81.4412,80.8325,80.2339,79.6451,79.0658,78.4958,77.9349,77.3829,76.8394
559.839,540.154,519.806,498.834,477.32,455.4,433.283,411.245,389.626,368.781,349.036,330.634,313.708,298.286,284.313,271.684,260.272,249.941,240.565,232.025,224.22,217.059,210.464,204.369,198.716,193.457,188.548,183.954,179.643,175.587,171.762,168.147,164.723,161.474,158.386,155.446,152.642,149.964,147.403,144.95,142.598,140.34,138.17,136.082,134.072,132.133,130.263,128.458,126.713,125.025,123.391,121.808,120.275,118.787,117.343,115.941,114.579,113.254,111.966,110.712,109.492,108.303,107.144,106.014,104.912,103.836,102.786,101.761,100.76,99.7807,98.8237,97.8878,96.9723,96.0764,95.1994,94.3407,93.4997,92.6757,91.8682,91.0766,90.3005,89.5393,88.7926,88.06,87.3409,86.635,85.9419,85.2612,84.5926,83.9357,83.2902,82.6557,82.032,81.4187,80.8156,80.2224,79.6388,79.0646,78.4995,77.9434,77.3959
560.85,541.282,521.064,500.237,478.881,457.128,435.179,413.302,391.821,371.084,351.407,333.031,316.095,300.634,286.603,273.905,262.417,252.009,242.556,233.943,226.068,218.841,212.184,206.031,200.325,195.015,190.059,185.421,181.069,176.974,173.112,169.463,166.007,162.729,159.612,156.645,153.815,151.113,148.528,146.053,143.68,141.402,139.213,137.107,135.079,133.124,131.238,129.417,127.657,125.955,124.307,122.712,121.165,119.665,118.209,116.796,115.422,114.087,112.788,111.525,110.294,109.095,107.927,106.788,105.677,104.593,103.535,102.502,101.493,100.506,99.5416,98.5984,97.6758,96.773,95.8892,95.0239,94.1764,93.3461,92.5324,91.7349,90.9528,90.1859,89.4335,88.6953,87.9709,87.2597,86.5614,85.8756,85.202,84.5402,83.8898,83.2506,82.6222,82.0044,81.3968,80.7992,80.2113,79.6329,79.0637,78.5034,77.9519
561.852,542.398,522.308,501.623,480.421,458.831,437.047,415.327,393.985,373.354,353.746,335.4,318.458,302.963,288.878,276.113,264.552,254.069,244.541,235.856,227.912,220.619,213.901,207.691,201.931,196.571,191.569,186.887,182.493,178.36,174.462,170.779,167.291,163.982,160.837,157.842,154.987,152.26,149.653,147.156,144.762,142.464,140.256,138.132,136.086,134.115,132.212,130.376,128.601,126.885,125.223,123.614,122.055,120.543,119.075,117.65,116.265,114.919,113.61,112.336,111.096,109.888,108.71,107.562,106.443,105.35,104.284,103.242,102.225,101.231,100.259,99.3085,98.3788,97.469,96.5785,95.7066,94.8526,94.016,93.1962,92.3926,91.6047,90.832,90.074,89.3302,88.6003,87.8838,87.1803,86.4895,85.8109,85.1441,84.489,83.8451,83.2121,82.5897,81.9776,81.3757,80.7835,80.2008,79.6274,79.0631,78.5075
562.845,543.503,523.539,502.993,481.941,460.511,438.888,417.322,396.116,375.593,356.056,337.742,320.798,305.272,291.136,278.307,266.676,256.12,246.519,237.763,229.751,222.394,215.616,209.348,203.535,198.125,193.076,188.35,183.916,179.744,175.81,172.093,168.573,165.234,162.06,159.039,156.158,153.407,150.777,148.258,145.843,143.525,141.298,139.155,137.092,135.104,133.186,131.334,129.544,127.813,126.138,124.516,122.944,121.419,119.94,118.503,117.107,115.751,114.431,113.147,111.897,110.679,109.492,108.335,107.207,106.106,105.031,103.982,102.957,101.955,100.976,100.018,99.0812,98.1645,97.2673,96.3888,95.5284,94.6855,93.8595,93.0498,92.256,91.4776,90.7139,89.9647,89.2293,88.5075,87.7989,87.1029,86.4193,85.7477,85.0877,84.4391,83.8014,83.1745,82.558,81.9516,81.3551,80.7682,80.1907,79.6223,79.0627
563.829,544.597,524.757,504.346,483.442,462.167,440.702,419.288,398.216,377.8,358.335,340.057,323.114,307.561,293.378,280.489,268.789,258.162,248.49,239.664,231.585,224.165,217.326,211.003,205.136,199.677,194.581,189.812,185.337,181.127,177.157,173.406,169.855,166.485,163.283,160.235,157.329,154.553,151.9,149.359,146.923,144.585,142.339,140.178,138.098,136.093,134.159,132.291,130.487,128.742,127.053,125.418,123.833,122.296,120.804,119.356,117.949,116.582,115.251,113.957,112.697,111.47,110.274,109.108,107.971,106.862,105.779,104.721,103.688,102.679,101.692,100.727,99.7831,98.8595,97.9555,97.0704,96.2036,95.3544,94.5222,93.7066,92.9069,92.1226,91.3534,90.5986,89.8579,89.1308,88.4169,87.7158,87.0272,86.3507,85.6859,85.0326,84.3904,83.7589,83.1379,82.5272,81.9264,81.3353,80.7536,80.1811,79.6175
564.805,545.681,525.961,505.684,484.924,463.802,442.491,421.226,400.286,379.977,360.586,342.345,325.406,309.83,295.603,282.656,270.891,260.195,250.454,241.559,233.414,225.931,219.033,212.654,206.735,201.226,196.085,191.272,186.757,182.508,178.503,174.718,171.135,167.735,164.505,161.43,158.498,155.699,153.022,150.459,148.003,145.645,143.38,141.201,139.103,137.081,135.131,133.248,131.429,129.669,127.967,126.318,124.72,123.171,121.668,120.208,118.79,117.412,116.071,114.767,113.497,112.26,111.055,109.88,108.734,107.616,106.525,105.46,104.419,103.402,102.408,101.435,100.484,99.5539,98.6432,97.7515,96.8782,96.0227,95.1844,94.3628,93.5572,92.7672,91.9923,91.232,90.4859,89.7535,89.0344,88.3283,87.6347,86.9533,86.2837,85.6257,84.9788,84.3428,83.7174,83.1023,82.4972,81.9019,81.316,80.7394,80.1719
565.771,546.754,527.153,507.006,486.387,465.414,444.255,423.136,402.327,382.124,362.807,344.607,327.675,312.079,297.811,284.81,272.982,262.219,252.41,243.448,235.239,227.693,220.737,214.302,208.331,202.774,197.586,192.731,188.174,183.888,179.847,176.029,172.414,168.984,165.725,162.624,159.666,156.843,154.143,151.559,149.081,146.703,144.419,142.222,140.107,138.068,136.102,134.204,132.37,130.596,128.88,127.218,125.608,124.046,122.531,121.06,119.63,118.241,116.89,115.576,114.296,113.05,111.836,110.652,109.497,108.371,107.271,106.198,105.149,104.124,103.123,102.143,101.185,100.248,99.3303,98.4321,97.5524,96.6906,95.8462,95.0185,94.2071,93.4113,92.6308,91.865,91.1134,90.3758,89.6515,88.9403,88.2417,87.5554,86.8811,86.2183,85.5668,84.9263,84.2964,83.677,83.0676,82.468,81.878,81.2974,80.7258
566.73,547.817,528.332,508.313,487.833,467.005,445.995,425.019,404.339,384.242,365.001,346.843,329.921,314.309,300.003,286.951,275.062,264.234,254.358,245.331,237.057,229.451,222.436,215.947,209.924,204.318,199.085,194.187,189.591,185.267,181.19,177.338,173.691,170.232,166.945,163.816,160.834,157.986,155.263,152.657,150.159,147.761,145.458,143.243,141.11,139.055,137.072,135.159,133.31,131.522,129.792,128.117,126.494,124.92,123.393,121.91,120.47,119.07,117.709,116.384,115.095,113.839,112.616,111.423,110.259,109.124,108.017,106.935,105.879,104.846,103.837,102.851,101.885,100.941,100.017,99.1121,98.226,97.3579,96.5074,95.6737,94.8564,94.0549,93.2687,92.4974,91.7405,90.9975,90.2681,89.5518,88.8482,88.1571,87.4779,86.8105,86.1544,85.5093,84.875,84.2512,83.6375,83.0337,82.4396,81.8549,81.2793
567.68,548.87,529.499,509.605,489.261,468.576,447.711,426.876,406.324,386.331,367.167,349.053,332.145,316.518,302.178,289.077,277.13,266.239,256.299,247.207,238.871,231.204,224.132,217.588,211.515,205.86,200.582,195.641,191.005,186.643,182.531,178.646,174.967,171.478,168.163,165.008,162,159.128,156.383,153.755,151.235,148.818,146.496,144.262,142.112,140.04,138.042,136.113,134.25,132.448,130.704,129.016,127.38,125.794,124.255,122.761,121.309,119.899,118.527,117.192,115.893,114.628,113.395,112.193,111.021,109.878,108.762,107.672,106.608,105.568,104.551,103.557,102.585,101.634,100.703,99.7916,98.8991,98.0248,97.1681,96.3284,95.5052,94.698,93.9062,93.1294,92.3671,91.6188,90.8842,90.1628,89.4543,88.7583,88.0743,87.4022,86.7415,86.0919,85.4531,84.8249,84.207,83.599,83.0007,82.4119,81.8324
568.622,549.913,530.654,510.884,490.672,470.127,449.404,428.707,408.281,388.393,369.305,351.237,334.345,318.708,304.337,291.189,279.187,268.235,258.231,249.077,240.679,232.953,225.824,219.227,213.102,207.4,202.077,197.094,192.417,188.018,183.871,179.952,176.242,172.724,169.38,166.198,163.165,160.269,157.501,154.851,152.311,149.874,147.533,145.281,143.114,141.025,139.011,137.067,135.188,133.372,131.615,129.914,128.265,126.667,125.116,123.61,122.148,120.726,119.344,117.999,116.69,115.416,114.173,112.963,111.782,110.63,109.506,108.408,107.336,106.289,105.265,104.264,103.284,102.326,101.389,100.471,99.5717,98.6911,97.8282,96.9826,96.1535,95.3406,94.5432,93.7608,92.9931,92.2396,91.4998,90.7734,90.0599,89.359,88.6703,87.9934,87.3281,86.674,86.0308,85.3983,84.776,84.1638,83.5614,82.9686,82.385
569.556,550.946,531.797,512.148,492.066,471.658,451.075,430.514,410.211,390.427,371.417,353.397,336.523,320.878,306.478,293.287,281.232,270.221,260.156,250.94,242.481,234.697,227.512,220.861,214.686,208.937,203.569,198.544,193.828,189.392,185.209,181.257,177.516,173.968,170.596,167.388,164.329,161.41,158.618,155.947,153.386,150.929,148.569,146.299,144.115,142.01,139.979,138.02,136.127,134.296,132.525,130.811,129.149,127.539,125.976,124.459,122.985,121.553,120.161,118.806,117.487,116.203,114.952,113.732,112.542,111.382,110.25,109.144,108.064,107.009,105.978,104.969,103.983,103.018,102.074,101.149,100.244,99.3568,98.4879,97.6362,96.8013,95.9826,95.1796,94.3918,93.6187,92.8599,92.115,91.3835,90.665,89.9592,89.2657,88.5842,87.9143,87.2557,86.6081,85.9711,85.3446,84.7282,84.1217,83.5248,82.9372
570.482,551.97,532.929,513.398,493.444,473.171,452.724,432.296,412.116,392.435,373.503,355.532,338.678,323.028,308.603,295.371,283.264,272.196,262.072,252.795,244.278,236.436,229.196,222.492,216.268,210.471,205.059,199.992,195.237,190.763,186.546,182.561,178.788,175.21,171.811,168.576,165.492,162.549,159.735,157.041,154.46,151.983,149.604,147.317,145.115,142.993,140.947,138.972,137.064,135.22,133.435,131.707,130.033,128.41,126.836,125.307,123.822,122.38,120.977,119.612,118.283,116.99,115.729,114.5,113.302,112.133,110.993,109.879,108.791,107.729,106.69,105.674,104.681,103.709,102.758,101.827,100.915,100.022,99.147,98.2894,97.4486,96.6242,95.8156,95.0223,94.2438,93.4797,92.7296,91.9931,91.2696,90.559,89.8607,89.1745,88.5,87.8369,87.1848,86.5436,85.9128,85.2922,84.6815,84.0805,83.489
571.4,552.985,534.05,514.635,494.807,474.665,454.353,434.055,413.995,394.417,375.563,357.642,340.811,325.159,310.711,297.44,285.285,274.162,263.98,254.644,246.068,238.169,230.875,224.12,217.846,212.003,206.546,201.438,196.643,192.133,187.88,183.863,180.059,176.452,173.025,169.763,166.654,163.687,160.85,158.135,155.533,153.037,150.639,148.333,146.114,143.975,141.913,139.923,138.001,136.142,134.344,132.603,130.916,129.281,127.694,126.155,124.659,123.205,121.792,120.417,119.079,117.776,116.506,115.268,114.061,112.884,111.735,110.614,109.518,108.448,107.402,106.379,105.378,104.4,103.442,102.504,101.586,100.687,99.8056,98.942,98.0954,97.2652,96.451,95.6522,94.8684,94.0991,93.3438,92.6022,91.8738,91.1583,90.4553,89.7644,89.0853,88.4176,87.7612,87.1155,86.4805,85.8557,85.2409,84.6359,84.0404
572.311,553.99,535.16,515.859,496.153,476.141,455.96,435.791,415.85,396.373,377.598,359.729,342.923,327.27,312.801,299.495,287.294,276.118,265.879,256.486,247.852,239.898,232.55,225.743,219.42,213.531,208.031,202.881,198.048,193.501,189.213,185.163,181.328,177.692,174.237,170.949,167.815,164.824,161.964,159.228,156.605,154.089,151.672,149.348,147.112,144.957,142.879,140.874,138.936,137.064,135.252,133.498,131.798,130.151,128.553,127.001,125.495,124.03,122.607,121.222,119.874,118.561,117.282,116.035,114.82,113.634,112.477,111.348,110.244,109.166,108.113,107.083,106.075,105.09,104.125,103.181,102.257,101.351,100.464,99.5941,98.7417,97.9058,97.086,96.2817,95.4925,94.7179,93.9575,93.2108,92.4775,91.7571,91.0493,90.3538,89.6701,88.9979,88.337,87.6871,87.0477,86.4188,85.7999,85.1908,84.5913
573.215,554.987,536.26,517.071,497.485,477.599,457.547,437.505,417.681,398.305,379.608,361.792,345.012,329.362,314.875,301.536,289.29,278.063,267.769,258.32,249.631,241.621,234.22,227.363,220.992,215.056,209.513,204.322,199.45,194.866,190.545,186.461,182.596,178.93,175.447,172.133,168.974,165.959,163.077,160.319,157.676,155.14,152.705,150.363,148.109,145.938,143.844,141.823,139.871,137.984,136.159,134.392,132.68,131.02,129.41,127.847,126.33,124.855,123.421,122.026,120.668,119.346,118.058,116.802,115.578,114.384,113.219,112.081,110.97,109.884,108.823,107.786,106.772,105.779,104.808,103.857,102.926,102.015,101.121,100.246,99.3874,98.5458,97.7204,96.9107,96.1161,95.3363,94.5707,93.819,93.0807,92.3555,91.6429,90.9427,90.2544,89.5778,88.9125,88.2581,87.6146,86.9814,86.3584,85.7453,85.1418
574.111,555.975,537.349,518.27,498.802,479.04,459.115,439.197,419.488,400.212,381.594,363.832,347.08,331.434,316.932,303.562,291.274,279.998,269.651,260.147,251.403,243.339,235.886,228.978,222.559,216.579,210.992,205.761,200.85,196.23,191.874,187.758,183.862,180.167,176.657,173.316,170.133,167.094,164.189,161.41,158.746,156.191,153.736,151.377,149.106,146.918,144.808,142.772,140.806,138.905,137.066,135.285,133.561,131.889,130.267,128.693,127.164,125.678,124.234,122.829,121.461,120.13,118.832,117.568,116.335,115.133,113.959,112.814,111.695,110.602,109.533,108.489,107.468,106.468,105.49,104.533,103.596,102.678,101.778,100.897,100.033,99.1853,98.3543,97.5391,96.7392,95.9541,95.1834,94.4266,93.6834,92.9533,92.236,91.5311,90.8383,90.1571,89.4874,88.8288,88.1809,87.5436,86.9165,86.2993,85.6919
575,556.954,538.427,519.456,500.105,480.465,460.664,440.868,421.272,402.096,383.556,365.849,349.127,333.488,318.973,305.573,293.246,281.923,271.524,261.967,253.168,245.052,237.547,230.59,224.124,218.098,212.469,207.197,202.248,197.592,193.202,189.054,185.127,181.403,177.865,174.498,171.29,168.227,165.3,162.499,159.815,157.24,154.767,152.389,150.101,147.897,145.771,143.72,141.739,139.824,137.971,136.178,134.441,132.757,131.123,129.537,127.998,126.501,125.047,123.631,122.254,120.913,119.607,118.334,117.092,115.881,114.699,113.546,112.419,111.319,110.243,109.191,108.163,107.157,106.172,105.208,104.265,103.34,102.435,101.547,100.677,99.8243,98.9877,98.1671,97.3618,96.5715,95.7956,95.0338,94.2857,93.5507,92.8287,92.1191,91.4217,90.7361,90.0619,89.399,88.7469,88.1053,87.4741,86.8529,86.2415
575.882,557.925,539.496,520.631,501.393,481.873,462.194,442.518,423.034,403.956,385.495,367.843,351.153,335.522,320.996,307.57,295.205,283.837,273.388,263.779,254.928,246.759,239.203,232.197,225.684,219.614,213.943,208.631,203.644,198.952,194.527,190.347,186.39,182.637,179.072,175.679,172.446,169.36,166.41,163.588,160.883,158.288,155.797,153.401,151.096,148.875,146.734,144.667,142.671,140.742,138.876,137.07,135.32,133.624,131.978,130.381,128.831,127.324,125.859,124.433,123.046,121.696,120.38,119.098,117.848,116.629,115.439,114.277,113.143,112.035,110.952,109.893,108.857,107.845,106.853,105.883,104.933,104.002,103.091,102.197,101.321,100.463,99.6206,98.7945,97.9839,97.1883,96.4073,95.6405,94.8874,94.1477,93.4208,92.7066,92.0046,91.3145,90.636,89.9687,89.3123,88.6666,88.0313,87.4061,86.7907
