N2 Compressibility [dimensionless] PelePhys
0.318909,0.529619,0.589886,0.632799,0.666805,0.695119,0.719386,0.740583,0.759353,0.776145,0.791288,0.805033,0.817574,0.82907,0.839649,0.849415,0.858459,0.866854,0.874667,0.881953,0.888759,0.89513,0.901102,0.906709,0.911979,0.916941,0.921616,0.926027,0.930192,0.93413,0.937856,0.941384,0.944728,0.947899,0.95091,0.953769,0.956487,0.959072,0.961531,0.963873,0.966104,0.968231,0.970259,0.972194,0.974041,0.975805,0.97749,0.979101,0.980641,0.982113,0.983522,0.984871,0.986162,0.987398,0.988583,0.989718,0.990806,0.991849,0.992849,0.993809,0.99473,0.995613,0.996461,0.997275,0.998057,0.998807,0.999528,1.00022,1.00089,1.00153,1.00214,1.00273,1.0033,1.00385,1.00437,1.00488,1.00536,1.00583,1.00628,1.00671,1.00712,1.00752,1.00791,1.00828,1.00863,1.00898,1.0093,1.00962,1.00993,1.01022,1.0105,1.01077,1.01103,1.01128,1.01152,1.01175,1.01198,1.01219,1.0124,1.01259,1.01278
0.269437,0.509246,0.57636,0.622218,0.657993,0.687534,0.712721,0.734645,0.754008,0.771297,0.786865,0.800977,0.813842,0.825624,0.836458,0.846454,0.855706,0.864291,0.872276,0.87972,0.886673,0.893179,0.899275,0.904998,0.910376,0.915438,0.920207,0.924705,0.928953,0.932968,0.936766,0.940362,0.943771,0.947003,0.950071,0.952984,0.955753,0.958386,0.960892,0.963278,0.965551,0.967717,0.969782,0.971753,0.973634,0.97543,0.977146,0.978786,0.980353,0.981853,0.983287,0.98466,0.985974,0.987233,0.988439,0.989594,0.990702,0.991763,0.992781,0.993758,0.994695,0.995594,0.996457,0.997285,0.998081,0.998845,0.999578,1.00028,1.00096,1.00161,1.00224,1.00284,1.00342,1.00397,1.00451,1.00502,1.00551,1.00599,1.00644,1.00688,1.00731,1.00771,1.0081,1.00848,1.00884,1.00919,1.00952,1.00985,1.01016,1.01045,1.01074,1.01102,1.01128,1.01154,1.01178,1.01202,1.01224,1.01246,1.01267,1.01287,1.01306
0.261006,0.486438,0.56222,0.611367,0.649038,0.679866,0.706006,0.728675,0.748645,0.766439,0.782437,0.796922,0.810112,0.822183,0.833273,0.843501,0.852961,0.861735,0.869894,0.877497,0.884596,0.891236,0.897457,0.903295,0.908781,0.913943,0.918805,0.923391,0.927721,0.931813,0.935683,0.939348,0.94282,0.946113,0.949238,0.952205,0.955026,0.957707,0.960259,0.962688,0.965002,0.967207,0.96931,0.971316,0.973231,0.975059,0.976805,0.978474,0.98007,0.981596,0.983056,0.984453,0.98579,0.987071,0.988298,0.989474,0.9906,0.99168,0.992716,0.99371,0.994663,0.995578,0.996456,0.997298,0.998107,0.998884,0.999631,1.00035,1.00104,1.0017,1.00233,1.00295,1.00353,1.0041,1.00464,1.00516,1.00567,1.00615,1.00661,1.00706,1.00749,1.0079,1.0083,1.00868,1.00905,1.0094,1.00975,1.01007,1.01039,1.01069,1.01098,1.01126,1.01153,1.01179,1.01204,1.01228,1.01251,1.01273,1.01294,1.01315,1.01334
0.25709,0.460205,0.547387,0.600229,0.639935,0.672113,0.69924,0.722676,0.743264,0.761572,0.778006,0.792867,0.806386,0.818746,0.830095,0.840554,0.850224,0.859188,0.867521,0.875282,0.882527,0.889302,0.895647,0.901601,0.907194,0.912456,0.917412,0.922085,0.926497,0.930665,0.934608,0.938341,0.941877,0.94523,0.948412,0.951433,0.954304,0.957034,0.959631,0.962104,0.964459,0.966703,0.968843,0.970884,0.972832,0.974693,0.97647,0.978168,0.979791,0.981343,0.982828,0.984249,0.98561,0.986913,0.98816,0.989356,0.990502,0.991601,0.992654,0.993665,0.994634,0.995564,0.996457,0.997314,0.998136,0.998927,0.999685,1.00041,1.00111,1.00179,1.00243,1.00306,1.00365,1.00423,1.00478,1.00531,1.00582,1.00631,1.00678,1.00724,1.00768,1.0081,1.0085,1.00889,1.00926,1.00962,1.00997,1.0103,1.01062,1.01093,1.01122,1.01151,1.01178,1.01205,1.0123,1.01254,1.01278,1.013,1.01322,1.01342,1.01362
0.25516,0.428965,0.531768,0.588787,0.63068,0.664275,0.692425,0.716648,0.737867,0.756697,0.773573,0.788813,0.802663,0.815315,0.826924,0.837616,0.847495,0.85665,0.865156,0.873076,0.880467,0.887376,0.893847,0.899916,0.905616,0.910978,0.916027,0.920787,0.92528,0.929526,0.93354,0.93734,0.94094,0.944353,0.947592,0.950667,0.953589,0.956366,0.959009,0.961525,0.963921,0.966204,0.968381,0.970457,0.972439,0.974331,0.976138,0.977865,0.979516,0.981094,0.982604,0.98405,0.985433,0.986758,0.988026,0.989242,0.990407,0.991524,0.992595,0.993622,0.994608,0.995553,0.996461,0.997332,0.998168,0.998971,0.999742,1.00048,1.0012,1.00188,1.00254,1.00317,1.00378,1.00436,1.00492,1.00546,1.00598,1.00648,1.00696,1.00742,1.00786,1.00829,1.0087,1.00909,1.00947,1.00984,1.01019,1.01053,1.01085,1.01117,1.01147,1.01176,1.01203,1.0123,1.01256,1.01281,1.01304,1.01327,1.01349,1.0137,1.0139
0.254357,0.391267,0.515262,0.577025,0.62127,0.656353,0.685562,0.710592,0.732455,0.751815,0.769137,0.784761,0.798944,0.81189,0.82376,0.834685,0.844775,0.854121,0.862801,0.87088,0.878417,0.88546,0.892055,0.898239,0.904047,0.909508,0.91465,0.919497,0.924072,0.928393,0.93248,0.936347,0.940011,0.943484,0.946779,0.949907,0.952879,0.955705,0.958393,0.960951,0.963388,0.96571,0.967923,0.970035,0.97205,0.973974,0.975811,0.977567,0.979245,0.980849,0.982385,0.983854,0.98526,0.986606,0.987896,0.989131,0.990315,0.99145,0.992539,0.993583,0.994584,0.995545,0.996467,0.997352,0.998202,0.999018,0.999802,1.00055,1.00128,1.00197,1.00264,1.00328,1.0039,1.00449,1.00506,1.00561,1.00614,1.00664,1.00713,1.0076,1.00805,1.00848,1.0089,1.0093,1.00969,1.01006,1.01042,1.01076,1.01109,1.01141,1.01171,1.01201,1.01229,1.01256,1.01282,1.01307,1.01331,1.01354,1.01377,1.01398,1.01419
0.254276,0.3534,0.497769,0.564927,0.611702,0.648347,0.678651,0.704509,0.727029,0.746927,0.764701,0.780712,0.795231,0.808472,0.820604,0.831764,0.842064,0.851601,0.860455,0.868693,0.876376,0.883554,0.890273,0.896572,0.902486,0.908047,0.913282,0.918216,0.922871,0.927269,0.931427,0.935361,0.939088,0.942621,0.945972,0.949153,0.952176,0.955049,0.957782,0.960383,0.962861,0.965221,0.967471,0.969617,0.971666,0.973621,0.975488,0.977272,0.978978,0.980609,0.982169,0.983661,0.98509,0.986458,0.987768,0.989024,0.990227,0.99138,0.992486,0.993546,0.994563,0.995539,0.996476,0.997375,0.998238,0.999067,0.999863,1.00063,1.00136,1.00207,1.00275,1.0034,1.00402,1.00463,1.00521,1.00576,1.0063,1.00681,1.00731,1.00778,1.00824,1.00868,1.0091,1.00951,1.0099,1.01028,1.01064,1.01099,1.01133,1.01165,1.01196,1.01226,1.01254,1.01282,1.01308,1.01334,1.01358,1.01382,1.01404,1.01426,1.01447
0.254697,0.328708,0.479218,0.552482,0.601977,0.640258,0.671695,0.698401,0.72159,0.742035,0.760266,0.776666,0.791524,0.805062,0.817457,0.828851,0.839363,0.849092,0.858119,0.866516,0.874345,0.881657,0.8885,0.894914,0.900935,0.906595,0.911922,0.916942,0.921679,0.926152,0.930381,0.934383,0.938173,0.941765,0.945172,0.948406,0.951479,0.954399,0.957177,0.959821,0.962339,0.964737,0.967024,0.969205,0.971286,0.973273,0.97517,0.976982,0.978715,0.980372,0.981956,0.983473,0.984924,0.986313,0.987644,0.988919,0.990141,0.991312,0.992435,0.993512,0.994545,0.995537,0.996488,0.997401,0.998277,0.999119,0.999927,1.0007,1.00145,1.00217,1.00285,1.00352,1.00415,1.00476,1.00535,1.00592,1.00646,1.00698,1.00748,1.00797,1.00843,1.00888,1.00931,1.00972,1.01012,1.0105,1.01087,1.01122,1.01156,1.01189,1.01221,1.01251,1.0128,1.01308,1.01335,1.01361,1.01385,1.01409,1.01432,1.01454,1.01475
0.255486,0.314998,0.459637,0.539685,0.592094,0.632089,0.664696,0.692271,0.71614,0.737139,0.755832,0.772626,0.787824,0.80166,0.814319,0.825948,0.836672,0.846592,0.855793,0.864349,0.872323,0.87977,0.886737,0.893265,0.899392,0.905151,0.910571,0.915677,0.920495,0.925043,0.929343,0.933412,0.937264,0.940915,0.944378,0.947666,0.950788,0.953756,0.956578,0.959264,0.961822,0.964259,0.966582,0.968797,0.970911,0.972929,0.974856,0.976697,0.978456,0.980139,0.981748,0.983288,0.984761,0.986172,0.987524,0.988818,0.990059,0.991248,0.992388,0.993482,0.99453,0.995537,0.996502,0.997429,0.998319,0.999173,0.999994,1.00078,1.00154,1.00227,1.00296,1.00364,1.00428,1.0049,1.0055,1.00607,1.00662,1.00715,1.00766,1.00815,1.00863,1.00908,1.00951,1.00993,1.01034,1.01073,1.0111,1.01146,1.0118,1.01213,1.01245,1.01276,1.01306,1.01334,1.01361,1.01387,1.01413,1.01437,1.0146,1.01482,1.01504
0.256553,0.306917,0.439298,0.526545,0.582059,0.623842,0.657656,0.68612,0.710682,0.732241,0.7514,0.768591,0.784132,0.798267,0.81119,0.823056,0.833992,0.844103,0.853478,0.862193,0.870313,0.877893,0.884983,0.891626,0.897859,0.903717,0.909228,0.914421,0.919318,0.923943,0.928313,0.932448,0.936363,0.940073,0.943592,0.946931,0.950103,0.953118,0.955985,0.958713,0.961311,0.963786,0.966145,0.968395,0.970541,0.97259,0.974546,0.976415,0.978202,0.97991,0.981544,0.983107,0.984603,0.986035,0.987407,0.988721,0.98998,0.991187,0.992344,0.993454,0.994518,0.995539,0.996519,0.99746,0.998363,0.99923,1.00006,1.00086,1.00163,1.00237,1.00308,1.00376,1.00441,1.00504,1.00565,1.00623,1.00679,1.00733,1.00784,1.00834,1.00882,1.00928,1.00972,1.01015,1.01056,1.01095,1.01133,1.01169,1.01204,1.01238,1.0127,1.01301,1.01331,1.0136,1.01388,1.01414,1.0144,1.01464,1.01488,1.01511,1.01532
0.257839,0.301881,0.418932,0.51309,0.571879,0.615524,0.650579,0.679951,0.705216,0.727342,0.746973,0.764563,0.780448,0.794884,0.808072,0.820174,0.831322,0.841625,0.851174,0.860047,0.868312,0.876026,0.88324,0.889997,0.896336,0.902292,0.907895,0.913173,0.918151,0.92285,0.927291,0.931492,0.935469,0.939238,0.942812,0.946204,0.949425,0.952486,0.955398,0.958168,0.960806,0.963318,0.965713,0.967997,0.970176,0.972255,0.974241,0.976138,0.977952,0.979685,0.981343,0.982929,0.984447,0.985901,0.987293,0.988626,0.989904,0.991128,0.992303,0.993428,0.994508,0.995544,0.996539,0.997493,0.998409,0.999288,1.00013,1.00094,1.00172,1.00247,1.00319,1.00388,1.00455,1.00519,1.0058,1.00639,1.00696,1.0075,1.00803,1.00853,1.00902,1.00948,1.00993,1.01036,1.01078,1.01118,1.01156,1.01193,1.01228,1.01263,1.01295,1.01327,1.01357,1.01386,1.01414,1.01441,1.01467,1.01492,1.01516,1.01539,1.01561
0.259299,0.298681,0.399797,0.499379,0.561568,0.607141,0.643469,0.673766,0.699746,0.722446,0.742551,0.760543,0.776773,0.79151,0.804965,0.817304,0.828664,0.839158,0.848881,0.857913,0.866323,0.87417,0.881507,0.888377,0.894822,0.900876,0.90657,0.911934,0.916991,0.921765,0.926276,0.930543,0.934582,0.938409,0.942038,0.945482,0.948753,0.951861,0.954816,0.957628,0.960305,0.962856,0.965286,0.967604,0.969815,0.971925,0.973941,0.975866,0.977705,0.979464,0.981146,0.982756,0.984296,0.98577,0.987182,0.988535,0.989831,0.991073,0.992264,0.993406,0.994502,0.995552,0.996561,0.997529,0.998458,0.99935,1.00021,1.00103,1.00182,1.00258,1.00331,1.00401,1.00468,1.00533,1.00595,1.00655,1.00713,1.00768,1.00821,1.00872,1.00921,1.00969,1.01014,1.01058,1.011,1.0114,1.01179,1.01217,1.01253,1.01287,1.0132,1.01352,1.01383,1.01413,1.01441,1.01468,1.01495,1.0152,1.01544,1.01567,1.0159
0.260902,0.296685,0.383232,0.485518,0.551146,0.5987,0.636332,0.66757,0.694273,0.717552,0.738136,0.756531,0.773109,0.788149,0.801869,0.814445,0.826017,0.836703,0.846599,0.855789,0.864344,0.872325,0.879784,0.886768,0.893318,0.899469,0.905255,0.910703,0.91584,0.920688,0.925269,0.929602,0.933703,0.937588,0.941272,0.944768,0.948087,0.951241,0.954241,0.957094,0.959811,0.962398,0.964864,0.967216,0.969459,0.9716,0.973644,0.975597,0.977463,0.979247,0.980953,0.982586,0.984148,0.985643,0.987075,0.988447,0.989761,0.991021,0.992229,0.993387,0.994498,0.995563,0.996586,0.997567,0.998509,0.999413,1.00028,1.00112,1.00192,1.00269,1.00343,1.00414,1.00482,1.00548,1.00611,1.00671,1.0073,1.00786,1.0084,1.00891,1.00941,1.00989,1.01035,1.0108,1.01122,1.01163,1.01203,1.01241,1.01277,1.01312,1.01346,1.01378,1.01409,1.01439,1.01468,1.01496,1.01522,1.01548,1.01572,1.01596,1.01618
0.262622,0.29553,0.369915,0.47167,0.540644,0.590214,0.629172,0.661366,0.688801,0.712664,0.733729,0.752531,0.769456,0.784799,0.798786,0.811599,0.823383,0.83426,0.84433,0.853678,0.862377,0.87049,0.878072,0.885169,0.891823,0.898072,0.903949,0.909482,0.914698,0.91962,0.924271,0.928668,0.932831,0.936774,0.940512,0.94406,0.947428,0.950628,0.953671,0.956566,0.959322,0.961946,0.964448,0.966833,0.969108,0.971279,0.973353,0.975333,0.977225,0.979034,0.980765,0.98242,0.984004,0.98552,0.986972,0.988362,0.989695,0.990972,0.992196,0.99337,0.994496,0.995577,0.996613,0.997608,0.998562,0.999479,1.00036,1.0012,1.00202,1.0028,1.00355,1.00427,1.00496,1.00562,1.00626,1.00688,1.00747,1.00804,1.00858,1.00911,1.00961,1.0101,1.01057,1.01102,1.01145,1.01186,1.01226,1.01265,1.01301,1.01337,1.01371,1.01404,1.01436,1.01466,1.01495,1.01523,1.0155,1.01576,1.01601,1.01624,1.01647
0.26444,0.294991,0.359694,0.458066,0.530099,0.581696,0.621999,0.655159,0.683332,0.707784,0.729333,0.748541,0.765816,0.781462,0.795716,0.808766,0.820762,0.831829,0.842072,0.851578,0.860421,0.868667,0.87637,0.88358,0.890339,0.896685,0.902652,0.908269,0.913564,0.91856,0.92328,0.927743,0.931966,0.935967,0.93976,0.943358,0.946775,0.950021,0.953107,0.956043,0.958838,0.9615,0.964036,0.966455,0.968762,0.970963,0.973065,0.975073,0.976992,0.978826,0.98058,0.982257,0.983863,0.9854,0.986871,0.988281,0.989632,0.990926,0.992167,0.993357,0.994498,0.995593,0.996643,0.997651,0.998619,0.999547,1.00044,1.0013,1.00212,1.00291,1.00367,1.0044,1.0051,1.00577,1.00642,1.00704,1.00764,1.00822,1.00877,1.0093,1.00982,1.01031,1.01078,1.01124,1.01167,1.01209,1.0125,1.01289,1.01326,1.01362,1.01397,1.0143,1.01462,1.01493,1.01522,1.0155,1.01578,1.01604,1.01629,1.01653,1.01676
0.266341,0.294919,0.352015,0.444993,0.519567,0.573164,0.614819,0.648954,0.67787,0.702913,0.724948,0.744565,0.762189,0.778139,0.79266,0.805946,0.818154,0.829412,0.839827,0.84949,0.858478,0.866855,0.87468,0.882002,0.888865,0.895308,0.901364,0.907066,0.912439,0.917509,0.922297,0.926825,0.931109,0.935167,0.939014,0.942664,0.946128,0.94942,0.95255,0.955527,0.95836,0.961059,0.96363,0.966082,0.96842,0.970652,0.972783,0.974818,0.976762,0.978621,0.980398,0.982099,0.983726,0.985283,0.986775,0.988203,0.989572,0.990883,0.992141,0.993346,0.994502,0.995611,0.996676,0.997697,0.998677,0.999618,1.00052,1.00139,1.00222,1.00302,1.00379,1.00453,1.00524,1.00593,1.00658,1.00721,1.00782,1.0084,1.00896,1.0095,1.01002,1.01052,1.011,1.01146,1.0119,1.01233,1.01274,1.01313,1.01351,1.01387,1.01422,1.01456,1.01488,1.01519,1.01549,1.01578,1.01606,1.01632,1.01658,1.01682,1.01705
0.268313,0.295211,0.346293,0.432762,0.509113,0.56464,0.607643,0.642756,0.672418,0.698056,0.720578,0.740603,0.758577,0.774831,0.789618,0.803141,0.81556,0.827008,0.837596,0.847415,0.856546,0.865055,0.873001,0.880435,0.887401,0.89394,0.900086,0.905871,0.911323,0.916466,0.921323,0.925915,0.93026,0.934375,0.938275,0.941976,0.945488,0.948826,0.951998,0.955015,0.957888,0.960623,0.963229,0.965714,0.968084,0.970345,0.972504,0.974566,0.976537,0.97842,0.980221,0.981944,0.983592,0.98517,0.986681,0.988128,0.989515,0.990843,0.992117,0.993338,0.994509,0.995633,0.996711,0.997745,0.998738,0.999691,1.00061,1.00149,1.00233,1.00314,1.00392,1.00467,1.00539,1.00608,1.00674,1.00738,1.008,1.00859,1.00915,1.0097,1.01022,1.01073,1.01121,1.01168,1.01213,1.01256,1.01297,1.01337,1.01376,1.01413,1.01448,1.01482,1.01515,1.01546,1.01576,1.01606,1.01633,1.0166,1.01686,1.01711,1.01735
0.270347,0.295794,0.342051,0.421642,0.498819,0.556147,0.600482,0.636571,0.666981,0.693213,0.716223,0.736658,0.754981,0.771538,0.786592,0.80035,0.81298,0.824618,0.835377,0.845353,0.854627,0.863266,0.871333,0.878878,0.885948,0.892583,0.898818,0.904686,0.910215,0.915431,0.920356,0.925012,0.929418,0.93359,0.937544,0.941295,0.944855,0.948237,0.951452,0.95451,0.957421,0.960192,0.962833,0.965351,0.967752,0.970043,0.97223,0.974319,0.976315,0.978223,0.980048,0.981793,0.983463,0.985061,0.986591,0.988057,0.989461,0.990807,0.992097,0.993333,0.994519,0.995657,0.996749,0.997796,0.998802,0.999767,1.00069,1.00158,1.00244,1.00326,1.00405,1.00481,1.00553,1.00623,1.00691,1.00755,1.00818,1.00877,1.00935,1.0099,1.01043,1.01094,1.01143,1.0119,1.01236,1.01279,1.01321,1.01362,1.01401,1.01438,1.01474,1.01508,1.01541,1.01573,1.01604,1.01633,1.01662,1.01689,1.01715,1.0174,1.01764
0.272433,0.296613,0.338936,0.411811,0.48878,0.547717,0.593349,0.630408,0.661563,0.688389,0.711886,0.73273,0.751403,0.768262,0.783581,0.797575,0.810415,0.822242,0.833173,0.843304,0.85272,0.86149,0.869677,0.877333,0.884505,0.891236,0.89756,0.903511,0.909117,0.914405,0.919399,0.924118,0.928583,0.932812,0.936819,0.94062,0.944228,0.947655,0.950913,0.954011,0.956959,0.959767,0.962442,0.964993,0.967425,0.969746,0.971961,0.974077,0.976098,0.978031,0.979878,0.981645,0.983336,0.984955,0.986505,0.987989,0.989411,0.990773,0.992079,0.993331,0.994532,0.995684,0.996789,0.99785,0.998867,0.999845,1.00078,1.00168,1.00255,1.00338,1.00418,1.00495,1.00568,1.00639,1.00707,1.00773,1.00836,1.00896,1.00954,1.0101,1.01064,1.01116,1.01165,1.01213,1.01259,1.01303,1.01346,1.01386,1.01426,1.01463,1.015,1.01535,1.01568,1.016,1.01631,1.01661,1.0169,1.01717,1.01744,1.01769,1.01793
0.274565,0.297626,0.33669,0.403332,0.479098,0.539383,0.586259,0.624272,0.656168,0.683587,0.707569,0.728821,0.747842,0.765004,0.780588,0.794816,0.807866,0.819881,0.830982,0.841269,0.850826,0.859726,0.868032,0.875799,0.883074,0.889899,0.896311,0.902345,0.908028,0.913388,0.918449,0.923232,0.927757,0.932041,0.936102,0.939953,0.943608,0.947079,0.950379,0.953517,0.956504,0.959348,0.962057,0.96464,0.967103,0.969453,0.971696,0.973839,0.975886,0.977842,0.979713,0.981502,0.983214,0.984852,0.986421,0.987924,0.989363,0.990742,0.992065,0.993332,0.994548,0.995714,0.996832,0.997906,0.998936,0.999925,1.00087,1.00179,1.00266,1.0035,1.00431,1.00509,1.00583,1.00655,1.00724,1.0079,1.00854,1.00915,1.00974,1.0103,1.01085,1.01137,1.01187,1.01236,1.01282,1.01327,1.0137,1.01411,1.01451,1.01489,1.01526,1.01561,1.01595,1.01628,1.01659,1.01689,1.01718,1.01746,1.01772,1.01798,1.01823
0.276737,0.298803,0.335124,0.396163,0.469877,0.531183,0.579227,0.618173,0.650802,0.678809,0.703275,0.724933,0.744302,0.761764,0.777612,0.792074,0.805332,0.817536,0.828806,0.839247,0.848945,0.857975,0.8664,0.874276,0.881653,0.888572,0.895073,0.901188,0.906948,0.91238,0.917508,0.922354,0.926938,0.931278,0.935391,0.939292,0.942994,0.94651,0.949852,0.95303,0.956054,0.958933,0.961677,0.964292,0.966785,0.969165,0.971436,0.973605,0.975677,0.977658,0.979551,0.981362,0.983095,0.984754,0.986341,0.987862,0.989319,0.990715,0.992053,0.993336,0.994566,0.995746,0.996878,0.997964,0.999007,1.00001,1.00097,1.00189,1.00278,1.00363,1.00445,1.00523,1.00599,1.00671,1.00741,1.00808,1.00872,1.00934,1.00994,1.01051,1.01106,1.01159,1.0121,1.01259,1.01306,1.01351,1.01394,1.01436,1.01476,1.01515,1.01552,1.01588,1.01622,1.01655,1.01687,1.01717,1.01746,1.01774,1.01801,1.01827,1.01852
0.278945,0.300118,0.334102,0.390193,0.461213,0.523161,0.572272,0.61212,0.64547,0.674059,0.699006,0.721068,0.740782,0.758544,0.774655,0.78935,0.802816,0.815206,0.826645,0.83724,0.847078,0.856236,0.86478,0.872766,0.880243,0.887257,0.893845,0.900041,0.905877,0.91138,0.916575,0.921484,0.926127,0.930523,0.934688,0.938638,0.942387,0.945947,0.94933,0.952548,0.955609,0.958525,0.961302,0.963949,0.966473,0.968881,0.97118,0.973375,0.975473,0.977477,0.979393,0.981226,0.98298,0.984658,0.986265,0.987804,0.989278,0.990691,0.992044,0.993342,0.994587,0.995781,0.996926,0.998025,0.99908,1.00009,1.00106,1.002,1.00289,1.00375,1.00458,1.00538,1.00614,1.00687,1.00758,1.00826,1.00891,1.00953,1.01014,1.01072,1.01127,1.01181,1.01232,1.01282,1.01329,1.01375,1.01419,1.01461,1.01502,1.01541,1.01578,1.01614,1.01649,1.01682,1.01714,1.01745,1.01775,1.01803,1.0183,1.01856,1.01882
0.281183,0.301551,0.333519,0.385284,0.453185,0.515359,0.565413,0.606123,0.640178,0.669342,0.694765,0.717228,0.737285,0.755345,0.771717,0.786643,0.800316,0.812892,0.824499,0.835247,0.845225,0.854511,0.863172,0.871266,0.878845,0.885952,0.892626,0.898904,0.904816,0.91039,0.915651,0.920622,0.925324,0.929775,0.933992,0.937991,0.941786,0.94539,0.948815,0.952072,0.955171,0.958121,0.960932,0.963611,0.966165,0.968603,0.970929,0.97315,0.975272,0.977301,0.97924,0.981094,0.982868,0.984566,0.986192,0.987749,0.98924,0.990669,0.992039,0.993352,0.994611,0.995818,0.996977,0.998089,0.999155,1.00018,1.00116,1.00211,1.00301,1.00388,1.00472,1.00552,1.0063,1.00704,1.00775,1.00844,1.0091,1.00973,1.01034,1.01092,1.01149,1.01203,1.01255,1.01305,1.01353,1.01399,1.01443,1.01486,1.01527,1.01567,1.01605,1.01641,1.01676,1.0171,1.01742,1.01773,1.01803,1.01832,1.01859,1.01886,1.01911
0.28345,0.303085,0.333296,0.381291,0.445849,0.507823,0.558671,0.600193,0.634932,0.664661,0.690554,0.713414,0.733812,0.752168,0.7688,0.783956,0.797834,0.810595,0.822369,0.833269,0.843385,0.852798,0.861577,0.869779,0.877458,0.884658,0.891419,0.897777,0.903764,0.909408,0.914736,0.919769,0.924529,0.929035,0.933303,0.937351,0.941192,0.94484,0.948306,0.951602,0.954738,0.957723,0.960567,0.963278,0.965863,0.968329,0.970682,0.972929,0.975076,0.977128,0.97909,0.980966,0.98276,0.984478,0.986122,0.987697,0.989205,0.990651,0.992036,0.993364,0.994637,0.995859,0.99703,0.998155,0.999233,1.00027,1.00126,1.00222,1.00313,1.00402,1.00486,1.00567,1.00645,1.0072,1.00793,1.00862,1.00928,1.00993,1.01054,1.01113,1.0117,1.01225,1.01277,1.01328,1.01377,1.01423,1.01468,1.01511,1.01553,1.01593,1.01631,1.01668,1.01703,1.01737,1.0177,1.01802,1.01832,1.01861,1.01889,1.01915,1.01941
0.285741,0.304707,0.333373,0.37808,0.439232,0.500597,0.552068,0.59434,0.629739,0.660019,0.686376,0.709629,0.730365,0.749014,0.765903,0.781288,0.79537,0.808314,0.820255,0.831305,0.84156,0.8511,0.859994,0.868304,0.876082,0.883374,0.890221,0.89666,0.902722,0.908436,0.913829,0.918923,0.923741,0.928302,0.932622,0.936718,0.940605,0.944296,0.947803,0.951138,0.954311,0.957331,0.960208,0.96295,0.965565,0.968059,0.97044,0.972713,0.974885,0.97696,0.978944,0.980841,0.982656,0.984393,0.986056,0.987649,0.989174,0.990636,0.992036,0.993379,0.994667,0.995902,0.997086,0.998223,0.999314,1.00036,1.00137,1.00233,1.00326,1.00415,1.005,1.00583,1.00661,1.00737,1.0081,1.0088,1.00948,1.01012,1.01075,1.01134,1.01192,1.01247,1.013,1.01351,1.014,1.01448,1.01493,1.01537,1.01579,1.01619,1.01658,1.01695,1.01731,1.01765,1.01798,1.0183,1.0186,1.0189,1.01918,1.01945,1.01971
0.288053,0.306406,0.333702,0.375532,0.433336,0.493722,0.545627,0.588578,0.624605,0.655423,0.682234,0.705875,0.726944,0.745884,0.763029,0.778641,0.792926,0.806052,0.818158,0.829358,0.839749,0.849415,0.858425,0.866842,0.874719,0.882102,0.889035,0.895553,0.901689,0.907473,0.912931,0.918087,0.922962,0.927577,0.931948,0.936093,0.940025,0.943759,0.947306,0.95068,0.953889,0.956944,0.959854,0.962628,0.965272,0.967795,0.970202,0.972501,0.974697,0.976795,0.978802,0.98072,0.982555,0.984312,0.985993,0.987603,0.989146,0.990623,0.99204,0.993397,0.994699,0.995947,0.997145,0.998294,0.999397,1.00046,1.00147,1.00245,1.00338,1.00428,1.00515,1.00598,1.00678,1.00754,1.00828,1.00899,1.00967,1.01032,1.01095,1.01156,1.01214,1.0127,1.01323,1.01375,1.01424,1.01472,1.01518,1.01562,1.01605,1.01645,1.01684,1.01722,1.01758,1.01793,1.01826,1.01858,1.01889,1.01919,1.01947,1.01975,1.02001
0.290386,0.308172,0.334244,0.373547,0.42814,0.487232,0.53937,0.582917,0.619537,0.650875,0.678131,0.702154,0.723553,0.74278,0.760178,0.776014,0.7905,0.803808,0.816077,0.827426,0.837954,0.847744,0.856869,0.865392,0.873367,0.880842,0.887859,0.894456,0.900666,0.906519,0.912042,0.917258,0.922191,0.926859,0.931281,0.935474,0.939451,0.943228,0.946816,0.950228,0.953473,0.956563,0.959506,0.96231,0.964984,0.967535,0.969969,0.972293,0.974514,0.976635,0.978663,0.980603,0.982459,0.984234,0.985934,0.987562,0.989121,0.990614,0.992046,0.993418,0.994734,0.995996,0.997206,0.998368,0.999482,1.00055,1.00158,1.00257,1.00351,1.00442,1.00529,1.00613,1.00694,1.00771,1.00846,1.00917,1.00986,1.01052,1.01116,1.01177,1.01236,1.01292,1.01346,1.01399,1.01449,1.01497,1.01543,1.01588,1.01631,1.01672,1.01711,1.01749,1.01786,1.01821,1.01855,1.01887,1.01918,1.01948,1.01977,1.02004,1.02031
0.292735,0.309997,0.33497,0.372041,0.423608,0.481156,0.53332,0.577372,0.614544,0.646382,0.674071,0.698467,0.720191,0.739703,0.757351,0.77341,0.788095,0.801582,0.814014,0.82551,0.836173,0.846087,0.855326,0.863954,0.872027,0.879592,0.886694,0.893369,0.899652,0.905574,0.911161,0.916438,0.921428,0.92615,0.930622,0.934862,0.938884,0.942703,0.946332,0.949782,0.953063,0.956187,0.959162,0.961998,0.964701,0.96728,0.969741,0.97209,0.974335,0.976479,0.978529,0.98049,0.982365,0.98416,0.985878,0.987523,0.989099,0.990608,0.992055,0.993442,0.994772,0.996047,0.99727,0.998444,0.99957,1.00065,1.00169,1.00269,1.00364,1.00456,1.00544,1.00629,1.00711,1.00789,1.00864,1.00936,1.01006,1.01073,1.01137,1.01198,1.01258,1.01315,1.0137,1.01422,1.01473,1.01522,1.01568,1.01613,1.01657,1.01698,1.01738,1.01777,1.01814,1.01849,1.01883,1.01916,1.01947,1.01977,1.02006,1.02034,1.02061
0.2951,0.311876,0.335853,0.370943,0.419694,0.475513,0.527497,0.571954,0.609633,0.641946,0.670056,0.694819,0.716862,0.736653,0.754549,0.770828,0.785711,0.799375,0.811968,0.823611,0.834408,0.844445,0.853797,0.86253,0.870699,0.878354,0.885539,0.892293,0.898649,0.904639,0.91029,0.915627,0.920673,0.925448,0.92997,0.934257,0.938324,0.942186,0.945854,0.949342,0.952659,0.955817,0.958825,0.96169,0.964423,0.967029,0.969517,0.971891,0.97416,0.976327,0.978399,0.98038,0.982276,0.984089,0.985825,0.987488,0.98908,0.990605,0.992067,0.993468,0.994812,0.996101,0.997337,0.998522,0.99966,1.00075,1.0018,1.00281,1.00377,1.0047,1.00559,1.00645,1.00727,1.00806,1.00882,1.00955,1.01026,1.01093,1.01158,1.0122,1.0128,1.01338,1.01393,1.01446,1.01497,1.01547,1.01594,1.01639,1.01683,1.01725,1.01765,1.01804,1.01841,1.01877,1.01911,1.01945,1.01976,1.02007,1.02036,1.02064,1.02091
0.297479,0.313801,0.336873,0.370196,0.416345,0.470315,0.521922,0.566676,0.60481,0.637574,0.66609,0.691209,0.713566,0.733633,0.751773,0.76827,0.783348,0.797188,0.80994,0.821729,0.832659,0.842818,0.852282,0.861118,0.869384,0.877128,0.884396,0.891227,0.897655,0.903713,0.909427,0.914824,0.919926,0.924754,0.929326,0.93366,0.937771,0.941674,0.945382,0.948907,0.952261,0.955452,0.958492,0.961388,0.96415,0.966784,0.969297,0.971697,0.973989,0.976179,0.978273,0.980275,0.98219,0.984022,0.985776,0.987456,0.989064,0.990605,0.992082,0.993498,0.994855,0.996157,0.997406,0.998603,0.999753,1.00086,1.00192,1.00293,1.00391,1.00485,1.00575,1.00661,1.00744,1.00824,1.00901,1.00975,1.01045,1.01114,1.01179,1.01242,1.01303,1.01361,1.01417,1.0147,1.01522,1.01572,1.01619,1.01665,1.01709,1.01752,1.01792,1.01832,1.01869,1.01905,1.0194,1.01973,1.02005,1.02036,1.02066,1.02094,1.02121
0.299871,0.315768,0.338014,0.369751,0.413508,0.465564,0.516611,0.561551,0.600086,0.633271,0.662176,0.687642,0.710305,0.730643,0.749024,0.765736,0.781006,0.795021,0.807931,0.819864,0.830925,0.841205,0.850781,0.85972,0.868081,0.875914,0.883264,0.890172,0.896672,0.902797,0.908574,0.91403,0.919188,0.924068,0.928689,0.93307,0.937225,0.94117,0.944917,0.948479,0.951868,0.955093,0.958165,0.961091,0.963881,0.966543,0.969082,0.971507,0.973823,0.976035,0.97815,0.980173,0.982107,0.983958,0.98573,0.987427,0.989052,0.990609,0.9921,0.99353,0.994901,0.996216,0.997477,0.998687,0.999848,1.00096,1.00203,1.00306,1.00404,1.00499,1.0059,1.00677,1.00761,1.00842,1.0092,1.00994,1.01066,1.01134,1.012,1.01264,1.01325,1.01384,1.0144,1.01494,1.01547,1.01597,1.01645,1.01691,1.01736,1.01779,1.0182,1.01859,1.01897,1.01934,1.01969,1.02002,1.02035,1.02066,1.02095,1.02124,1.02152
0.302274,0.317773,0.339259,0.369568,0.411133,0.461254,0.511579,0.556591,0.595466,0.629041,0.658317,0.684119,0.707081,0.727685,0.746303,0.763227,0.778688,0.792875,0.805941,0.818016,0.829208,0.839608,0.849294,0.858335,0.86679,0.874711,0.882143,0.889127,0.895699,0.90189,0.90773,0.913245,0.918457,0.923389,0.92806,0.932487,0.936686,0.940672,0.944458,0.948058,0.951481,0.95474,0.957843,0.960799,0.963618,0.966307,0.968872,0.971321,0.97366,0.975895,0.978032,0.980075,0.982029,0.983898,0.985688,0.987401,0.989043,0.990615,0.992121,0.993566,0.99495,0.996278,0.997551,0.998773,0.999945,1.00107,1.00215,1.00319,1.00418,1.00514,1.00606,1.00694,1.00779,1.0086,1.00938,1.01014,1.01086,1.01155,1.01222,1.01286,1.01348,1.01407,1.01464,1.01519,1.01571,1.01622,1.01671,1.01717,1.01762,1.01806,1.01847,1.01887,1.01925,1.01962,1.01997,1.02031,1.02064,1.02095,1.02125,1.02154,1.02182
0.304687,0.319812,0.340598,0.369613,0.409171,0.457374,0.506837,0.551807,0.590958,0.624889,0.654517,0.680644,0.703896,0.724761,0.743611,0.760743,0.776392,0.790749,0.803971,0.816187,0.827507,0.838026,0.847822,0.856964,0.865513,0.873521,0.881034,0.888093,0.894735,0.900993,0.906895,0.912468,0.917735,0.922719,0.927438,0.931911,0.936153,0.94018,0.944006,0.947642,0.9511,0.954392,0.957526,0.960513,0.96336,0.966075,0.968666,0.97114,0.973503,0.97576,0.977917,0.97998,0.981954,0.983842,0.985649,0.987379,0.989036,0.990624,0.992145,0.993604,0.995002,0.996342,0.997628,0.998862,1.00005,1.00118,1.00227,1.00332,1.00432,1.00529,1.00622,1.00711,1.00796,1.00878,1.00957,1.01033,1.01106,1.01176,1.01244,1.01308,1.01371,1.01431,1.01488,1.01543,1.01596,1.01647,1.01697,1.01744,1.01789,1.01833,1.01875,1.01915,1.01953,1.01991,1.02026,1.02061,1.02093,1.02125,1.02155,1.02184,1.02212
0.307109,0.321881,0.34202,0.369858,0.407579,0.453906,0.502393,0.54721,0.586571,0.620821,0.65078,0.677217,0.700752,0.72187,0.740949,0.758286,0.774121,0.788645,0.80202,0.814375,0.825824,0.83646,0.846364,0.855606,0.864248,0.872342,0.879936,0.88707,0.893782,0.900106,0.906069,0.9117,0.917022,0.922057,0.926824,0.931342,0.935628,0.939696,0.943559,0.947232,0.950725,0.954049,0.957215,0.960231,0.963106,0.965849,0.968465,0.970963,0.973349,0.975628,0.977807,0.97989,0.981882,0.983789,0.985613,0.98736,0.989034,0.990636,0.992172,0.993644,0.995056,0.996409,0.997707,0.998953,1.00015,1.00129,1.0024,1.00345,1.00447,1.00544,1.00638,1.00728,1.00814,1.00897,1.00977,1.01053,1.01127,1.01198,1.01266,1.01331,1.01394,1.01454,1.01512,1.01568,1.01621,1.01673,1.01723,1.0177,1.01816,1.0186,1.01902,1.01943,1.01982,1.02019,1.02055,1.0209,1.02123,1.02155,1.02185,1.02215,1.02243
0.309539,0.323978,0.343516,0.370279,0.406316,0.450831,0.49825,0.542807,0.582312,0.616842,0.647108,0.673842,0.69765,0.719016,0.738318,0.755857,0.771874,0.786564,0.800089,0.812582,0.824157,0.834909,0.844921,0.854263,0.862996,0.871176,0.878849,0.886058,0.89284,0.899228,0.905253,0.910941,0.916317,0.921402,0.926218,0.930781,0.935109,0.939217,0.943119,0.946828,0.950356,0.953713,0.956909,0.959955,0.962858,0.965627,0.968269,0.970791,0.973199,0.975501,0.9777,0.979803,0.981814,0.983739,0.985581,0.987345,0.989034,0.990652,0.992202,0.993688,0.995113,0.996479,0.997789,0.999046,1.00025,1.00141,1.00252,1.00359,1.00461,1.00559,1.00654,1.00745,1.00832,1.00916,1.00996,1.01073,1.01148,1.01219,1.01288,1.01353,1.01417,1.01478,1.01536,1.01593,1.01647,1.01699,1.01749,1.01797,1.01843,1.01887,1.0193,1.01971,1.0201,1.02048,1.02084,1.02119,1.02153,1.02185,1.02216,1.02245,1.02274
0.311976,0.326099,0.345078,0.370856,0.405348,0.448125,0.494409,0.538607,0.578186,0.612956,0.643506,0.670521,0.694592,0.716198,0.735719,0.753455,0.769651,0.784505,0.798179,0.810808,0.822508,0.833375,0.843493,0.852933,0.861758,0.870022,0.877774,0.885057,0.891908,0.898361,0.904446,0.910191,0.91562,0.920756,0.925619,0.930227,0.934598,0.938746,0.942686,0.946431,0.949992,0.953382,0.956609,0.959684,0.962615,0.96541,0.968077,0.970623,0.973054,0.975377,0.977597,0.97972,0.98175,0.983693,0.985552,0.987332,0.989037,0.99067,0.992235,0.993735,0.995173,0.996551,0.997874,0.999142,1.00036,1.00153,1.00265,1.00372,1.00476,1.00575,1.0067,1.00762,1.0085,1.00934,1.01015,1.01093,1.01168,1.0124,1.0131,1.01376,1.0144,1.01502,1.01561,1.01617,1.01672,1.01724,1.01775,1.01823,1.0187,1.01915,1.01958,1.01999,1.02039,1.02077,1.02113,1.02149,1.02182,1.02215,1.02246,1.02276,1.02304
0.31442,0.328244,0.3467,0.37157,0.404643,0.445764,0.490869,0.534616,0.574201,0.609168,0.639976,0.667256,0.69158,0.713419,0.733152,0.751083,0.767455,0.782469,0.796289,0.809053,0.820877,0.831858,0.84208,0.851618,0.860533,0.868881,0.876711,0.884067,0.890986,0.897503,0.903648,0.90945,0.914932,0.920118,0.925028,0.929681,0.934093,0.938281,0.942259,0.946039,0.949635,0.953056,0.956314,0.959418,0.962376,0.965198,0.96789,0.970459,0.972913,0.975258,0.977499,0.979641,0.98169,0.983651,0.985527,0.987323,0.989044,0.990692,0.992271,0.993784,0.995235,0.996626,0.997961,0.999241,1.00047,1.00165,1.00278,1.00386,1.00491,1.00591,1.00687,1.00779,1.00868,1.00953,1.01035,1.01114,1.0119,1.01262,1.01332,1.01399,1.01464,1.01526,1.01585,1.01642,1.01697,1.0175,1.01801,1.0185,1.01897,1.01942,1.01986,1.02027,1.02067,1.02106,1.02143,1.02178,1.02212,1.02245,1.02276,1.02306,1.02335
0.31687,0.330409,0.348375,0.372407,0.404174,0.443725,0.487624,0.530839,0.570361,0.605482,0.636522,0.66405,0.688615,0.71068,0.73062,0.74874,0.765285,0.780457,0.794422,0.807318,0.819263,0.830357,0.840683,0.850316,0.859321,0.867752,0.87566,0.883088,0.890075,0.896655,0.90286,0.908717,0.914252,0.919488,0.924445,0.929142,0.933596,0.937823,0.941838,0.945654,0.949283,0.952736,0.956024,0.959157,0.962143,0.96499,0.967707,0.9703,0.972777,0.975143,0.977404,0.979566,0.981633,0.983612,0.985505,0.987318,0.989053,0.990716,0.99231,0.993837,0.9953,0.996704,0.99805,0.999342,1.00058,1.00177,1.00291,1.00401,1.00506,1.00607,1.00704,1.00797,1.00887,1.00972,1.01055,1.01134,1.01211,1.01284,1.01354,1.01422,1.01487,1.0155,1.0161,1.01668,1.01723,1.01776,1.01828,1.01877,1.01924,1.0197,1.02014,1.02056,1.02096,1.02135,1.02172,1.02208,1.02242,1.02275,1.02307,1.02337,1.02366
0.319326,0.332592,0.350098,0.373355,0.403915,0.441983,0.484666,0.527278,0.566672,0.601903,0.633147,0.660906,0.6857,0.707982,0.728123,0.746428,0.763142,0.778469,0.792576,0.805603,0.817668,0.828872,0.839301,0.84903,0.858123,0.866636,0.874621,0.882121,0.889174,0.895818,0.902081,0.907994,0.913581,0.918866,0.923869,0.92861,0.933106,0.937372,0.941424,0.945275,0.948937,0.952422,0.95574,0.958901,0.961914,0.964787,0.967529,0.970145,0.972644,0.975031,0.977313,0.979494,0.98158,0.983576,0.985486,0.987315,0.989066,0.990744,0.992351,0.993892,0.995369,0.996785,0.998143,0.999445,1.0007,1.00189,1.00305,1.00415,1.00521,1.00623,1.00721,1.00815,1.00905,1.00992,1.01075,1.01155,1.01232,1.01306,1.01377,1.01445,1.01511,1.01574,1.01635,1.01693,1.01749,1.01803,1.01854,1.01904,1.01952,1.01998,1.02042,1.02084,1.02125,1.02164,1.02201,1.02237,1.02272,1.02305,1.02337,1.02368,1.02397
0.321785,0.334793,0.351866,0.374401,0.403846,0.440515,0.481986,0.523935,0.563139,0.598435,0.629854,0.657825,0.682836,0.705326,0.725662,0.744147,0.761027,0.776505,0.790752,0.803908,0.816092,0.827405,0.837936,0.847758,0.856938,0.865533,0.873594,0.881164,0.888285,0.89499,0.901312,0.90728,0.912919,0.918252,0.923302,0.928086,0.932622,0.936928,0.941017,0.944902,0.948598,0.952114,0.955462,0.958651,0.961691,0.96459,0.967355,0.969995,0.972516,0.974924,0.977226,0.979426,0.981531,0.983544,0.985471,0.987316,0.989082,0.990775,0.992396,0.99395,0.995439,0.996868,0.998237,0.999551,1.00081,1.00202,1.00318,1.0043,1.00537,1.00639,1.00738,1.00833,1.00924,1.01011,1.01095,1.01176,1.01254,1.01328,1.014,1.01469,1.01535,1.01598,1.01659,1.01718,1.01775,1.01829,1.01881,1.01931,1.01979,1.02026,1.0207,1.02113,1.02154,1.02193,1.02231,1.02267,1.02302,1.02336,1.02368,1.02398,1.02428
0.32425,0.337009,0.353674,0.375537,0.403947,0.4393,0.479573,0.52081,0.559764,0.595082,0.626646,0.65481,0.680025,0.702714,0.723238,0.741898,0.758939,0.774567,0.788951,0.802233,0.814534,0.825955,0.836586,0.846501,0.855768,0.864443,0.872579,0.88022,0.887406,0.894173,0.900553,0.906575,0.912265,0.917647,0.922742,0.927569,0.932146,0.93649,0.940615,0.944536,0.948264,0.951811,0.955188,0.958406,0.961472,0.964397,0.967186,0.969849,0.972392,0.974821,0.977143,0.979362,0.981485,0.983516,0.985459,0.98732,0.989102,0.990808,0.992443,0.994011,0.995513,0.996953,0.998335,0.99966,1.00093,1.00215,1.00332,1.00445,1.00552,1.00656,1.00756,1.00851,1.00943,1.01031,1.01116,1.01197,1.01275,1.01351,1.01423,1.01492,1.01559,1.01623,1.01685,1.01744,1.01801,1.01855,1.01908,1.01958,1.02007,1.02053,1.02098,1.02141,1.02183,1.02222,1.0226,1.02297,1.02332,1.02366,1.02398,1.02429,1.02459
0.326717,0.33924,0.355518,0.376753,0.404203,0.438317,0.477415,0.517901,0.55655,0.591846,0.623526,0.651862,0.677268,0.700146,0.720852,0.739681,0.756881,0.772654,0.787173,0.800579,0.812995,0.824523,0.835252,0.845259,0.854611,0.863366,0.871576,0.879287,0.886538,0.893366,0.899803,0.905879,0.91162,0.91705,0.92219,0.92706,0.931677,0.936059,0.940221,0.944175,0.947936,0.951514,0.954921,0.958166,0.961259,0.964208,0.967022,0.969708,0.972273,0.974723,0.977064,0.979302,0.981443,0.983491,0.985451,0.987327,0.989124,0.990845,0.992494,0.994074,0.995589,0.997042,0.998434,0.999771,1.00105,1.00228,1.00346,1.0046,1.00568,1.00673,1.00773,1.0087,1.00962,1.01051,1.01136,1.01218,1.01297,1.01373,1.01446,1.01516,1.01583,1.01648,1.0171,1.01769,1.01827,1.01882,1.01935,1.01986,1.02035,1.02082,1.02127,1.0217,1.02212,1.02252,1.0229,1.02327,1.02362,1.02396,1.02429,1.0246,1.0249
0.329189,0.341484,0.357396,0.378042,0.404597,0.437547,0.475501,0.515204,0.5535,0.58873,0.620496,0.648985,0.674566,0.697625,0.718505,0.737499,0.754852,0.770768,0.785418,0.798947,0.811476,0.823108,0.833935,0.844033,0.853469,0.862303,0.870586,0.878365,0.88568,0.892569,0.899063,0.905193,0.910984,0.916461,0.921646,0.926558,0.931215,0.935635,0.939833,0.943821,0.947614,0.951223,0.954658,0.957931,0.96105,0.964025,0.966863,0.969571,0.972157,0.974628,0.976989,0.979246,0.981405,0.98347,0.985446,0.987338,0.98915,0.990885,0.992547,0.994141,0.995668,0.997132,0.998537,0.999884,1.00118,1.00242,1.00361,1.00475,1.00585,1.0069,1.00791,1.00888,1.00981,1.01071,1.01157,1.0124,1.01319,1.01396,1.01469,1.0154,1.01607,1.01672,1.01735,1.01795,1.01853,1.01909,1.01962,1.02013,1.02062,1.0211,1.02155,1.02199,1.02241,1.02281,1.0232,1.02357,1.02393,1.02427,1.0246,1.02491,1.02522
0.331663,0.343739,0.359304,0.379397,0.405118,0.436973,0.473816,0.512717,0.550613,0.585738,0.617559,0.646179,0.671923,0.695151,0.716198,0.73535,0.752852,0.768908,0.783687,0.797336,0.809976,0.821712,0.832634,0.842821,0.852341,0.861252,0.869608,0.877455,0.884834,0.891783,0.898333,0.904515,0.910356,0.91588,0.921109,0.926063,0.930761,0.935218,0.939451,0.943473,0.947298,0.950937,0.954401,0.957702,0.960847,0.963846,0.966708,0.969438,0.972046,0.974537,0.976918,0.979193,0.98137,0.983452,0.985444,0.987352,0.989178,0.990928,0.992604,0.99421,0.99575,0.997226,0.998642,1,1.0013,1.00255,1.00375,1.0049,1.00601,1.00707,1.00809,1.00907,1.01001,1.01091,1.01178,1.01261,1.01342,1.01418,1.01492,1.01563,1.01632,1.01697,1.0176,1.01821,1.01879,1.01935,1.01989,1.02041,1.0209,1.02138,1.02184,1.02228,1.0227,1.02311,1.0235,1.02387,1.02423,1.02458,1.02491,1.02523,1.02553
0.334139,0.346006,0.36124,0.380813,0.405754,0.436578,0.472348,0.510434,0.547891,0.58287,0.614717,0.643448,0.669338,0.692726,0.713931,0.733237,0.750884,0.767075,0.781981,0.795747,0.808496,0.820333,0.83135,0.841625,0.851227,0.860215,0.868643,0.876557,0.883999,0.891007,0.897613,0.903847,0.909738,0.915308,0.920581,0.925577,0.930313,0.934808,0.939076,0.943131,0.946988,0.950657,0.95415,0.957477,0.960649,0.963672,0.966557,0.96931,0.971939,0.974451,0.97685,0.979145,0.981339,0.983438,0.985446,0.987369,0.98921,0.990974,0.992663,0.994282,0.995834,0.997322,0.998749,1.00012,1.00143,1.00269,1.0039,1.00506,1.00618,1.00725,1.00827,1.00926,1.01021,1.01112,1.01199,1.01283,1.01364,1.01441,1.01516,1.01588,1.01656,1.01722,1.01786,1.01847,1.01906,1.01962,1.02016,1.02068,1.02118,1.02167,1.02213,1.02257,1.023,1.02341,1.0238,1.02418,1.02454,1.02489,1.02522,1.02554,1.02585
0.336618,0.348283,0.363201,0.382284,0.406493,0.436349,0.471085,0.50835,0.545332,0.580129,0.611971,0.640791,0.666814,0.69035,0.711706,0.731159,0.748946,0.765269,0.780298,0.79418,0.807036,0.818973,0.830083,0.840445,0.850128,0.859191,0.86769,0.875671,0.883175,0.890241,0.896902,0.903189,0.909128,0.914745,0.920061,0.925098,0.929873,0.934404,0.938707,0.942796,0.946684,0.950383,0.953904,0.957258,0.960455,0.963503,0.966411,0.969187,0.971837,0.974368,0.976787,0.9791,0.981311,0.983427,0.985451,0.987389,0.989245,0.991022,0.992725,0.994357,0.995921,0.997421,0.998859,1.00024,1.00156,1.00283,1.00405,1.00522,1.00634,1.00742,1.00846,1.00945,1.01041,1.01132,1.0122,1.01305,1.01386,1.01465,1.0154,1.01612,1.01681,1.01748,1.01812,1.01873,1.01932,1.01989,1.02044,1.02096,1.02147,1.02195,1.02242,1.02286,1.02329,1.0237,1.0241,1.02448,1.02484,1.02519,1.02553,1.02585,1.02616
0.339099,0.350569,0.365187,0.383806,0.407329,0.436272,0.470014,0.506457,0.542936,0.577514,0.609324,0.638212,0.664351,0.688024,0.709524,0.729118,0.747041,0.763491,0.778641,0.792635,0.805596,0.817632,0.828833,0.839281,0.849043,0.858182,0.86675,0.874796,0.882362,0.889486,0.896202,0.90254,0.908527,0.914189,0.919549,0.924626,0.92944,0.934008,0.938345,0.942467,0.946386,0.950114,0.953664,0.957045,0.960267,0.963339,0.96627,0.969067,0.971738,0.97429,0.976728,0.979058,0.981287,0.983419,0.98546,0.987413,0.989283,0.991074,0.99279,0.994435,0.996011,0.997523,0.998972,1.00036,1.0017,1.00298,1.0042,1.00538,1.00651,1.0076,1.00864,1.00964,1.01061,1.01153,1.01242,1.01327,1.01409,1.01488,1.01563,1.01636,1.01706,1.01773,1.01838,1.019,1.01959,1.02016,1.02071,1.02124,1.02175,1.02224,1.02271,1.02316,1.02359,1.024,1.0244,1.02478,1.02515,1.0255,1.02584,1.02617,1.02648
0.341581,0.352863,0.367194,0.385374,0.408251,0.436334,0.469123,0.504749,0.5407,0.575028,0.606777,0.635711,0.661952,0.685751,0.707385,0.727114,0.745167,0.761742,0.777009,0.791113,0.804177,0.816309,0.827601,0.838132,0.847973,0.857185,0.865823,0.873934,0.881561,0.888742,0.895511,0.9019,0.907935,0.913642,0.919044,0.924162,0.929014,0.933618,0.93799,0.942144,0.946094,0.949851,0.953429,0.956836,0.960084,0.96318,0.966134,0.968953,0.971644,0.974215,0.976672,0.979021,0.981267,0.983416,0.985472,0.98744,0.989324,0.991129,0.992859,0.994516,0.996104,0.997627,0.999087,1.00049,1.00183,1.00312,1.00436,1.00555,1.00669,1.00778,1.00883,1.00984,1.01081,1.01174,1.01263,1.01349,1.01432,1.01511,1.01587,1.01661,1.01731,1.01799,1.01864,1.01926,1.01986,1.02044,1.02099,1.02152,1.02203,1.02252,1.023,1.02345,1.02388,1.0243,1.0247,1.02509,1.02546,1.02581,1.02615,1.02648,1.02679
0.344065,0.355165,0.369221,0.386985,0.409253,0.436524,0.468401,0.503218,0.538622,0.57267,0.604331,0.63329,0.659616,0.68353,0.70529,0.725147,0.743326,0.760022,0.775403,0.789614,0.802779,0.815006,0.826385,0.837,0.846918,0.856203,0.864909,0.873084,0.880771,0.888008,0.894831,0.901269,0.907352,0.913104,0.918548,0.923706,0.928596,0.933235,0.937641,0.941827,0.945807,0.949594,0.953199,0.956633,0.959905,0.963025,0.966002,0.968842,0.971555,0.974145,0.976621,0.978987,0.981251,0.983415,0.985487,0.98747,0.989369,0.991187,0.992929,0.994599,0.996199,0.997733,0.999205,1.00062,1.00197,1.00327,1.00451,1.00571,1.00686,1.00796,1.00902,1.01004,1.01101,1.01195,1.01285,1.01372,1.01455,1.01535,1.01612,1.01685,1.01756,1.01824,1.0189,1.01953,1.02013,1.02071,1.02127,1.0218,1.02232,1.02281,1.02329,1.02374,1.02418,1.0246,1.02501,1.0254,1.02577,1.02612,1.02647,1.0268,1.02711
0.34655,0.357475,0.371267,0.388636,0.410329,0.436833,0.467836,0.501858,0.536699,0.57044,0.601986,0.63095,0.657346,0.681363,0.703241,0.723219,0.741518,0.75833,0.773822,0.788138,0.801402,0.813721,0.825188,0.835883,0.845878,0.855235,0.864007,0.872245,0.879992,0.887285,0.89416,0.900648,0.906778,0.912574,0.91806,0.923257,0.928184,0.93286,0.937299,0.941517,0.945527,0.949343,0.952975,0.956435,0.959732,0.962876,0.965874,0.968736,0.971469,0.974079,0.976573,0.978958,0.981238,0.983419,0.985506,0.987503,0.989416,0.991248,0.993003,0.994685,0.996297,0.997843,0.999325,1.00075,1.00211,1.00342,1.00467,1.00588,1.00704,1.00815,1.00921,1.01024,1.01122,1.01216,1.01307,1.01394,1.01478,1.01559,1.01636,1.0171,1.01781,1.0185,1.01916,1.01979,1.0204,1.02099,1.02155,1.02209,1.0226,1.0231,1.02358,1.02404,1.02448,1.02491,1.02531,1.0257,1.02608,1.02644,1.02678,1.02711,1.02743
0.349035,0.35979,0.37333,0.390322,0.411472,0.437251,0.467419,0.500661,0.534927,0.568337,0.599744,0.628691,0.655142,0.67925,0.701236,0.72133,0.739745,0.756669,0.772268,0.786686,0.800046,0.812456,0.824008,0.834783,0.844853,0.85428,0.863119,0.871419,0.879224,0.886573,0.8935,0.900037,0.906213,0.912053,0.91758,0.922816,0.92778,0.932491,0.936963,0.941213,0.945253,0.949097,0.952757,0.956242,0.959564,0.962731,0.965752,0.968635,0.971388,0.974017,0.97653,0.978932,0.981228,0.983425,0.985528,0.98754,0.989467,0.991312,0.99308,0.994774,0.996398,0.997955,0.999448,1.00088,1.00225,1.00357,1.00483,1.00605,1.00721,1.00833,1.00941,1.01044,1.01143,1.01238,1.01329,1.01417,1.01501,1.01582,1.0166,1.01735,1.01807,1.01876,1.01942,1.02006,1.02067,1.02126,1.02183,1.02237,1.02289,1.02339,1.02388,1.02434,1.02478,1.02521,1.02562,1.02601,1.02639,1.02675,1.0271,1.02743,1.02775
0.351522,0.362112,0.375409,0.392042,0.412677,0.437769,0.46714,0.499618,0.533303,0.566361,0.597604,0.626516,0.653005,0.677192,0.699279,0.719481,0.738005,0.755037,0.770741,0.785258,0.798712,0.81121,0.822846,0.8337,0.843844,0.85334,0.862244,0.870606,0.878468,0.885871,0.89285,0.899435,0.905657,0.91154,0.917108,0.922383,0.927384,0.932129,0.936634,0.940915,0.944985,0.948858,0.952544,0.956055,0.959401,0.962591,0.965634,0.968538,0.971311,0.973959,0.97649,0.978909,0.981223,0.983436,0.985553,0.98758,0.989521,0.991379,0.99316,0.994866,0.996502,0.998069,0.999573,1.00101,1.0024,1.00372,1.005,1.00622,1.00739,1.00852,1.0096,1.01064,1.01164,1.0126,1.01352,1.0144,1.01525,1.01606,1.01685,1.0176,1.01832,1.01902,1.01969,1.02033,1.02095,1.02154,1.02211,1.02266,1.02318,1.02369,1.02417,1.02464,1.02508,1.02551,1.02592,1.02632,1.0267,1.02706,1.02741,1.02775,1.02807
0.354009,0.36444,0.377502,0.393793,0.413939,0.438381,0.466989,0.498723,0.531822,0.564508,0.595567,0.624423,0.650936,0.675191,0.697368,0.717671,0.7363,0.753436,0.76924,0.783854,0.7974,0.809985,0.821702,0.832633,0.842849,0.852414,0.861382,0.869804,0.877724,0.885181,0.89221,0.898843,0.90511,0.911035,0.916644,0.921957,0.926995,0.931774,0.936312,0.940624,0.944723,0.948624,0.952336,0.955873,0.959242,0.962456,0.96552,0.968445,0.971238,0.973906,0.976454,0.978891,0.981221,0.983449,0.985582,0.987623,0.989578,0.991449,0.993243,0.994961,0.996608,0.998187,0.999701,1.00115,1.00255,1.00388,1.00516,1.00639,1.00758,1.00871,1.0098,1.01085,1.01185,1.01281,1.01374,1.01463,1.01549,1.01631,1.0171,1.01785,1.01858,1.01928,1.01995,1.0206,1.02122,1.02182,1.02239,1.02294,1.02347,1.02398,1.02447,1.02493,1.02538,1.02582,1.02623,1.02663,1.02701,1.02738,1.02773,1.02807,1.02839
0.356497,0.366772,0.379609,0.395573,0.415255,0.43908,0.466958,0.497969,0.530481,0.562779,0.593633,0.622414,0.648935,0.673246,0.695505,0.715902,0.73463,0.751865,0.767767,0.782474,0.796109,0.808779,0.820576,0.831583,0.84187,0.851502,0.860534,0.869015,0.876991,0.884501,0.89158,0.898261,0.904572,0.91054,0.916188,0.921539,0.926613,0.931426,0.935996,0.940339,0.944467,0.948395,0.952134,0.955696,0.959089,0.962325,0.965412,0.968357,0.97117,0.973856,0.976423,0.978876,0.981222,0.983467,0.985614,0.98767,0.989638,0.991522,0.993328,0.995058,0.996717,0.998306,0.999831,1.00129,1.0027,1.00404,1.00533,1.00657,1.00776,1.0089,1.01,1.01105,1.01206,1.01303,1.01397,1.01486,1.01572,1.01655,1.01734,1.01811,1.01884,1.01955,1.02022,1.02087,1.0215,1.0221,1.02267,1.02323,1.02376,1.02427,1.02476,1.02523,1.02569,1.02612,1.02654,1.02694,1.02732,1.02769,1.02805,1.02839,1.02871
0.358984,0.369109,0.381729,0.39738,0.41662,0.439858,0.46704,0.497347,0.529273,0.561171,0.591801,0.62049,0.647003,0.671359,0.69369,0.714174,0.732996,0.750326,0.766321,0.781119,0.794841,0.807593,0.819469,0.830549,0.840907,0.850604,0.859698,0.868239,0.87627,0.883832,0.89096,0.897688,0.904043,0.910053,0.915741,0.921129,0.926238,0.931085,0.935687,0.94006,0.944218,0.948173,0.951938,0.955524,0.958941,0.9622,0.965308,0.968274,0.971106,0.97381,0.976395,0.978865,0.981228,0.983487,0.98565,0.987719,0.989701,0.991599,0.993417,0.995159,0.996828,0.998429,0.999964,1.00144,1.00285,1.0042,1.0055,1.00675,1.00795,1.0091,1.0102,1.01126,1.01228,1.01326,1.01419,1.0151,1.01596,1.01679,1.01759,1.01836,1.0191,1.01981,1.02049,1.02115,1.02177,1.02238,1.02296,1.02352,1.02405,1.02457,1.02506,1.02554,1.02599,1.02643,1.02685,1.02725,1.02764,1.02801,1.02836,1.02871,1.02903
0.361472,0.37145,0.383861,0.399211,0.41803,0.440711,0.467227,0.496852,0.528195,0.559681,0.59007,0.618649,0.645141,0.669529,0.691923,0.712488,0.731397,0.748818,0.764903,0.779788,0.793595,0.806428,0.81838,0.829533,0.839959,0.849721,0.858877,0.867475,0.87556,0.883174,0.890351,0.897125,0.903523,0.909574,0.915302,0.920727,0.925871,0.930751,0.935385,0.939788,0.943974,0.947956,0.951747,0.955358,0.958798,0.962079,0.965208,0.968194,0.971046,0.973769,0.976371,0.978858,0.981237,0.983512,0.985689,0.987772,0.989767,0.991678,0.993508,0.995262,0.996942,0.998554,1.0001,1.00158,1.003,1.00437,1.00567,1.00693,1.00814,1.00929,1.0104,1.01147,1.0125,1.01348,1.01442,1.01533,1.0162,1.01704,1.01785,1.01862,1.01936,1.02008,1.02076,1.02142,1.02205,1.02266,1.02325,1.02381,1.02435,1.02486,1.02536,1.02584,1.0263,1.02674,1.02716,1.02756,1.02795,1.02833,1.02868,1.02903,1.02936
0.36396,0.373795,0.386003,0.401065,0.419483,0.441633,0.467513,0.496476,0.527242,0.558307,0.588439,0.616893,0.643349,0.667757,0.690206,0.710844,0.729835,0.747342,0.763513,0.778483,0.792371,0.805282,0.817309,0.828534,0.839027,0.848853,0.858068,0.866723,0.874863,0.882527,0.889752,0.896571,0.903013,0.909105,0.91487,0.920332,0.925511,0.930424,0.935089,0.939522,0.943736,0.947745,0.951562,0.955197,0.95866,0.961963,0.965113,0.96812,0.97099,0.973731,0.976351,0.978855,0.981249,0.983539,0.985731,0.987828,0.989836,0.99176,0.993602,0.995367,0.997059,0.998681,1.00024,1.00173,1.00316,1.00453,1.00585,1.00711,1.00833,1.00949,1.01061,1.01168,1.01271,1.0137,1.01466,1.01557,1.01645,1.01729,1.0181,1.01888,1.01963,1.02034,1.02103,1.0217,1.02233,1.02295,1.02353,1.0241,1.02464,1.02516,1.02566,1.02614,1.0266,1.02704,1.02747,1.02788,1.02827,1.02864,1.029,1.02935,1.02968
0.366447,0.376144,0.388156,0.402941,0.420975,0.442619,0.46789,0.496213,0.526409,0.557047,0.586908,0.61522,0.641627,0.666044,0.688538,0.709242,0.728309,0.745897,0.762151,0.777203,0.79117,0.804158,0.816258,0.827551,0.838111,0.847999,0.857274,0.865984,0.874177,0.881891,0.889164,0.896027,0.902512,0.908644,0.914448,0.919946,0.925158,0.930104,0.9348,0.939262,0.943504,0.94754,0.951382,0.955041,0.958528,0.961852,0.965023,0.968049,0.970939,0.973698,0.976335,0.978855,0.981265,0.983571,0.985776,0.987888,0.989909,0.991845,0.993699,0.995476,0.997179,0.998812,1.00038,1.00188,1.00332,1.0047,1.00603,1.0073,1.00852,1.00969,1.01082,1.0119,1.01293,1.01393,1.01489,1.01581,1.01669,1.01754,1.01835,1.01914,1.01989,1.02061,1.02131,1.02197,1.02261,1.02323,1.02382,1.02439,1.02493,1.02546,1.02596,1.02645,1.02691,1.02735,1.02778,1.02819,1.02859,1.02896,1.02932,1.02967,1.03
0.368934,0.378496,0.390318,0.404837,0.422503,0.443665,0.468353,0.496058,0.525692,0.555897,0.585474,0.613631,0.639975,0.664391,0.686921,0.707682,0.726821,0.744485,0.760818,0.775948,0.789992,0.803054,0.815225,0.826586,0.83721,0.84716,0.856492,0.865258,0.873503,0.881266,0.888586,0.895494,0.90202,0.908191,0.914033,0.919567,0.924813,0.929791,0.934518,0.939009,0.943279,0.947341,0.951207,0.95489,0.9584,0.961746,0.964937,0.967983,0.970891,0.973669,0.976323,0.978859,0.981285,0.983605,0.985825,0.98795,0.989985,0.991933,0.993799,0.995588,0.997301,0.998944,1.00052,1.00203,1.00348,1.00487,1.0062,1.00748,1.00871,1.00989,1.01103,1.01211,1.01316,1.01416,1.01512,1.01605,1.01694,1.01779,1.01861,1.0194,1.02015,1.02088,1.02158,1.02225,1.0229,1.02352,1.02411,1.02468,1.02523,1.02576,1.02626,1.02675,1.02722,1.02766,1.02809,1.02851,1.0289,1.02928,1.02965,1.03,1.03033
0.371421,0.380851,0.392489,0.406752,0.424066,0.444767,0.468897,0.496003,0.525085,0.554855,0.584138,0.612125,0.638393,0.662796,0.685353,0.706166,0.725369,0.743106,0.759514,0.774719,0.788837,0.801971,0.814211,0.825639,0.836326,0.846335,0.855725,0.864545,0.872841,0.880653,0.888018,0.894969,0.901537,0.907748,0.913626,0.919196,0.924476,0.929485,0.934242,0.938762,0.943059,0.947147,0.951039,0.954745,0.958277,0.961644,0.964857,0.967922,0.970848,0.973644,0.976314,0.978867,0.981309,0.983643,0.985878,0.988016,0.990063,0.992024,0.993902,0.995702,0.997426,0.99908,1.00067,1.00219,1.00364,1.00504,1.00639,1.00767,1.00891,1.0101,1.01124,1.01233,1.01338,1.01439,1.01536,1.01629,1.01718,1.01804,1.01887,1.01966,1.02042,1.02115,1.02186,1.02253,1.02318,1.0238,1.0244,1.02498,1.02553,1.02606,1.02657,1.02706,1.02753,1.02798,1.02841,1.02882,1.02922,1.0296,1.02997,1.03032,1.03066
0.373908,0.383208,0.394669,0.408684,0.425661,0.44592,0.469517,0.496045,0.524584,0.553917,0.582896,0.610702,0.636881,0.661261,0.683836,0.704693,0.723955,0.741759,0.758238,0.773516,0.787706,0.800909,0.813217,0.824709,0.835457,0.845526,0.854971,0.863844,0.87219,0.88005,0.887461,0.894455,0.901064,0.907313,0.913228,0.918832,0.924145,0.929186,0.933973,0.938521,0.942845,0.946959,0.950875,0.954605,0.958159,0.961548,0.96478,0.967865,0.97081,0.973623,0.97631,0.978879,0.981336,0.983685,0.985933,0.988085,0.990145,0.992118,0.994008,0.995819,0.997554,0.999218,1.00081,1.00234,1.00381,1.00522,1.00657,1.00786,1.00911,1.0103,1.01145,1.01255,1.01361,1.01462,1.0156,1.01653,1.01743,1.0183,1.01913,1.01992,1.02069,1.02143,1.02213,1.02281,1.02346,1.02409,1.02469,1.02527,1.02583,1.02636,1.02687,1.02736,1.02784,1.02829,1.02872,1.02914,1.02954,1.02992,1.03029,1.03065,1.03098
0.376393,0.385568,0.396855,0.410632,0.427286,0.447123,0.470207,0.496176,0.524185,0.55308,0.581747,0.60936,0.635439,0.659785,0.682369,0.703263,0.722579,0.740446,0.756992,0.772339,0.786597,0.799868,0.812241,0.823796,0.834605,0.844731,0.854231,0.863157,0.871552,0.879459,0.886914,0.893951,0.900599,0.906887,0.912838,0.918477,0.923822,0.928895,0.933711,0.938287,0.942638,0.946777,0.950717,0.95447,0.958046,0.961456,0.964708,0.967812,0.970775,0.973606,0.97631,0.978895,0.981366,0.98373,0.985992,0.988157,0.99023,0.992215,0.994116,0.995938,0.997684,0.999358,1.00096,1.0025,1.00398,1.00539,1.00675,1.00806,1.00931,1.01051,1.01166,1.01277,1.01383,1.01486,1.01584,1.01678,1.01768,1.01855,1.01939,1.02019,1.02096,1.0217,1.02241,1.02309,1.02375,1.02438,1.02499,1.02557,1.02613,1.02666,1.02718,1.02767,1.02815,1.0286,1.02904,1.02946,1.02986,1.03025,1.03062,1.03097,1.03131
0.378878,0.38793,0.399049,0.412596,0.428939,0.448371,0.470963,0.496394,0.523882,0.552342,0.58069,0.608099,0.634067,0.658368,0.680954,0.701877,0.721241,0.739166,0.755775,0.771188,0.785512,0.798848,0.811285,0.822901,0.833769,0.843951,0.853505,0.862482,0.870926,0.878879,0.886378,0.893456,0.900144,0.90647,0.912457,0.918129,0.923507,0.92861,0.933455,0.938059,0.942437,0.946601,0.950565,0.954341,0.957939,0.961369,0.964641,0.967764,0.970745,0.973593,0.976313,0.978914,0.9814,0.983779,0.986055,0.988233,0.990318,0.992315,0.994228,0.996061,0.997818,0.999501,1.00112,1.00266,1.00415,1.00557,1.00694,1.00825,1.00951,1.01072,1.01188,1.01299,1.01406,1.01509,1.01608,1.01703,1.01794,1.01881,1.01965,1.02046,1.02123,1.02198,1.02269,1.02338,1.02404,1.02467,1.02528,1.02586,1.02643,1.02697,1.02748,1.02798,1.02846,1.02892,1.02935,1.02978,1.03018,1.03057,1.03094,1.0313,1.03164
0.381362,0.390294,0.40125,0.414574,0.430618,0.449662,0.471782,0.496692,0.523672,0.551698,0.579722,0.606917,0.632764,0.657011,0.679589,0.700535,0.719941,0.737919,0.754588,0.770063,0.784451,0.79785,0.810348,0.822024,0.832949,0.843187,0.852793,0.86182,0.870312,0.87831,0.885852,0.892972,0.899699,0.906061,0.912084,0.917789,0.923199,0.928332,0.933206,0.937838,0.942241,0.946431,0.950418,0.954217,0.957836,0.961287,0.964579,0.96772,0.970719,0.973584,0.976321,0.978937,0.981438,0.983831,0.98612,0.988311,0.990409,0.992418,0.994342,0.996186,0.997953,0.999647,1.00127,1.00283,1.00432,1.00576,1.00713,1.00845,1.00972,1.01093,1.0121,1.01322,1.0143,1.01533,1.01632,1.01727,1.01819,1.01907,1.01991,1.02072,1.0215,1.02225,1.02297,1.02366,1.02433,1.02496,1.02558,1.02616,1.02673,1.02727,1.02779,1.02829,1.02877,1.02923,1.02967,1.0301,1.0305,1.03089,1.03127,1.03163,1.03197
0.383846,0.392659,0.403457,0.416566,0.432321,0.450993,0.47266,0.497067,0.523551,0.551147,0.578842,0.605814,0.631529,0.655713,0.678275,0.699237,0.718679,0.736705,0.75343,0.768964,0.783413,0.796873,0.809431,0.821165,0.832146,0.842437,0.852095,0.861171,0.869709,0.877753,0.885337,0.892497,0.899263,0.905661,0.911719,0.917457,0.922899,0.928062,0.932964,0.937623,0.942052,0.946266,0.950277,0.954098,0.957739,0.96121,0.964521,0.967681,0.970698,0.973579,0.976332,0.978964,0.98148,0.983886,0.986189,0.988393,0.990503,0.992524,0.99446,0.996314,0.998092,0.999795,1.00143,1.003,1.0045,1.00594,1.00732,1.00865,1.00992,1.01115,1.01232,1.01345,1.01453,1.01557,1.01657,1.01752,1.01844,1.01933,1.02018,1.02099,1.02178,1.02253,1.02325,1.02395,1.02462,1.02526,1.02587,1.02646,1.02703,1.02758,1.0281,1.0286,1.02908,1.02955,1.02999,1.03042,1.03083,1.03122,1.03159,1.03195,1.0323
0.386328,0.395027,0.405669,0.41857,0.434047,0.452361,0.473593,0.497515,0.523514,0.550683,0.578046,0.604789,0.630363,0.654474,0.677012,0.697983,0.717455,0.735526,0.752302,0.767893,0.7824,0.795918,0.808533,0.820323,0.831359,0.841703,0.851411,0.860535,0.869119,0.877206,0.884833,0.892032,0.898836,0.90527,0.911362,0.917133,0.922606,0.927798,0.932729,0.937414,0.941869,0.946107,0.950142,0.953984,0.957646,0.961138,0.964468,0.967646,0.97068,0.973578,0.976347,0.978994,0.981525,0.983945,0.986261,0.988478,0.9906,0.992633,0.99458,0.996445,0.998233,0.999946,1.00159,1.00316,1.00468,1.00613,1.00752,1.00885,1.01013,1.01136,1.01254,1.01368,1.01476,1.01581,1.01681,1.01778,1.0187,1.01959,1.02044,1.02126,1.02205,1.02281,1.02354,1.02424,1.02491,1.02555,1.02617,1.02676,1.02733,1.02788,1.02841,1.02891,1.0294,1.02986,1.03031,1.03074,1.03115,1.03154,1.03192,1.03228,1.03263
0.388809,0.397395,0.407887,0.420586,0.435795,0.453765,0.474578,0.49803,0.523558,0.550305,0.577334,0.60384,0.629264,0.653294,0.6758,0.696774,0.71627,0.73438,0.751204,0.766848,0.78141,0.794984,0.807655,0.8195,0.830588,0.840983,0.850741,0.859912,0.868541,0.876671,0.884339,0.891578,0.898418,0.904888,0.911014,0.916817,0.92232,0.927542,0.9325,0.937212,0.941692,0.945954,0.950011,0.953876,0.957559,0.96107,0.964419,0.967615,0.970667,0.973582,0.976366,0.979028,0.981573,0.984008,0.986337,0.988566,0.990701,0.992745,0.994703,0.996578,0.998376,1.0001,1.00175,1.00334,1.00486,1.00631,1.00771,1.00905,1.01034,1.01158,1.01277,1.01391,1.015,1.01605,1.01706,1.01803,1.01896,1.01985,1.02071,1.02154,1.02233,1.02309,1.02382,1.02452,1.0252,1.02585,1.02647,1.02707,1.02764,1.02819,1.02872,1.02923,1.02971,1.03018,1.03063,1.03106,1.03147,1.03187,1.03225,1.03261,1.03296
0.39129,0.399765,0.41011,0.422612,0.437564,0.455201,0.475611,0.498611,0.523679,0.55001,0.576703,0.602965,0.628232,0.652172,0.674639,0.695608,0.715124,0.733268,0.750136,0.765829,0.780444,0.794072,0.806796,0.818694,0.829834,0.840279,0.850085,0.859302,0.867976,0.876148,0.883856,0.891133,0.89801,0.904515,0.910674,0.916509,0.922042,0.927292,0.932278,0.937016,0.941521,0.945807,0.949887,0.953773,0.957476,0.961007,0.964375,0.967589,0.970658,0.973589,0.976389,0.979066,0.981626,0.984074,0.986416,0.988658,0.990804,0.99286,0.994828,0.996715,0.998523,1.00026,1.00192,1.00351,1.00504,1.0065,1.00791,1.00926,1.01056,1.0118,1.01299,1.01414,1.01524,1.01629,1.01731,1.01828,1.01922,1.02012,1.02098,1.02181,1.02261,1.02337,1.02411,1.02481,1.02549,1.02614,1.02677,1.02737,1.02794,1.0285,1.02903,1.02954,1.03003,1.0305,1.03095,1.03138,1.0318,1.0322,1.03258,1.03294,1.03329
0.393769,0.402136,0.412337,0.42465,0.439351,0.456669,0.476691,0.499253,0.523873,0.549793,0.57615,0.602164,0.627265,0.651108,0.673529,0.694487,0.714016,0.73219,0.749098,0.764838,0.779502,0.793182,0.805958,0.817907,0.829097,0.83959,0.849443,0.858705,0.867422,0.875636,0.883383,0.890698,0.897611,0.904151,0.910342,0.916208,0.921771,0.92705,0.932063,0.936827,0.941356,0.945665,0.949768,0.953675,0.957399,0.960949,0.964336,0.967568,0.970653,0.9736,0.976416,0.979108,0.981681,0.984143,0.986498,0.988753,0.990911,0.992977,0.994957,0.996854,0.998671,1.00041,1.00208,1.00369,1.00522,1.0067,1.00811,1.00947,1.01077,1.01202,1.01322,1.01437,1.01548,1.01654,1.01756,1.01854,1.01948,1.02038,1.02125,1.02209,1.02289,1.02366,1.02439,1.0251,1.02579,1.02644,1.02707,1.02767,1.02825,1.02881,1.02934,1.02985,1.03035,1.03082,1.03127,1.03171,1.03212,1.03252,1.03291,1.03327,1.03363
0.396247,0.404507,0.414569,0.426697,0.441156,0.458167,0.477814,0.499953,0.524137,0.549653,0.575673,0.601435,0.626364,0.650102,0.672468,0.69341,0.712947,0.731146,0.748091,0.763873,0.778585,0.792313,0.805139,0.817137,0.828376,0.838917,0.848815,0.858121,0.866881,0.875135,0.882921,0.890273,0.897222,0.903795,0.910019,0.915916,0.921508,0.926815,0.931855,0.936644,0.941197,0.94553,0.949654,0.953583,0.957326,0.960896,0.964301,0.96755,0.970653,0.973616,0.976447,0.979153,0.981741,0.984216,0.986584,0.98885,0.99102,0.993098,0.995088,0.996995,0.998823,1.00057,1.00225,1.00386,1.00541,1.00689,1.00831,1.00968,1.01099,1.01224,1.01345,1.01461,1.01572,1.01679,1.01781,1.0188,1.01974,1.02065,1.02152,1.02236,1.02317,1.02394,1.02468,1.0254,1.02608,1.02674,1.02737,1.02798,1.02856,1.02912,1.02966,1.03017,1.03067,1.03114,1.0316,1.03203,1.03245,1.03285,1.03324,1.03361,1.03396
0.398724,0.40688,0.416805,0.428753,0.442979,0.459692,0.478978,0.500708,0.524468,0.549587,0.575271,0.600776,0.625527,0.649153,0.671459,0.692376,0.711917,0.730136,0.747114,0.762936,0.777692,0.791467,0.80434,0.816386,0.827672,0.838259,0.848201,0.857551,0.866352,0.874646,0.88247,0.889859,0.896842,0.903449,0.909704,0.915631,0.921252,0.926587,0.931653,0.936467,0.941044,0.9454,0.949546,0.953495,0.957259,0.960848,0.964271,0.967538,0.970656,0.973635,0.976482,0.979202,0.981804,0.984292,0.986673,0.988951,0.991133,0.993222,0.995223,0.99714,0.998977,1.00074,1.00243,1.00405,1.0056,1.00709,1.00852,1.00989,1.01121,1.01247,1.01368,1.01485,1.01596,1.01704,1.01807,1.01906,1.02001,1.02092,1.0218,1.02264,1.02345,1.02423,1.02497,1.02569,1.02638,1.02704,1.02767,1.02828,1.02887,1.02943,1.02997,1.03049,1.03098,1.03146,1.03192,1.03236,1.03278,1.03318,1.03357,1.03394,1.03429
0.401199,0.409253,0.419045,0.430818,0.444817,0.461243,0.480181,0.501516,0.524862,0.54959,0.574941,0.600186,0.624753,0.64826,0.670499,0.691387,0.710925,0.729161,0.746167,0.762025,0.776823,0.790642,0.803561,0.815653,0.826985,0.837616,0.847602,0.856993,0.865835,0.874168,0.88203,0.889454,0.896471,0.903111,0.909397,0.915355,0.921004,0.926366,0.931458,0.936297,0.940898,0.945276,0.949444,0.953414,0.957197,0.960804,0.964245,0.967529,0.970664,0.973659,0.97652,0.979255,0.98187,0.984372,0.986765,0.989055,0.991248,0.993348,0.99536,0.997287,0.999134,1.0009,1.0026,1.00423,1.00579,1.00729,1.00872,1.0101,1.01143,1.0127,1.01391,1.01509,1.01621,1.01729,1.01832,1.01932,1.02027,1.02119,1.02207,1.02292,1.02373,1.02451,1.02526,1.02598,1.02668,1.02734,1.02798,1.02859,1.02918,1.02974,1.03029,1.03081,1.0313,1.03178,1.03224,1.03268,1.03311,1.03351,1.0339,1.03427,1.03463
0.403673,0.411626,0.421288,0.432891,0.44667,0.462819,0.481421,0.502372,0.525317,0.549662,0.57468,0.599664,0.624041,0.647423,0.669588,0.690441,0.709972,0.728219,0.74525,0.761142,0.775978,0.78984,0.802803,0.814939,0.826314,0.836988,0.847017,0.856449,0.86533,0.873701,0.8816,0.889059,0.89611,0.902782,0.909099,0.915086,0.920763,0.926152,0.931269,0.936133,0.940757,0.945158,0.949347,0.953337,0.95714,0.960765,0.964224,0.967525,0.970676,0.973687,0.976563,0.979312,0.98194,0.984455,0.98686,0.989163,0.991367,0.993478,0.9955,0.997437,0.999294,1.00107,1.00278,1.00442,1.00598,1.00749,1.00893,1.01032,1.01165,1.01293,1.01415,1.01533,1.01646,1.01754,1.01858,1.01958,1.02054,1.02146,1.02235,1.0232,1.02402,1.0248,1.02556,1.02628,1.02697,1.02764,1.02828,1.0289,1.02949,1.03006,1.0306,1.03112,1.03163,1.03211,1.03257,1.03301,1.03344,1.03384,1.03423,1.03461,1.03497
0.406146,0.414,0.423534,0.434972,0.448538,0.464418,0.482695,0.503276,0.52583,0.549799,0.574487,0.599207,0.62339,0.646641,0.668727,0.689539,0.709057,0.727312,0.744364,0.760286,0.775158,0.789059,0.802064,0.814242,0.82566,0.836376,0.846446,0.855918,0.864838,0.873246,0.881181,0.888674,0.895759,0.902462,0.908809,0.914825,0.92053,0.925945,0.931088,0.935975,0.940623,0.945045,0.949255,0.953265,0.957087,0.960731,0.964208,0.967525,0.970693,0.973718,0.976609,0.979372,0.982014,0.984541,0.986959,0.989273,0.991489,0.99361,0.995643,0.99759,0.999456,1.00124,1.00296,1.0046,1.00618,1.00769,1.00914,1.01054,1.01187,1.01316,1.01439,1.01557,1.0167,1.01779,1.01884,1.01985,1.02081,1.02174,1.02263,1.02348,1.0243,1.02509,1.02585,1.02658,1.02727,1.02795,1.02859,1.02921,1.0298,1.03037,1.03092,1.03144,1.03195,1.03243,1.0329,1.03334,1.03377,1.03418,1.03457,1.03494,1.0353
0.408618,0.416374,0.425783,0.43706,0.450419,0.466039,0.484002,0.504224,0.526398,0.549998,0.574359,0.598814,0.6228,0.645915,0.667914,0.688681,0.708181,0.726439,0.743508,0.759457,0.774363,0.788301,0.801345,0.813564,0.825023,0.83578,0.845889,0.855401,0.864358,0.872803,0.880772,0.8883,0.895417,0.902151,0.908528,0.914572,0.920304,0.925745,0.930913,0.935824,0.940494,0.944938,0.949169,0.953199,0.95704,0.960702,0.964196,0.96753,0.970713,0.973754,0.976659,0.979436,0.982091,0.984631,0.987061,0.989387,0.991614,0.993746,0.995788,0.997745,0.99962,1.00142,1.00314,1.00479,1.00638,1.0079,1.00936,1.01076,1.0121,1.01339,1.01463,1.01581,1.01695,1.01805,1.0191,1.02011,1.02108,1.02201,1.02291,1.02377,1.02459,1.02538,1.02614,1.02687,1.02758,1.02825,1.0289,1.02952,1.03011,1.03069,1.03124,1.03176,1.03227,1.03276,1.03322,1.03367,1.0341,1.03451,1.0349,1.03528,1.03564
0.411088,0.418749,0.428035,0.439154,0.452313,0.467681,0.48534,0.505215,0.527019,0.550257,0.574295,0.598484,0.622268,0.645241,0.66715,0.687865,0.707343,0.7256,0.742682,0.758655,0.773591,0.787565,0.800646,0.812904,0.824403,0.835199,0.845347,0.854896,0.863891,0.872371,0.880375,0.887935,0.895084,0.901848,0.908255,0.914327,0.920086,0.925553,0.930745,0.935679,0.940372,0.944837,0.949089,0.953138,0.956998,0.960678,0.964189,0.967539,0.970738,0.973793,0.976713,0.979504,0.982172,0.984724,0.987166,0.989504,0.991741,0.993884,0.995937,0.997903,0.999788,1.00159,1.00333,1.00499,1.00658,1.00811,1.00957,1.01098,1.01233,1.01362,1.01487,1.01606,1.01721,1.01831,1.01936,1.02038,1.02135,1.02229,1.02319,1.02405,1.02488,1.02567,1.02644,1.02717,1.02788,1.02856,1.02921,1.02983,1.03043,1.031,1.03156,1.03209,1.03259,1.03308,1.03355,1.034,1.03443,1.03484,1.03524,1.03562,1.03598
0.413557,0.421123,0.43029,0.441255,0.454218,0.469343,0.486708,0.506246,0.52769,0.550574,0.574291,0.598214,0.621794,0.644621,0.666434,0.687092,0.706543,0.724794,0.741887,0.757881,0.772845,0.78685,0.799968,0.812263,0.823799,0.834633,0.844819,0.854405,0.863435,0.871951,0.879988,0.887581,0.894761,0.901555,0.90799,0.91409,0.919875,0.925367,0.930583,0.935541,0.940256,0.944742,0.949014,0.953083,0.956961,0.960658,0.964186,0.967553,0.970767,0.973837,0.976771,0.979575,0.982256,0.984821,0.987275,0.989624,0.991872,0.994025,0.996088,0.998064,0.999958,1.00177,1.00351,1.00518,1.00678,1.00832,1.00979,1.0112,1.01256,1.01386,1.01511,1.01631,1.01746,1.01857,1.01963,1.02065,1.02163,1.02257,1.02347,1.02434,1.02517,1.02597,1.02674,1.02747,1.02818,1.02886,1.02952,1.03014,1.03074,1.03132,1.03188,1.03241,1.03292,1.03341,1.03388,1.03433,1.03476,1.03518,1.03557,1.03595,1.03632
0.416024,0.423498,0.432546,0.443362,0.456135,0.471023,0.488103,0.507315,0.528409,0.550946,0.574347,0.598004,0.621376,0.644054,0.665765,0.686361,0.705781,0.724023,0.741122,0.757133,0.772122,0.786159,0.799309,0.81164,0.823213,0.834083,0.844306,0.853927,0.862992,0.871542,0.879612,0.887237,0.894447,0.901271,0.907734,0.913861,0.919672,0.925189,0.930429,0.935409,0.940146,0.944653,0.948944,0.953032,0.956928,0.960644,0.964188,0.96757,0.9708,0.973885,0.976833,0.97965,0.982344,0.984921,0.987387,0.989747,0.992006,0.99417,0.996242,0.998227,1.00013,1.00195,1.0037,1.00538,1.00699,1.00853,1.01001,1.01143,1.01279,1.0141,1.01535,1.01656,1.01772,1.01883,1.01989,1.02092,1.0219,1.02285,1.02375,1.02462,1.02546,1.02626,1.02704,1.02778,1.02849,1.02917,1.02983,1.03046,1.03106,1.03164,1.0322,1.03273,1.03325,1.03374,1.03421,1.03466,1.0351,1.03551,1.03591,1.03629,1.03666
0.41849,0.425872,0.434806,0.445475,0.458063,0.472721,0.489525,0.50842,0.529174,0.551371,0.57446,0.597851,0.621014,0.643537,0.665143,0.685673,0.705057,0.723285,0.740387,0.756413,0.771425,0.785489,0.798671,0.811036,0.822643,0.833549,0.843806,0.853463,0.862562,0.871144,0.879246,0.886902,0.894142,0.900995,0.907486,0.913639,0.919476,0.925017,0.930281,0.935283,0.940041,0.944569,0.94888,0.952987,0.956901,0.960634,0.964194,0.967593,0.970837,0.973937,0.976898,0.979729,0.982436,0.985025,0.987502,0.989873,0.992143,0.994317,0.996399,0.998394,1.00031,1.00214,1.00389,1.00558,1.00719,1.00874,1.01023,1.01166,1.01303,1.01434,1.0156,1.01681,1.01797,1.01909,1.02016,1.02119,1.02218,1.02313,1.02404,1.02491,1.02575,1.02656,1.02733,1.02808,1.02879,1.02948,1.03014,1.03077,1.03138,1.03196,1.03252,1.03306,1.03357,1.03407,1.03454,1.03499,1.03543,1.03585,1.03625,1.03663,1.037
0.420954,0.428246,0.437067,0.447593,0.460001,0.474436,0.490972,0.50956,0.529983,0.551847,0.574628,0.597754,0.620706,0.643072,0.664568,0.685027,0.70437,0.722581,0.739682,0.755719,0.770751,0.784841,0.798053,0.810449,0.82209,0.83303,0.843321,0.853011,0.862144,0.870758,0.878892,0.886578,0.893848,0.900728,0.907247,0.913426,0.919288,0.924853,0.930139,0.935164,0.939943,0.944491,0.948822,0.952947,0.956879,0.960628,0.964205,0.967619,0.970879,0.973992,0.976967,0.979811,0.982531,0.985132,0.98762,0.990002,0.992283,0.994467,0.996558,0.998562,1.00048,1.00232,1.00409,1.00578,1.0074,1.00896,1.01045,1.01189,1.01326,1.01458,1.01585,1.01707,1.01823,1.01935,1.02043,1.02146,1.02246,1.02341,1.02432,1.0252,1.02605,1.02686,1.02764,1.02838,1.0291,1.02979,1.03045,1.03109,1.0317,1.03228,1.03284,1.03338,1.0339,1.0344,1.03487,1.03533,1.03576,1.03618,1.03659,1.03697,1.03734
0.423417,0.43062,0.43933,0.449716,0.461948,0.476166,0.492442,0.510732,0.530833,0.552372,0.574849,0.597712,0.620451,0.642656,0.664038,0.684422,0.70372,0.72191,0.739007,0.755053,0.770102,0.784215,0.797455,0.809882,0.821554,0.832527,0.842851,0.852573,0.861738,0.870384,0.878548,0.886264,0.893562,0.900471,0.907016,0.91322,0.919107,0.924696,0.930005,0.935051,0.939851,0.944419,0.948769,0.952912,0.956862,0.960628,0.964221,0.96765,0.970924,0.974052,0.977041,0.979897,0.982629,0.985242,0.987742,0.990135,0.992426,0.994619,0.996721,0.998734,1.00066,1.00251,1.00429,1.00599,1.00762,1.00918,1.01068,1.01212,1.0135,1.01483,1.0161,1.01732,1.01849,1.01962,1.0207,1.02174,1.02274,1.02369,1.02461,1.02549,1.02634,1.02716,1.02794,1.02869,1.02941,1.0301,1.03077,1.0314,1.03202,1.0326,1.03317,1.03371,1.03423,1.03473,1.0352,1.03566,1.0361,1.03652,1.03692,1.03731,1.03768
0.425878,0.432994,0.441594,0.451844,0.463905,0.477912,0.493936,0.511936,0.531723,0.552944,0.575121,0.597723,0.620248,0.642289,0.663553,0.683857,0.703108,0.721272,0.738362,0.754414,0.769478,0.783612,0.796877,0.809332,0.821035,0.832039,0.842394,0.852149,0.861344,0.870021,0.878215,0.88596,0.893286,0.900222,0.906793,0.913023,0.918934,0.924546,0.929877,0.934945,0.939765,0.944353,0.948721,0.952883,0.956849,0.960632,0.964241,0.967685,0.970974,0.974116,0.977118,0.979987,0.982731,0.985356,0.987867,0.99027,0.992572,0.994775,0.996886,0.998908,1.00085,1.0027,1.00448,1.00619,1.00783,1.0094,1.01091,1.01235,1.01374,1.01507,1.01635,1.01758,1.01876,1.01989,1.02097,1.02202,1.02302,1.02398,1.0249,1.02579,1.02664,1.02746,1.02824,1.029,1.02972,1.03041,1.03108,1.03172,1.03234,1.03293,1.03349,1.03404,1.03456,1.03506,1.03554,1.036,1.03644,1.03686,1.03726,1.03765,1.03802
0.428337,0.435367,0.44386,0.453976,0.46587,0.479672,0.495451,0.51317,0.532651,0.553561,0.575443,0.597785,0.620095,0.64197,0.663112,0.683334,0.702532,0.720668,0.737747,0.753801,0.768877,0.783031,0.796319,0.808801,0.820533,0.831566,0.841953,0.851737,0.860963,0.869669,0.877893,0.885666,0.89302,0.899982,0.906579,0.912833,0.918768,0.924402,0.929756,0.934845,0.939685,0.944292,0.948679,0.952858,0.956842,0.960641,0.964266,0.967725,0.971028,0.974183,0.977198,0.980081,0.982837,0.985473,0.987995,0.990409,0.992721,0.994934,0.997054,0.999085,1.00103,1.0029,1.00469,1.0064,1.00805,1.00962,1.01114,1.01259,1.01398,1.01532,1.0166,1.01784,1.01902,1.02016,1.02125,1.02229,1.0233,1.02426,1.02519,1.02608,1.02694,1.02776,1.02855,1.0293,1.03003,1.03073,1.0314,1.03204,1.03266,1.03325,1.03382,1.03436,1.03489,1.03539,1.03587,1.03633,1.03677,1.0372,1.03761,1.03799,1.03837
0.430795,0.43774,0.446128,0.456112,0.467844,0.481446,0.496986,0.514432,0.533615,0.554221,0.575813,0.597896,0.619992,0.641698,0.662716,0.68285,0.701992,0.720096,0.737162,0.753215,0.768301,0.782471,0.795782,0.808289,0.820047,0.83111,0.841525,0.851339,0.860594,0.86933,0.877581,0.885382,0.892763,0.899751,0.906373,0.912651,0.918609,0.924266,0.929641,0.934751,0.939611,0.944237,0.948642,0.952839,0.95684,0.960655,0.964295,0.967769,0.971086,0.974255,0.977283,0.980178,0.982946,0.985593,0.988126,0.990551,0.992872,0.995095,0.997225,0.999265,1.00122,1.00309,1.00489,1.00661,1.00826,1.00985,1.01137,1.01283,1.01423,1.01557,1.01686,1.0181,1.01929,1.02043,1.02152,1.02257,1.02358,1.02455,1.02548,1.02638,1.02724,1.02806,1.02885,1.02961,1.03034,1.03104,1.03171,1.03236,1.03298,1.03358,1.03415,1.03469,1.03522,1.03572,1.03621,1.03667,1.03711,1.03754,1.03795,1.03834,1.03871
0.433251,0.440112,0.448397,0.458253,0.469825,0.483233,0.498541,0.515721,0.534614,0.554923,0.57623,0.598057,0.619937,0.641472,0.662363,0.682407,0.701489,0.719557,0.736606,0.752657,0.767749,0.781934,0.795264,0.807794,0.819579,0.830668,0.841112,0.850954,0.860238,0.869001,0.87728,0.885108,0.892515,0.899529,0.906175,0.912478,0.918458,0.924137,0.929533,0.934663,0.939543,0.944188,0.948611,0.952825,0.956843,0.960673,0.964329,0.967817,0.971148,0.974331,0.977372,0.980278,0.983058,0.985717,0.988261,0.990696,0.993027,0.99526,0.997398,0.999447,1.00141,1.00329,1.0051,1.00683,1.00849,1.01008,1.0116,1.01307,1.01447,1.01582,1.01712,1.01836,1.01955,1.0207,1.0218,1.02285,1.02387,1.02484,1.02578,1.02667,1.02754,1.02836,1.02916,1.02992,1.03065,1.03136,1.03203,1.03268,1.0333,1.0339,1.03447,1.03502,1.03555,1.03606,1.03654,1.03701,1.03745,1.03788,1.03829,1.03868,1.03906
0.435706,0.442484,0.450667,0.460397,0.471813,0.485032,0.500115,0.517036,0.535647,0.555665,0.57669,0.598264,0.619929,0.641292,0.662052,0.682002,0.701021,0.719051,0.736079,0.752124,0.767222,0.781418,0.794766,0.807318,0.819127,0.830243,0.840713,0.850583,0.859894,0.868684,0.87699,0.884844,0.892277,0.899315,0.905986,0.912312,0.918315,0.924016,0.929432,0.934582,0.939482,0.944145,0.948586,0.952817,0.95685,0.960697,0.964367,0.96787,0.971215,0.97441,0.977464,0.980383,0.983174,0.985844,0.988399,0.990844,0.993185,0.995427,0.997574,0.999632,1.0016,1.00349,1.0053,1.00704,1.00871,1.01031,1.01184,1.01331,1.01472,1.01608,1.01738,1.01862,1.01982,1.02097,1.02208,1.02314,1.02416,1.02513,1.02607,1.02697,1.02784,1.02867,1.02947,1.03023,1.03097,1.03168,1.03235,1.033,1.03363,1.03423,1.0348,1.03535,1.03588,1.03639,1.03688,1.03735,1.03779,1.03822,1.03863,1.03902,1.0394
0.438159,0.444855,0.452938,0.462544,0.473809,0.486842,0.501706,0.518376,0.536711,0.556444,0.577194,0.598516,0.619966,0.641156,0.661783,0.681636,0.700589,0.718577,0.735582,0.751618,0.766718,0.780925,0.794289,0.806861,0.818692,0.829832,0.840328,0.850225,0.859562,0.868379,0.876711,0.884591,0.892048,0.899111,0.905805,0.912154,0.918179,0.923901,0.929338,0.934508,0.939426,0.944107,0.948565,0.952813,0.956863,0.960725,0.964409,0.967927,0.971285,0.974494,0.97756,0.980491,0.983293,0.985975,0.98854,0.990995,0.993346,0.995597,0.997753,0.999819,1.0018,1.0037,1.00552,1.00726,1.00893,1.01054,1.01208,1.01355,1.01497,1.01633,1.01764,1.01889,1.02009,1.02125,1.02236,1.02342,1.02444,1.02543,1.02637,1.02727,1.02814,1.02898,1.02978,1.03055,1.03128,1.03199,1.03267,1.03333,1.03395,1.03456,1.03513,1.03569,1.03622,1.03673,1.03722,1.03768,1.03813,1.03856,1.03898,1.03937,1.03975
0.440611,0.447226,0.45521,0.464695,0.475811,0.488664,0.503314,0.519739,0.537806,0.557261,0.577739,0.598813,0.620049,0.641063,0.661555,0.681308,0.700192,0.718134,0.735114,0.751139,0.766238,0.780453,0.793831,0.806421,0.818274,0.829437,0.839958,0.84988,0.859243,0.868085,0.876443,0.884347,0.891829,0.898915,0.905632,0.912003,0.91805,0.923793,0.92925,0.934439,0.939376,0.944075,0.94855,0.952815,0.95688,0.960757,0.964457,0.967988,0.97136,0.974581,0.97766,0.980602,0.983416,0.986108,0.988684,0.991149,0.99351,0.99577,0.997935,1.00001,1.002,1.0039,1.00573,1.00748,1.00916,1.01077,1.01232,1.0138,1.01522,1.01659,1.0179,1.01916,1.02037,1.02153,1.02264,1.02371,1.02473,1.02572,1.02666,1.02757,1.02845,1.02928,1.03009,1.03086,1.0316,1.03231,1.033,1.03365,1.03428,1.03488,1.03546,1.03602,1.03655,1.03706,1.03755,1.03802,1.03847,1.03891,1.03932,1.03972,1.04009
0.44306,0.449596,0.457482,0.466849,0.477819,0.490497,0.504938,0.521124,0.53893,0.558113,0.578324,0.599152,0.620174,0.641013,0.661367,0.681018,0.699829,0.717724,0.734674,0.750685,0.765782,0.780003,0.793393,0.806,0.817873,0.829058,0.839602,0.849548,0.858936,0.867803,0.876185,0.884113,0.891619,0.898728,0.905468,0.911861,0.917929,0.923692,0.929169,0.934377,0.939332,0.944049,0.948541,0.952822,0.956903,0.960795,0.964509,0.968054,0.971439,0.974673,0.977763,0.980718,0.983543,0.986246,0.988832,0.991307,0.993676,0.995946,0.99812,1.0002,1.0022,1.00411,1.00595,1.0077,1.00939,1.01101,1.01256,1.01405,1.01548,1.01685,1.01816,1.01943,1.02064,1.0218,1.02292,1.02399,1.02502,1.02601,1.02696,1.02788,1.02875,1.02959,1.0304,1.03117,1.03192,1.03263,1.03332,1.03398,1.03461,1.03521,1.0358,1.03635,1.03689,1.0374,1.03789,1.03837,1.03882,1.03925,1.03966,1.04006,1.04044
0.445508,0.451965,0.459756,0.469005,0.479834,0.492339,0.506578,0.522531,0.540082,0.558998,0.578948,0.599533,0.620342,0.641005,0.661219,0.680766,0.699501,0.717344,0.734263,0.750258,0.76535,0.779575,0.792975,0.805597,0.817488,0.828694,0.83926,0.849229,0.858641,0.867532,0.875938,0.88389,0.891418,0.898551,0.905312,0.911726,0.917815,0.923598,0.929095,0.934321,0.939294,0.944028,0.948537,0.952834,0.95693,0.960837,0.964565,0.968123,0.971522,0.974768,0.977871,0.980837,0.983673,0.986386,0.988982,0.991467,0.993846,0.996125,0.998307,1.0004,1.0024,1.00432,1.00616,1.00793,1.00962,1.01125,1.0128,1.0143,1.01573,1.01711,1.01843,1.0197,1.02092,1.02208,1.02321,1.02428,1.02532,1.02631,1.02726,1.02818,1.02906,1.0299,1.03071,1.03149,1.03224,1.03295,1.03364,1.0343,1.03494,1.03554,1.03613,1.03669,1.03723,1.03774,1.03823,1.03871,1.03916,1.03959,1.04001,1.04041,1.04079
0.447955,0.454333,0.46203,0.471165,0.481854,0.494192,0.508232,0.523959,0.54126,0.559916,0.579609,0.599953,0.620551,0.641037,0.66111,0.680549,0.699206,0.716996,0.733881,0.749857,0.764942,0.779168,0.792577,0.805212,0.81712,0.828346,0.838933,0.848924,0.858358,0.867272,0.875701,0.883676,0.891227,0.898382,0.905165,0.9116,0.917709,0.923512,0.929027,0.934272,0.939262,0.944013,0.948539,0.952851,0.956962,0.960884,0.964626,0.968197,0.971609,0.974867,0.977982,0.980959,0.983806,0.98653,0.989136,0.991631,0.994019,0.996306,0.998497,1.0006,1.00261,1.00454,1.00638,1.00816,1.00986,1.01149,1.01305,1.01455,1.01599,1.01737,1.0187,1.01997,1.02119,1.02237,1.02349,1.02457,1.02561,1.02661,1.02757,1.02848,1.02937,1.03021,1.03103,1.03181,1.03256,1.03328,1.03397,1.03463,1.03527,1.03588,1.03646,1.03702,1.03756,1.03808,1.03857,1.03905,1.0395,1.03994,1.04036,1.04076,1.04114
0.450399,0.456701,0.464304,0.473327,0.483879,0.496053,0.5099,0.525406,0.542464,0.560866,0.580306,0.600413,0.620801,0.641109,0.66104,0.680369,0.698945,0.716679,0.733527,0.749481,0.764557,0.778783,0.792199,0.804846,0.816769,0.828012,0.83862,0.848632,0.858088,0.867024,0.875475,0.883473,0.891045,0.898221,0.905025,0.911481,0.91761,0.923432,0.928966,0.934228,0.939236,0.944004,0.948545,0.952873,0.956999,0.960935,0.964691,0.968276,0.9717,0.974971,0.978097,0.981085,0.983943,0.986677,0.989293,0.991797,0.994194,0.99649,0.99869,1.0008,1.00282,1.00475,1.00661,1.00839,1.01009,1.01173,1.0133,1.0148,1.01625,1.01764,1.01897,1.02025,1.02147,1.02265,1.02378,1.02487,1.02591,1.02691,1.02787,1.02879,1.02968,1.03053,1.03134,1.03213,1.03288,1.0336,1.03429,1.03496,1.0356,1.03621,1.0368,1.03736,1.0379,1.03842,1.03892,1.03939,1.03985,1.04029,1.0407,1.04111,1.04149
0.452842,0.459067,0.46658,0.475491,0.48591,0.497923,0.511582,0.526872,0.543693,0.561845,0.581037,0.60091,0.621089,0.64122,0.661007,0.680224,0.698717,0.716392,0.7332,0.749131,0.764195,0.77842,0.79184,0.804497,0.816434,0.827695,0.838321,0.848353,0.85783,0.866788,0.87526,0.883279,0.890873,0.89807,0.904894,0.91137,0.917518,0.923359,0.928911,0.934192,0.939216,0.944001,0.948558,0.952901,0.957042,0.960991,0.96476,0.968359,0.971795,0.975078,0.978215,0.981215,0.984083,0.986827,0.989453,0.991967,0.994373,0.996678,0.998885,1.001,1.00303,1.00497,1.00683,1.00862,1.01033,1.01197,1.01355,1.01506,1.01651,1.0179,1.01924,1.02052,1.02175,1.02294,1.02407,1.02516,1.0262,1.02721,1.02817,1.0291,1.02999,1.03084,1.03166,1.03245,1.0332,1.03393,1.03462,1.03529,1.03593,1.03654,1.03713,1.0377,1.03824,1.03876,1.03926,1.03974,1.04019,1.04063,1.04105,1.04145,1.04184
0.455283,0.461433,0.468855,0.477658,0.487945,0.499802,0.513276,0.528356,0.544945,0.562854,0.581802,0.601444,0.621415,0.641369,0.661011,0.680114,0.698522,0.716135,0.732902,0.748807,0.763857,0.778077,0.7915,0.804166,0.816116,0.827392,0.838036,0.848087,0.857584,0.866563,0.875056,0.883095,0.89071,0.897927,0.904772,0.911267,0.917434,0.923293,0.928863,0.934161,0.939202,0.944003,0.948575,0.952933,0.957089,0.961052,0.964835,0.968446,0.971894,0.975189,0.978338,0.981348,0.984227,0.986981,0.989617,0.992139,0.994555,0.996868,0.999083,1.00121,1.00324,1.00519,1.00706,1.00885,1.01057,1.01222,1.0138,1.01532,1.01677,1.01817,1.01951,1.0208,1.02204,1.02322,1.02436,1.02545,1.0265,1.02751,1.02848,1.02941,1.0303,1.03116,1.03198,1.03277,1.03352,1.03425,1.03495,1.03562,1.03626,1.03688,1.03747,1.03804,1.03858,1.0391,1.0396,1.04008,1.04054,1.04098,1.0414,1.04181,1.04219
0.457723,0.463798,0.471131,0.479827,0.489985,0.501688,0.514983,0.529857,0.54622,0.56389,0.582598,0.602013,0.621778,0.641555,0.66105,0.680039,0.698359,0.715908,0.732631,0.748507,0.763542,0.777756,0.791181,0.803853,0.815814,0.827105,0.837765,0.847835,0.857351,0.866349,0.874862,0.882922,0.890557,0.897793,0.904657,0.911171,0.917357,0.923234,0.928822,0.934136,0.939194,0.94401,0.948598,0.952971,0.95714,0.961118,0.964913,0.968537,0.971997,0.975304,0.978464,0.981485,0.984374,0.987138,0.989783,0.992315,0.994739,0.99706,0.999284,1.00141,1.00346,1.00541,1.00729,1.00909,1.01081,1.01247,1.01406,1.01558,1.01704,1.01844,1.01979,1.02108,1.02232,1.02351,1.02465,1.02575,1.0268,1.02781,1.02879,1.02972,1.03061,1.03147,1.0323,1.03309,1.03385,1.03458,1.03528,1.03595,1.03659,1.03721,1.03781,1.03838,1.03892,1.03945,1.03995,1.04043,1.04089,1.04133,1.04175,1.04216,1.04254
0.460161,0.466162,0.473407,0.481997,0.492029,0.503582,0.516701,0.531374,0.547516,0.564953,0.583426,0.602617,0.622178,0.641777,0.661126,0.679997,0.698228,0.715711,0.732387,0.748233,0.76325,0.777456,0.79088,0.803558,0.815529,0.826833,0.837508,0.847595,0.857129,0.866146,0.874679,0.882758,0.890412,0.897668,0.904551,0.911084,0.917287,0.923182,0.928787,0.934118,0.939192,0.944024,0.948627,0.953014,0.957197,0.961188,0.964996,0.968632,0.972105,0.975423,0.978594,0.981625,0.984525,0.987299,0.989953,0.992494,0.994926,0.997256,0.999488,1.00163,1.00367,1.00564,1.00752,1.00933,1.01106,1.01272,1.01431,1.01584,1.01731,1.01871,1.02007,1.02136,1.02261,1.0238,1.02495,1.02605,1.02711,1.02812,1.02909,1.03003,1.03093,1.03179,1.03262,1.03341,1.03417,1.03491,1.03561,1.03628,1.03693,1.03755,1.03815,1.03872,1.03926,1.03979,1.04029,1.04077,1.04124,1.04168,1.0421,1.04251,1.0429
0.462597,0.468525,0.475683,0.48417,0.494078,0.505483,0.51843,0.532907,0.548833,0.566041,0.584284,0.603253,0.622611,0.642034,0.661236,0.679989,0.698128,0.715542,0.73217,0.747984,0.762981,0.777177,0.790599,0.803281,0.815261,0.826576,0.837266,0.847368,0.85692,0.865955,0.874506,0.882604,0.890277,0.897552,0.904453,0.911004,0.917225,0.923138,0.928759,0.934106,0.939196,0.944043,0.948661,0.953062,0.957259,0.961263,0.965084,0.968732,0.972216,0.975545,0.978727,0.981769,0.984679,0.987462,0.990126,0.992675,0.995117,0.997454,0.999694,1.00184,1.0039,1.00587,1.00776,1.00957,1.01131,1.01297,1.01457,1.0161,1.01758,1.01899,1.02034,1.02164,1.02289,1.02409,1.02524,1.02635,1.02741,1.02843,1.0294,1.03034,1.03124,1.03211,1.03294,1.03374,1.0345,1.03524,1.03594,1.03662,1.03727,1.03789,1.03848,1.03906,1.03961,1.04013,1.04064,1.04112,1.04158,1.04203,1.04245,1.04286,1.04325
0.465031,0.470886,0.477959,0.486344,0.49613,0.507391,0.52017,0.534456,0.55017,0.567155,0.585171,0.603921,0.623079,0.642326,0.66138,0.680013,0.698058,0.715403,0.73198,0.747759,0.762734,0.776919,0.790337,0.803022,0.815008,0.826334,0.837037,0.847155,0.856723,0.865775,0.874344,0.88246,0.890151,0.897444,0.904363,0.910932,0.91717,0.9231,0.928737,0.934101,0.939206,0.944068,0.9487,0.953115,0.957325,0.961342,0.965176,0.968836,0.972332,0.975672,0.978865,0.981917,0.984836,0.987629,0.990302,0.99286,0.99531,0.997656,0.999903,1.00206,1.00412,1.0061,1.00799,1.00981,1.01155,1.01323,1.01483,1.01637,1.01785,1.01926,1.02062,1.02193,1.02318,1.02439,1.02554,1.02665,1.02771,1.02873,1.02971,1.03066,1.03156,1.03243,1.03326,1.03406,1.03483,1.03557,1.03627,1.03695,1.0376,1.03823,1.03883,1.0394,1.03995,1.04048,1.04098,1.04147,1.04193,1.04238,1.0428,1.04321,1.0436
0.467464,0.473247,0.480236,0.48852,0.498186,0.509306,0.52192,0.536018,0.551526,0.568292,0.586086,0.604621,0.62358,0.642652,0.661557,0.680069,0.69802,0.715292,0.731817,0.747559,0.76251,0.776681,0.790095,0.80278,0.814772,0.826107,0.836823,0.846954,0.856538,0.865607,0.874193,0.882326,0.890035,0.897345,0.904282,0.910867,0.917123,0.923068,0.928722,0.934101,0.939222,0.944098,0.948744,0.953173,0.957397,0.961426,0.965272,0.968944,0.972451,0.975802,0.979006,0.982068,0.984997,0.987799,0.990481,0.993048,0.995506,0.99786,1.00011,1.00227,1.00435,1.00633,1.00823,1.01006,1.01181,1.01348,1.01509,1.01664,1.01812,1.01954,1.02091,1.02222,1.02347,1.02468,1.02584,1.02695,1.02802,1.02904,1.03003,1.03097,1.03188,1.03275,1.03359,1.03439,1.03516,1.0359,1.03661,1.03729,1.03794,1.03857,1.03917,1.03974,1.04029,1.04082,1.04133,1.04182,1.04228,1.04273,1.04316,1.04357,1.04396
0.469894,0.475607,0.482512,0.490697,0.500246,0.511227,0.52368,0.537595,0.552901,0.569452,0.587027,0.60535,0.624113,0.64301,0.661767,0.680157,0.698011,0.715209,0.731679,0.747382,0.762308,0.776464,0.789871,0.802556,0.814552,0.825896,0.836622,0.846767,0.856365,0.865449,0.874052,0.882202,0.889928,0.897255,0.904209,0.910811,0.917083,0.923044,0.928714,0.934108,0.939243,0.944134,0.948794,0.953236,0.957473,0.961515,0.965373,0.969056,0.972575,0.975937,0.97915,0.982223,0.985161,0.987973,0.990663,0.993239,0.995705,0.998066,1.00033,1.0025,1.00457,1.00656,1.00847,1.0103,1.01206,1.01374,1.01536,1.01691,1.01839,1.01982,1.02119,1.0225,1.02377,1.02498,1.02614,1.02725,1.02833,1.02935,1.03034,1.03129,1.0322,1.03307,1.03391,1.03472,1.03549,1.03623,1.03694,1.03762,1.03828,1.03891,1.03951,1.04009,1.04064,1.04117,1.04168,1.04217,1.04264,1.04308,1.04351,1.04392,1.04431
0.472324,0.477966,0.484788,0.492875,0.502309,0.513154,0.525449,0.539185,0.554293,0.570634,0.587995,0.606109,0.624677,0.6434,0.662008,0.680276,0.698032,0.715154,0.731567,0.74723,0.762129,0.776268,0.789666,0.802349,0.814348,0.825699,0.836435,0.846592,0.856204,0.865303,0.873922,0.882088,0.88983,0.897174,0.904144,0.910762,0.91705,0.923027,0.928712,0.934121,0.939271,0.944175,0.948849,0.953305,0.957554,0.961608,0.965478,0.969173,0.972702,0.976075,0.979299,0.982381,0.985329,0.98815,0.990849,0.993433,0.995907,0.998276,1.00055,1.00272,1.0048,1.0068,1.00872,1.01055,1.01231,1.014,1.01562,1.01718,1.01867,1.0201,1.02148,1.02279,1.02406,1.02527,1.02644,1.02756,1.02863,1.02967,1.03066,1.03161,1.03252,1.0334,1.03424,1.03504,1.03582,1.03656,1.03728,1.03796,1.03862,1.03925,1.03985,1.04043,1.04099,1.04152,1.04203,1.04252,1.04299,1.04344,1.04387,1.04428,1.04467
