N2 Specific Heat [J kg^-1 K^-1] Mixed
34486.6,4705.81,3162.04,2570.05,2246.21,2038.63,1892.89,1784.32,1699.98,1632.4,1576.92,1530.51,1491.06,1457.1,1427.55,1401.58,1378.58,1358.07,1339.65,1323.04,1307.96,1294.23,1281.68,1270.15,1259.53,1249.72,1240.64,1232.2,1224.34,1217.01,1210.15,1203.73,1197.71,1192.04,1186.71,1181.68,1176.93,1172.45,1168.2,1164.17,1160.35,1156.73,1153.28,1150,1146.87,1143.9,1141.06,1138.34,1135.75,1133.27,1130.9,1128.64,1126.46,1124.38,1122.38,1120.47,1118.63,1116.86,1115.16,1113.53,1111.97,1110.46,1109.01,1107.61,1106.26,1104.97,1103.72,1102.52,1101.36,1100.24,1099.16,1098.12,1097.12,1096.15,1095.22,1094.32,1093.45,1092.61,1091.8,1091.01,1090.26,1089.53,1088.83,1088.15,1087.5,1086.86,1086.25,1085.67,1085.1,1084.55,1084.02,1083.52,1083.03,1082.55,1082.1,1081.66,1081.24,1080.84,1080.45,1080.07,1079.72
6125.2,5556.85,3412.45,2698.26,2327.15,2095.7,1935.98,1818.4,1727.85,1655.77,1596.91,1547.88,1506.35,1470.71,1439.77,1412.64,1388.66,1367.3,1348.16,1330.91,1315.29,1301.06,1288.07,1276.15,1265.18,1255.05,1245.68,1236.97,1228.88,1221.32,1214.27,1207.66,1201.46,1195.63,1190.15,1184.98,1180.11,1175.5,1171.14,1167,1163.08,1159.36,1155.82,1152.46,1149.25,1146.2,1143.28,1140.5,1137.85,1135.31,1132.88,1130.55,1128.33,1126.19,1124.14,1122.18,1120.3,1118.49,1116.75,1115.08,1113.47,1111.93,1110.44,1109.01,1107.63,1106.3,1105.02,1103.79,1102.6,1101.46,1100.35,1099.29,1098.26,1097.27,1096.31,1095.39,1094.49,1093.63,1092.8,1092,1091.23,1090.48,1089.76,1089.06,1088.39,1087.74,1087.11,1086.51,1085.93,1085.37,1084.82,1084.3,1083.8,1083.31,1082.84,1082.39,1081.96,1081.54,1081.14,1080.76,1080.39
5217.62,6848.78,3713.4,2842.24,2415.15,2156.59,1981.38,1853.98,1756.75,1679.88,1617.45,1565.67,1521.97,1484.58,1452.19,1423.87,1398.87,1376.65,1356.77,1338.87,1322.67,1307.95,1294.51,1282.19,1270.86,1260.41,1250.74,1241.77,1233.43,1225.66,1218.4,1211.6,1205.22,1199.24,1193.6,1188.3,1183.29,1178.55,1174.08,1169.84,1165.81,1162,1158.37,1154.92,1151.63,1148.5,1145.51,1142.66,1139.94,1137.34,1134.85,1132.47,1130.19,1128,1125.91,1123.9,1121.97,1120.11,1118.33,1116.62,1114.98,1113.39,1111.87,1110.41,1108.99,1107.63,1106.32,1105.06,1103.85,1102.67,1101.54,1100.45,1099.4,1098.38,1097.4,1096.45,1095.54,1094.66,1093.81,1092.99,1092.19,1091.43,1090.69,1089.97,1089.28,1088.62,1087.97,1087.35,1086.76,1086.18,1085.62,1085.09,1084.57,1084.07,1083.59,1083.13,1082.68,1082.25,1081.84,1081.44,1081.06
4751.1,8994.83,4080.42,3004.76,2511.04,2221.6,2029.22,1891.14,1786.73,1704.76,1638.56,1583.89,1537.92,1498.7,1464.83,1435.26,1409.23,1386.12,1365.47,1346.91,1330.13,1314.89,1301,1288.27,1276.58,1265.8,1255.84,1246.6,1238.01,1230.01,1222.54,1215.55,1209,1202.85,1197.06,1191.61,1186.47,1181.62,1177.02,1172.67,1168.55,1164.63,1160.91,1157.38,1154.01,1150.8,1147.74,1144.83,1142.04,1139.37,1136.82,1134.39,1132.05,1129.81,1127.67,1125.61,1123.63,1121.74,1119.91,1118.16,1116.48,1114.86,1113.3,1111.8,1110.36,1108.97,1107.63,1106.33,1105.09,1103.89,1102.73,1101.61,1100.53,1099.49,1098.49,1097.52,1096.59,1095.68,1094.81,1093.97,1093.16,1092.37,1091.61,1090.88,1090.17,1089.49,1088.83,1088.2,1087.58,1086.99,1086.42,1085.87,1085.34,1084.82,1084.33,1083.85,1083.4,1082.96,1082.53,1082.12,1081.73
4447.2,12919.7,4535.1,3189.15,2615.76,2291.11,2079.68,1929.95,1817.83,1730.44,1660.25,1602.55,1554.21,1513.1,1477.68,1446.83,1419.72,1395.7,1374.27,1355.03,1337.66,1321.9,1307.54,1294.4,1282.34,1271.23,1260.96,1251.45,1242.61,1234.38,1226.7,1219.52,1212.79,1206.47,1200.53,1194.94,1189.66,1184.68,1179.97,1175.51,1171.29,1167.27,1163.46,1159.84,1156.39,1153.11,1149.98,1146.99,1144.13,1141.41,1138.8,1136.3,1133.91,1131.62,1129.43,1127.32,1125.3,1123.36,1121.49,1119.7,1117.98,1116.32,1114.73,1113.2,1111.72,1110.3,1108.92,1107.6,1106.33,1105.1,1103.92,1102.77,1101.67,1100.61,1099.58,1098.59,1097.63,1096.7,1095.81,1094.95,1094.12,1093.31,1092.54,1091.79,1091.06,1090.37,1089.69,1089.04,1088.41,1087.8,1087.22,1086.65,1086.11,1085.58,1085.07,1084.58,1084.11,1083.66,1083.22,1082.8,1082.4
4226.32,19149.1,5107.21,3399.38,2730.36,2365.48,2132.91,1970.51,1850.09,1756.93,1682.53,1621.65,1570.84,1527.76,1490.74,1458.57,1430.36,1405.4,1383.16,1363.23,1345.25,1328.96,1314.13,1300.57,1288.13,1276.68,1266.11,1256.32,1247.23,1238.77,1230.87,1223.49,1216.58,1210.1,1204.01,1198.27,1192.86,1187.75,1182.93,1178.36,1174.03,1169.92,1166.02,1162.31,1158.78,1155.41,1152.21,1149.15,1146.23,1143.44,1140.77,1138.22,1135.77,1133.43,1131.18,1129.03,1126.96,1124.98,1123.07,1121.24,1119.48,1117.79,1116.16,1114.59,1113.08,1111.62,1110.22,1108.87,1107.57,1106.31,1105.1,1103.93,1102.8,1101.71,1100.66,1099.65,1098.67,1097.73,1096.81,1095.93,1095.08,1094.26,1093.46,1092.69,1091.95,1091.24,1090.55,1089.88,1089.23,1088.61,1088.01,1087.43,1086.87,1086.33,1085.81,1085.31,1084.83,1084.36,1083.91,1083.48,1083.07
4055.15,16608.5,5836.29,3640.16,2855.99,2445.13,2189.09,2012.89,1883.56,1784.26,1705.43,1641.21,1587.82,1542.69,1504.02,1470.49,1441.13,1415.21,1392.15,1371.5,1352.91,1336.07,1320.76,1306.78,1293.96,1282.16,1271.28,1261.21,1251.86,1243.17,1235.06,1227.49,1220.39,1213.74,1207.49,1201.61,1196.06,1190.83,1185.89,1181.2,1176.77,1172.56,1168.57,1164.77,1161.16,1157.72,1154.44,1151.31,1148.32,1145.47,1142.74,1140.13,1137.63,1135.24,1132.94,1130.74,1128.63,1126.6,1124.65,1122.78,1120.98,1119.25,1117.58,1115.98,1114.44,1112.95,1111.52,1110.14,1108.81,1107.52,1106.28,1105.09,1103.94,1102.82,1101.75,1100.71,1099.71,1098.74,1097.81,1096.91,1096.04,1095.2,1094.38,1093.6,1092.84,1092.11,1091.4,1090.72,1090.06,1089.42,1088.8,1088.21,1087.64,1087.08,1086.55,1086.04,1085.54,1085.06,1084.6,1084.16,1083.73
3916.77,9556.58,6767.95,3916.88,2993.92,2530.47,2248.39,2057.17,1918.28,1812.46,1728.94,1661.23,1605.15,1557.9,1517.51,1482.58,1452.05,1425.14,1401.24,1379.86,1360.63,1343.24,1327.44,1313.03,1299.82,1287.68,1276.48,1266.12,1256.52,1247.59,1239.26,1231.49,1224.21,1217.39,1210.98,1204.95,1199.27,1193.91,1188.85,1184.06,1179.52,1175.21,1171.12,1167.24,1163.54,1160.02,1156.67,1153.47,1150.42,1147.5,1144.71,1142.04,1139.49,1137.04,1134.7,1132.45,1130.29,1128.22,1126.23,1124.32,1122.48,1120.71,1119.01,1117.37,1115.79,1114.27,1112.81,1111.4,1110.04,1108.73,1107.46,1106.24,1105.07,1103.93,1102.83,1101.77,1100.75,1099.76,1098.81,1097.89,1097,1096.14,1095.3,1094.5,1093.73,1092.98,1092.25,1091.55,1090.88,1090.23,1089.6,1088.99,1088.4,1087.83,1087.29,1086.76,1086.25,1085.76,1085.29,1084.84,1084.4
3801.48,7025.18,7929.82,4235.39,3145.5,2621.95,2310.99,2103.44,1954.29,1841.54,1753.09,1681.72,1622.84,1573.38,1531.22,1494.84,1463.11,1435.18,1410.42,1388.3,1368.42,1350.47,1334.17,1319.32,1305.71,1293.22,1281.7,1271.06,1261.19,1252.02,1243.48,1235.5,1228.04,1221.05,1214.48,1208.3,1202.49,1197,1191.81,1186.91,1182.26,1177.86,1173.68,1169.71,1165.93,1162.33,1158.9,1155.63,1152.51,1149.53,1146.68,1143.96,1141.35,1138.85,1136.45,1134.16,1131.95,1129.84,1127.8,1125.85,1123.97,1122.17,1120.43,1118.76,1117.15,1115.6,1114.1,1112.66,1111.27,1109.94,1108.64,1107.4,1106.2,1105.03,1103.91,1102.83,1101.79,1100.78,1099.8,1098.86,1097.95,1097.07,1096.22,1095.4,1094.61,1093.84,1093.1,1092.39,1091.7,1091.03,1090.39,1089.76,1089.16,1088.58,1088.02,1087.48,1086.96,1086.46,1085.98,1085.51,1085.06
3703.24,5914.51,9247.82,4601.37,3312.07,2720.01,2377.07,2151.77,1991.63,1871.53,1777.89,1702.69,1640.88,1589.14,1545.15,1507.27,1474.3,1445.34,1419.69,1396.81,1376.28,1357.75,1340.95,1325.64,1311.64,1298.79,1286.95,1276.02,1265.88,1256.47,1247.71,1239.53,1231.88,1224.71,1217.99,1211.66,1205.71,1200.09,1194.78,1189.77,1185.01,1180.51,1176.24,1172.18,1168.31,1164.64,1161.14,1157.79,1154.61,1151.56,1148.65,1145.87,1143.2,1140.65,1138.21,1135.86,1133.61,1131.45,1129.38,1127.38,1125.47,1123.63,1121.85,1120.15,1118.5,1116.92,1115.39,1113.92,1112.51,1111.14,1109.82,1108.55,1107.32,1106.14,1104.99,1103.89,1102.82,1101.79,1100.8,1099.83,1098.91,1098.01,1097.14,1096.3,1095.49,1094.71,1093.95,1093.22,1092.52,1091.83,1091.18,1090.54,1089.92,1089.33,1088.76,1088.21,1087.67,1087.16,1086.66,1086.19,1085.72
3618.04,5285.36,10371.1,5018.74,3494.96,2825.07,2446.8,2202.25,2030.34,1902.45,1803.34,1724.13,1659.29,1605.17,1559.29,1519.88,1485.64,1455.61,1429.06,1405.4,1384.2,1365.09,1347.77,1332.01,1317.6,1304.39,1292.22,1280.99,1270.59,1260.93,1251.95,1243.56,1235.73,1228.39,1221.5,1215.02,1208.93,1203.18,1197.76,1192.62,1187.77,1183.16,1178.8,1174.65,1170.7,1166.94,1163.37,1159.96,1156.7,1153.59,1150.62,1147.78,1145.06,1142.46,1139.96,1137.57,1135.27,1133.07,1130.95,1128.92,1126.96,1125.08,1123.27,1121.53,1119.85,1118.24,1116.68,1115.18,1113.74,1112.34,1111,1109.7,1108.45,1107.24,1106.07,1104.94,1103.86,1102.8,1101.79,1100.81,1099.86,1098.94,1098.06,1097.2,1096.37,1095.57,1094.8,1094.05,1093.33,1092.64,1091.96,1091.31,1090.68,1090.08,1089.49,1088.93,1088.38,1087.86,1087.35,1086.86,1086.39
3543.1,4872.35,10647.4,5486.61,3695.21,2937.54,2520.33,2254.93,2070.44,1934.3,1829.45,1746.06,1678.05,1621.49,1573.65,1532.66,1497.11,1465.99,1438.52,1414.07,1392.19,1372.48,1354.64,1338.41,1323.6,1310.01,1297.52,1285.99,1275.32,1265.41,1256.2,1247.61,1239.58,1232.07,1225.02,1218.39,1212.16,1206.28,1200.73,1195.49,1190.52,1185.82,1181.35,1177.12,1173.09,1169.25,1165.6,1162.12,1158.79,1155.62,1152.59,1149.69,1146.91,1144.26,1141.71,1139.27,1136.93,1134.68,1132.52,1130.45,1128.45,1126.53,1124.69,1122.91,1121.2,1119.56,1117.97,1116.44,1114.97,1113.55,1112.17,1110.85,1109.57,1108.34,1107.15,1106,1104.89,1103.82,1102.78,1101.78,1100.81,1099.87,1098.97,1098.1,1097.25,1096.44,1095.65,1094.89,1094.15,1093.44,1092.75,1092.09,1091.44,1090.82,1090.22,1089.65,1089.09,1088.55,1088.03,1087.53,1087.05
3476.44,4575.66,9810.39,5993.95,3913.41,3057.72,2597.8,2309.9,2111.98,1967.11,1856.23,1768.47,1697.19,1638.08,1588.23,1545.61,1508.73,1476.49,1448.07,1422.82,1400.24,1379.92,1361.55,1344.86,1329.62,1315.67,1302.84,1291.01,1280.06,1269.91,1260.47,1251.67,1243.45,1235.76,1228.54,1221.77,1215.39,1209.38,1203.71,1198.35,1193.28,1188.47,1183.92,1179.59,1175.47,1171.56,1167.83,1164.28,1160.89,1157.65,1154.56,1151.6,1148.77,1146.06,1143.46,1140.97,1138.58,1136.29,1134.09,1131.97,1129.94,1127.99,1126.11,1124.3,1122.55,1120.87,1119.26,1117.7,1116.19,1114.74,1113.35,1112,1110.69,1109.44,1108.22,1107.05,1105.92,1104.82,1103.77,1102.75,1101.76,1100.81,1099.88,1098.99,1098.13,1097.3,1096.49,1095.72,1094.96,1094.24,1093.53,1092.86,1092.2,1091.57,1090.96,1090.36,1089.79,1089.24,1088.71,1088.2,1087.71
3416.56,4349.45,8480.95,6511.82,4149.24,3185.82,2679.31,2367.18,2154.96,2000.89,1883.69,1791.37,1716.68,1654.95,1603.03,1558.73,1520.47,1487.09,1457.71,1431.64,1408.35,1387.42,1368.51,1351.34,1335.68,1321.35,1308.18,1296.04,1284.82,1274.41,1264.74,1255.73,1247.32,1239.45,1232.07,1225.14,1218.63,1212.48,1206.69,1201.22,1196.04,1191.13,1186.48,1182.06,1177.86,1173.87,1170.06,1166.44,1162.98,1159.68,1156.52,1153.51,1150.62,1147.86,1145.21,1142.67,1140.24,1137.9,1135.66,1133.5,1131.43,1129.44,1127.52,1125.68,1123.9,1122.19,1120.54,1118.95,1117.42,1115.94,1114.52,1113.14,1111.81,1110.53,1109.3,1108.1,1106.95,1105.83,1104.75,1103.71,1102.71,1101.73,1100.79,1099.89,1099.01,1098.16,1097.34,1096.54,1095.78,1095.03,1094.32,1093.63,1092.96,1092.31,1091.68,1091.08,1090.5,1089.94,1089.39,1088.87,1088.36
3362.34,4169.55,7296.48,6986.37,4400.97,3321.84,2764.93,2426.82,2199.42,2035.64,1911.82,1814.76,1736.54,1672.09,1618.04,1572.02,1532.36,1497.81,1467.44,1440.53,1416.52,1394.96,1375.5,1357.85,1341.77,1327.05,1313.54,1301.09,1289.59,1278.93,1269.03,1259.81,1251.2,1243.15,1235.61,1228.53,1221.87,1215.59,1209.67,1204.08,1198.8,1193.79,1189.04,1184.53,1180.25,1176.17,1172.29,1168.6,1165.07,1161.7,1158.49,1155.41,1152.47,1149.65,1146.96,1144.37,1141.89,1139.51,1137.22,1135.03,1132.92,1130.89,1128.93,1127.05,1125.24,1123.5,1121.82,1120.2,1118.64,1117.14,1115.69,1114.29,1112.93,1111.63,1110.37,1109.15,1107.97,1106.84,1105.74,1104.68,1103.65,1102.66,1101.7,1100.78,1099.88,1099.02,1098.18,1097.37,1096.59,1095.83,1095.1,1094.39,1093.71,1093.05,1092.41,1091.8,1091.2,1090.63,1090.07,1089.54,1089.02
3312.89,4021.97,6415.73,7341.16,4664.69,3465.52,2854.64,2488.82,2245.35,2071.37,1940.63,1838.64,1756.76,1689.51,1633.26,1585.48,1544.38,1508.63,1477.26,1449.49,1424.75,1402.56,1382.54,1364.4,1347.88,1332.78,1318.92,1306.17,1294.38,1283.47,1273.33,1263.9,1255.09,1246.86,1239.15,1231.91,1225.11,1218.7,1212.66,1206.95,1201.56,1196.45,1191.6,1187,1182.63,1178.48,1174.52,1170.75,1167.16,1163.73,1160.45,1157.32,1154.32,1151.45,1148.7,1146.07,1143.54,1141.12,1138.79,1136.55,1134.4,1132.33,1130.34,1128.43,1126.59,1124.81,1123.1,1121.45,1119.87,1118.33,1116.85,1115.43,1114.05,1112.72,1111.44,1110.2,1109,1107.84,1106.72,1105.64,1104.6,1103.59,1102.61,1101.67,1100.76,1099.87,1099.02,1098.19,1097.4,1096.63,1095.88,1095.16,1094.46,1093.79,1093.14,1092.51,1091.9,1091.32,1090.75,1090.2,1089.68
3267.52,3897.96,5781.49,7500.33,4933.57,3616.23,2948.36,2553.18,2292.75,2108.08,1970.12,1863.01,1777.34,1707.21,1648.69,1599.1,1556.53,1519.56,1487.16,1458.53,1433.04,1410.2,1389.62,1370.98,1354.03,1338.53,1324.33,1311.25,1299.19,1288.01,1277.64,1267.99,1258.99,1250.58,1242.7,1235.31,1228.36,1221.82,1215.65,1209.82,1204.32,1199.11,1194.16,1189.48,1185.02,1180.79,1176.75,1172.91,1169.25,1165.75,1162.41,1159.22,1156.17,1153.25,1150.45,1147.76,1145.19,1142.72,1140.35,1138.07,1135.88,1133.78,1131.75,1129.8,1127.93,1126.12,1124.38,1122.7,1121.09,1119.52,1118.02,1116.57,1115.17,1113.81,1112.5,1111.24,1110.02,1108.84,1107.71,1106.6,1105.54,1104.51,1103.52,1102.56,1101.63,1100.73,1099.86,1099.02,1098.21,1097.42,1096.66,1095.92,1095.21,1094.53,1093.86,1093.22,1092.6,1092.01,1091.43,1090.87,1090.33
3225.68,3791.78,5315.95,7429.09,5197.2,3772.85,3045.9,2619.84,2341.61,2145.74,2000.28,1887.85,1798.28,1725.17,1664.33,1612.89,1568.81,1530.6,1497.15,1467.63,1441.39,1417.89,1396.74,1377.6,1360.2,1344.31,1329.75,1316.36,1304,1292.57,1281.96,1272.09,1262.89,1254.3,1246.25,1238.7,1231.61,1224.93,1218.64,1212.7,1207.08,1201.76,1196.73,1191.95,1187.41,1183.09,1178.98,1175.07,1171.34,1167.78,1164.37,1161.12,1158.01,1155.04,1152.19,1149.46,1146.84,1144.32,1141.91,1139.59,1137.36,1135.22,1133.16,1131.18,1129.27,1127.43,1125.66,1123.95,1122.3,1120.72,1119.18,1117.71,1116.28,1114.9,1113.57,1112.29,1111.04,1109.85,1108.69,1107.57,1106.48,1105.44,1104.42,1103.44,1102.5,1101.58,1100.7,1099.84,1099.01,1098.21,1097.44,1096.69,1095.96,1095.26,1094.59,1093.93,1093.3,1092.69,1092.1,1091.53,1090.98
3186.91,3699.46,4963.29,7159.19,5441.47,3933.62,3146.94,2688.71,2391.88,2184.36,2031.09,1913.17,1819.56,1743.4,1680.18,1626.84,1581.21,1541.73,1507.23,1476.81,1449.79,1425.63,1403.9,1384.25,1366.4,1350.11,1335.19,1321.48,1308.84,1297.14,1286.29,1276.21,1266.81,1258.02,1249.81,1242.1,1234.86,1228.05,1221.63,1215.57,1209.84,1204.42,1199.29,1194.42,1189.79,1185.4,1181.21,1177.22,1173.42,1169.8,1166.33,1163.03,1159.86,1156.83,1153.93,1151.15,1148.48,1145.92,1143.47,1141.11,1138.84,1136.66,1134.57,1132.55,1130.61,1128.73,1126.93,1125.19,1123.52,1121.9,1120.35,1118.84,1117.39,1115.99,1114.64,1113.33,1112.06,1110.84,1109.66,1108.52,1107.42,1106.36,1105.33,1104.33,1103.37,1102.43,1101.53,1100.66,1099.82,1099,1098.21,1097.45,1096.71,1096,1095.31,1094.64,1094,1093.38,1092.78,1092.2,1091.64
3150.84,3618.18,4687.64,6769.8,5649.6,4096.05,3251,2759.67,2443.53,2223.9,2062.55,1938.95,1841.19,1761.88,1696.22,1640.94,1593.75,1552.97,1517.38,1486.05,1458.25,1433.41,1411.09,1390.93,1372.63,1355.93,1340.66,1326.62,1313.68,1301.72,1290.63,1280.32,1270.72,1261.76,1253.37,1245.5,1238.12,1231.17,1224.62,1218.45,1212.61,1207.09,1201.85,1196.89,1192.18,1187.7,1183.44,1179.38,1175.51,1171.82,1168.29,1164.92,1161.7,1158.62,1155.67,1152.84,1150.13,1147.52,1145.02,1142.62,1140.32,1138.1,1135.97,1133.92,1131.94,1130.04,1128.2,1126.44,1124.73,1123.09,1121.51,1119.98,1118.5,1117.07,1115.7,1114.37,1113.08,1111.84,1110.64,1109.48,1108.36,1107.28,1106.23,1105.21,1104.23,1103.28,1102.37,1101.48,1100.62,1099.79,1098.99,1098.21,1097.46,1096.73,1096.03,1095.35,1094.7,1094.06,1093.45,1092.86,1092.29
3117.14,3545.85,4466.18,6342.69,5804.67,4256.84,3357.4,2832.52,2496.47,2264.33,2094.64,1965.19,1863.16,1780.63,1712.46,1655.2,1606.4,1564.3,1527.61,1495.35,1466.76,1441.24,1418.33,1397.64,1378.88,1361.78,1346.13,1331.77,1318.54,1306.31,1294.98,1284.45,1274.65,1265.49,1256.93,1248.91,1241.37,1234.29,1227.62,1221.32,1215.37,1209.75,1204.42,1199.36,1194.56,1190,1185.66,1181.53,1177.59,1173.84,1170.25,1166.82,1163.54,1160.41,1157.4,1154.53,1151.77,1149.12,1146.58,1144.14,1141.79,1139.54,1137.37,1135.28,1133.27,1131.34,1129.47,1127.68,1125.95,1124.28,1122.66,1121.11,1119.61,1118.16,1116.76,1115.41,1114.1,1112.84,1111.62,1110.44,1109.3,1108.19,1107.13,1106.1,1105.1,1104.13,1103.2,1102.3,1101.42,1100.58,1099.76,1098.97,1098.21,1097.47,1096.75,1096.06,1095.39,1094.75,1094.12,1093.52,1092.94
3085.57,3480.9,4284.03,5932.75,5893.35,4411.86,3465.25,2907.01,2550.62,2305.61,2127.32,1991.86,1885.44,1799.61,1728.89,1669.61,1619.17,1575.73,1537.92,1504.72,1475.32,1449.11,1425.59,1404.38,1385.15,1367.64,1351.63,1336.94,1323.41,1310.91,1299.33,1288.58,1278.57,1269.23,1260.5,1252.32,1244.64,1237.41,1230.61,1224.2,1218.14,1212.41,1206.98,1201.83,1196.95,1192.3,1187.89,1183.68,1179.68,1175.85,1172.2,1168.72,1165.38,1162.19,1159.14,1156.21,1153.41,1150.72,1148.13,1145.65,1143.27,1140.97,1138.77,1136.65,1134.61,1132.64,1130.74,1128.92,1127.16,1125.46,1123.82,1122.24,1120.71,1119.24,1117.82,1116.44,1115.11,1113.83,1112.59,1111.39,1110.23,1109.11,1108.03,1106.98,1105.96,1104.98,1104.03,1103.11,1102.22,1101.36,1100.53,1099.73,1098.95,1098.2,1097.47,1096.77,1096.09,1095.43,1094.79,1094.18,1093.58
3055.89,3422.14,4131.24,5565.54,5909.62,4556.32,3573.43,2982.81,2605.85,2347.68,2160.59,2018.95,1908.05,1818.84,1745.51,1684.16,1632.05,1587.25,1548.31,1514.14,1483.93,1457.02,1432.89,1411.15,1391.45,1373.53,1357.14,1342.12,1328.29,1315.52,1303.7,1292.72,1282.51,1272.98,1264.07,1255.73,1247.9,1240.54,1233.61,1227.07,1220.9,1215.07,1209.54,1204.3,1199.33,1194.6,1190.11,1185.83,1181.76,1177.87,1174.16,1170.61,1167.22,1163.98,1160.87,1157.9,1155.04,1152.31,1149.68,1147.16,1144.74,1142.41,1140.17,1138.01,1135.93,1133.94,1132.01,1130.15,1128.36,1126.64,1124.97,1123.37,1121.82,1120.32,1118.87,1117.48,1116.13,1114.82,1113.56,1112.34,1111.16,1110.02,1108.92,1107.86,1106.82,1105.83,1104.86,1103.93,1103.02,1102.15,1101.3,1100.49,1099.69,1098.93,1098.19,1097.47,1096.78,1096.11,1095.46,1094.83,1094.23
3027.91,3368.61,4000.93,5247.41,5856.77,4685.05,3680.57,3059.51,2662.01,2390.48,2194.38,2046.45,1930.95,1838.29,1762.3,1698.84,1645.05,1598.86,1558.76,1523.63,1492.59,1464.97,1440.23,1417.95,1397.77,1379.43,1362.67,1347.31,1333.18,1320.14,1308.07,1296.87,1286.45,1276.73,1267.64,1259.14,1251.16,1243.66,1236.6,1229.95,1223.67,1217.72,1212.1,1206.77,1201.71,1196.9,1192.33,1187.98,1183.84,1179.88,1176.11,1172.5,1169.06,1165.76,1162.6,1159.58,1156.68,1153.9,1151.23,1148.67,1146.2,1143.84,1141.56,1139.37,1137.26,1135.23,1133.27,1131.39,1129.57,1127.82,1126.13,1124.49,1122.92,1121.4,1119.93,1118.51,1117.14,1115.81,1114.53,1113.29,1112.09,1110.94,1109.82,1108.73,1107.68,1106.67,1105.69,1104.74,1103.82,1102.93,1102.07,1101.24,1100.44,1099.66,1098.9,1098.17,1097.47,1096.79,1096.13,1095.49,1094.88
3001.47,3319.56,3888.22,4975.44,5746.29,4792.98,3785.08,3136.63,2718.93,2433.91,2228.68,2074.31,1954.14,1857.96,1779.26,1713.67,1658.15,1610.55,1569.29,1533.17,1501.29,1472.95,1447.59,1424.77,1404.12,1385.35,1368.21,1352.52,1338.08,1324.77,1312.45,1301.02,1290.39,1280.48,1271.22,1262.56,1254.43,1246.79,1239.6,1232.83,1226.43,1220.38,1214.66,1209.24,1204.09,1199.2,1194.55,1190.13,1185.91,1181.89,1178.06,1174.39,1170.89,1167.54,1164.33,1161.26,1158.31,1155.49,1152.78,1150.17,1147.67,1145.27,1142.95,1140.73,1138.59,1136.52,1134.54,1132.62,1130.78,1129,1127.28,1125.62,1124.02,1122.47,1120.98,1119.54,1118.15,1116.8,1115.5,1114.24,1113.02,1111.85,1110.71,1109.61,1108.54,1107.51,1106.52,1105.55,1104.62,1103.71,1102.84,1101.99,1101.18,1100.38,1099.62,1098.88,1098.16,1097.47,1096.79,1096.15,1095.52
2976.43,3274.39,3789.54,4743.45,5594.41,4875.72,3885.16,3213.59,2776.37,2477.9,2263.42,2102.52,1977.59,1877.84,1796.38,1728.62,1671.35,1622.33,1579.88,1542.76,1510.04,1480.98,1454.99,1431.61,1410.48,1391.28,1373.77,1357.73,1342.99,1329.4,1316.83,1305.17,1294.33,1284.23,1274.8,1265.97,1257.69,1249.92,1242.6,1235.7,1229.19,1223.04,1217.22,1211.7,1206.47,1201.5,1196.77,1192.27,1187.99,1183.9,1180.01,1176.28,1172.72,1169.32,1166.06,1162.94,1159.94,1157.07,1154.32,1151.68,1149.14,1146.69,1144.34,1142.08,1139.91,1137.82,1135.8,1133.85,1131.98,1130.17,1128.43,1126.74,1125.12,1123.55,1122.03,1120.57,1119.15,1117.79,1116.47,1115.19,1113.95,1112.76,1111.6,1110.48,1109.4,1108.35,1107.34,1106.36,1105.41,1104.49,1103.61,1102.75,1101.91,1101.11,1100.33,1099.58,1098.85,1098.14,1097.46,1096.8,1096.16
2952.66,3232.58,3702.26,4544.87,5417.99,4930.21,3978.9,3289.73,2834.1,2522.32,2298.55,2131.05,2001.29,1897.91,1813.66,1743.69,1684.65,1634.18,1590.53,1552.41,1518.83,1489.03,1462.41,1438.48,1416.86,1397.24,1379.34,1362.96,1347.91,1334.04,1321.22,1309.33,1298.29,1287.99,1278.38,1269.39,1260.96,1253.04,1245.6,1238.58,1231.96,1225.7,1219.78,1214.17,1208.85,1203.79,1198.99,1194.42,1190.06,1185.91,1181.95,1178.17,1174.55,1171.09,1167.78,1164.61,1161.57,1158.66,1155.86,1153.18,1150.6,1148.12,1145.73,1143.44,1141.23,1139.1,1137.06,1135.08,1133.18,1131.34,1129.57,1127.86,1126.21,1124.62,1123.08,1121.6,1120.16,1118.77,1117.43,1116.13,1114.88,1113.66,1112.49,1111.35,1110.26,1109.19,1108.16,1107.17,1106.2,1105.27,1104.37,1103.5,1102.65,1101.83,1101.04,1100.28,1099.53,1098.82,1098.12,1097.45,1096.8
2930.05,3193.74,3624.37,4373.81,5231.45,4955.18,4064.34,3364.31,2891.83,2567.04,2334,2159.86,2025.21,1918.16,1831.07,1758.87,1698.04,1646.1,1601.24,1562.1,1527.66,1497.12,1469.86,1445.37,1423.26,1403.2,1384.92,1368.2,1352.84,1338.69,1325.61,1313.5,1302.24,1291.75,1281.96,1272.81,1264.23,1256.17,1248.59,1241.45,1234.72,1228.35,1222.33,1216.63,1211.22,1206.09,1201.2,1196.56,1192.13,1187.92,1183.89,1180.05,1176.38,1172.87,1169.51,1166.29,1163.2,1160.24,1157.4,1154.68,1152.06,1149.54,1147.12,1144.79,1142.55,1140.39,1138.31,1136.31,1134.38,1132.51,1130.72,1128.98,1127.31,1125.69,1124.13,1122.62,1121.16,1119.75,1118.39,1117.08,1115.8,1114.57,1113.38,1112.23,1111.11,1110.03,1108.99,1107.97,1107,1106.05,1105.13,1104.25,1103.39,1102.56,1101.75,1100.97,1100.22,1099.49,1098.79,1098.1,1097.44
2908.51,3157.51,3554.29,4225.33,5045.38,4951.31,4139.6,3436.53,2949.23,2611.94,2369.71,2188.9,2049.34,1938.58,1848.62,1774.16,1711.51,1658.09,1612.01,1571.84,1536.53,1505.24,1477.33,1452.28,1429.68,1409.18,1390.52,1373.44,1357.77,1343.34,1330.01,1317.66,1306.19,1295.51,1285.55,1276.23,1267.5,1259.3,1251.59,1244.33,1237.48,1231.01,1224.89,1219.09,1213.6,1208.38,1203.42,1198.7,1194.2,1189.92,1185.83,1181.93,1178.2,1174.64,1171.23,1167.96,1164.82,1161.82,1158.94,1156.17,1153.51,1150.96,1148.5,1146.14,1143.87,1141.68,1139.57,1137.53,1135.57,1133.68,1131.86,1130.1,1128.4,1126.76,1125.17,1123.64,1122.17,1120.74,1119.35,1118.02,1116.72,1115.47,1114.26,1113.09,1111.96,1110.87,1109.81,1108.78,1107.79,1106.82,1105.89,1104.99,1104.12,1103.28,1102.46,1101.67,1100.9,1100.16,1099.45,1098.75,1098.08
2887.95,3123.61,3490.82,4095.43,4866.61,4921.1,4203.04,3505.56,3005.95,2656.83,2405.59,2218.13,2073.64,1959.13,1866.29,1789.54,1725.06,1670.15,1622.82,1581.62,1545.43,1513.39,1484.83,1459.21,1436.11,1415.18,1396.12,1378.7,1362.72,1348,1334.42,1321.84,1310.15,1299.28,1289.13,1279.65,1270.76,1262.42,1254.58,1247.2,1240.24,1233.66,1227.44,1221.55,1215.97,1210.67,1205.63,1200.83,1196.27,1191.92,1187.77,1183.81,1180.03,1176.41,1172.94,1169.63,1166.45,1163.4,1160.47,1157.67,1154.97,1152.38,1149.89,1147.49,1145.18,1142.96,1140.82,1138.76,1136.77,1134.85,1133,1131.21,1129.49,1127.83,1126.22,1124.67,1123.16,1121.71,1120.31,1118.96,1117.64,1116.38,1115.15,1113.96,1112.81,1111.7,1110.62,1109.58,1108.57,1107.6,1106.65,1105.74,1104.85,1104,1103.17,1102.36,1101.59,1100.83,1100.11,1099.4,1098.72
2868.3,3091.79,3432.98,3980.91,4698.92,4868.44,4253.36,3570.51,3061.62,2701.56,2441.55,2247.51,2098.08,1979.82,1884.06,1805.01,1738.69,1682.26,1633.69,1591.44,1554.36,1521.56,1492.35,1466.16,1442.56,1421.18,1401.73,1383.96,1367.66,1352.67,1338.82,1326.01,1314.11,1303.04,1292.72,1283.07,1274.03,1265.55,1257.58,1250.07,1243,1236.31,1229.99,1224.01,1218.34,1212.95,1207.84,1202.97,1198.34,1193.92,1189.71,1185.69,1181.85,1178.17,1174.66,1171.29,1168.07,1164.97,1162.01,1159.16,1156.42,1153.79,1151.27,1148.83,1146.49,1144.24,1142.07,1139.98,1137.96,1136.01,1134.14,1132.33,1130.58,1128.89,1127.26,1125.68,1124.16,1122.69,1121.27,1119.89,1118.56,1117.28,1116.03,1114.83,1113.66,1112.53,1111.44,1110.38,1109.36,1108.37,1107.41,1106.48,1105.59,1104.72,1103.87,1103.06,1102.27,1101.5,1100.77,1100.05,1099.36
2849.48,3061.84,3379.98,3879.21,4543.96,4797.98,4289.73,3630.56,3115.82,2745.93,2477.51,2276.98,2122.63,2000.61,1901.92,1820.56,1752.37,1694.43,1644.6,1601.3,1563.32,1529.76,1499.89,1473.13,1449.02,1427.2,1407.35,1389.23,1372.62,1357.34,1343.23,1330.18,1318.07,1306.81,1296.3,1286.49,1277.3,1268.68,1260.57,1252.94,1245.75,1238.96,1232.54,1226.47,1220.7,1215.24,1210.04,1205.1,1200.4,1195.92,1191.64,1187.56,1183.66,1179.94,1176.37,1172.96,1169.68,1166.55,1163.54,1160.65,1157.87,1155.21,1152.64,1150.18,1147.8,1145.52,1143.31,1141.19,1139.15,1137.18,1135.27,1133.44,1131.66,1129.95,1128.3,1126.7,1125.16,1123.67,1122.22,1120.83,1119.48,1118.18,1116.91,1115.69,1114.51,1113.36,1112.26,1111.18,1110.15,1109.14,1108.17,1107.23,1106.32,1105.43,1104.58,1103.75,1102.95,1102.17,1101.42,1100.7,1099.99
2831.45,3033.58,3331.18,3788.26,4402.01,4714.52,4311.86,3684.9,3168.14,2789.74,2513.34,2306.49,2147.26,2021.48,1919.86,1836.17,1766.12,1706.65,1655.55,1611.18,1572.31,1537.98,1507.44,1480.1,1455.49,1433.23,1412.98,1394.51,1377.58,1362.01,1347.65,1334.36,1322.04,1310.58,1299.89,1289.91,1280.56,1271.8,1263.56,1255.81,1248.51,1241.61,1235.09,1228.92,1223.07,1217.52,1212.25,1207.23,1202.46,1197.91,1193.57,1189.43,1185.48,1181.7,1178.08,1174.62,1171.3,1168.12,1165.06,1162.13,1159.32,1156.62,1154.02,1151.52,1149.11,1146.79,1144.56,1142.41,1140.34,1138.34,1136.41,1134.55,1132.75,1131.01,1129.34,1127.72,1126.15,1124.64,1123.18,1121.76,1120.4,1119.07,1117.79,1116.55,1115.35,1114.19,1113.07,1111.98,1110.93,1109.91,1108.92,1107.97,1107.04,1106.15,1105.28,1104.44,1103.63,1102.84,1102.08,1101.34,1100.63
2814.13,3006.84,3286.05,3706.42,4272.6,4622.54,4319.99,3732.82,3218.14,2832.76,2548.95,2335.96,2171.93,2042.41,1937.86,1851.84,1779.91,1718.9,1666.53,1621.1,1581.33,1546.22,1515.01,1487.1,1461.98,1439.26,1418.62,1399.79,1382.54,1366.68,1352.06,1338.54,1326,1314.34,1303.48,1293.33,1283.83,1274.92,1266.55,1258.68,1251.26,1244.26,1237.64,1231.37,1225.43,1219.8,1214.45,1209.36,1204.52,1199.9,1195.5,1191.3,1187.29,1183.46,1179.79,1176.28,1172.91,1169.68,1166.59,1163.62,1160.77,1158.02,1155.39,1152.85,1150.41,1148.07,1145.8,1143.62,1141.52,1139.49,1137.54,1135.65,1133.83,1132.07,1130.37,1128.73,1127.14,1125.61,1124.13,1122.7,1121.31,1119.97,1118.67,1117.41,1116.2,1115.02,1113.88,1112.78,1111.71,1110.68,1109.68,1108.71,1107.77,1106.86,1105.98,1105.13,1104.31,1103.51,1102.73,1101.99,1101.26
2797.49,2981.5,3244.15,3632.34,4154.83,4525.91,4314.9,3773.75,3265.42,2874.79,2584.22,2365.34,2196.6,2063.38,1955.91,1867.56,1793.74,1731.19,1677.54,1631.04,1590.36,1554.48,1522.6,1494.1,1468.47,1445.3,1424.26,1405.07,1387.5,1371.36,1356.48,1342.72,1329.96,1318.11,1307.06,1296.74,1287.09,1278.04,1269.54,1261.55,1254.01,1246.9,1240.18,1233.82,1227.79,1222.08,1216.65,1211.48,1206.57,1201.89,1197.43,1193.17,1189.1,1185.21,1181.49,1177.93,1174.52,1171.25,1168.11,1165.1,1162.21,1159.43,1156.76,1154.19,1151.72,1149.34,1147.04,1144.83,1142.7,1140.65,1138.67,1136.76,1134.91,1133.13,1131.41,1129.74,1128.14,1126.58,1125.08,1123.63,1122.22,1120.86,1119.55,1118.27,1117.04,1115.85,1114.69,1113.58,1112.49,1111.45,1110.43,1109.45,1108.5,1107.57,1106.68,1105.82,1104.98,1104.17,1103.39,1102.63,1101.89
2781.48,2957.42,3205.11,3564.93,4047.67,4427.7,4297.78,3807.26,3309.56,2915.58,2619.01,2394.55,2221.23,2084.36,1973.98,1883.31,1807.61,1743.51,1688.58,1641,1599.41,1562.75,1530.2,1501.11,1474.97,1451.35,1429.91,1410.36,1392.47,1376.04,1360.9,1346.9,1333.93,1321.87,1310.64,1300.16,1290.35,1281.16,1272.53,1264.41,1256.76,1249.54,1242.72,1236.26,1230.15,1224.35,1218.84,1213.61,1208.62,1203.88,1199.35,1195.03,1190.91,1186.97,1183.19,1179.58,1176.13,1172.81,1169.63,1166.58,1163.65,1160.83,1158.13,1155.52,1153.02,1150.6,1148.28,1146.04,1143.88,1141.8,1139.8,1137.86,1135.99,1134.18,1132.44,1130.75,1129.12,1127.55,1126.03,1124.55,1123.13,1121.75,1120.42,1119.13,1117.88,1116.67,1115.5,1114.37,1113.27,1112.21,1111.18,1110.19,1109.22,1108.29,1107.38,1106.5,1105.66,1104.83,1104.04,1103.27,1102.52
2766.05,2934.51,3168.6,3503.27,3950.05,4330.24,4270.13,3833.1,3350.18,2954.92,2653.2,2423.53,2245.77,2105.32,1992.07,1899.08,1821.49,1755.85,1699.64,1650.98,1608.47,1571.03,1537.8,1508.13,1481.47,1457.4,1435.56,1415.65,1397.44,1380.72,1365.31,1351.08,1337.89,1325.64,1314.23,1303.57,1293.61,1284.28,1275.51,1267.27,1259.5,1252.18,1245.26,1238.71,1232.5,1226.62,1221.03,1215.72,1210.67,1205.86,1201.27,1196.89,1192.71,1188.72,1184.89,1181.24,1177.73,1174.37,1171.15,1168.06,1165.09,1162.23,1159.49,1156.85,1154.31,1151.87,1149.52,1147.25,1145.06,1142.95,1140.92,1138.96,1137.06,1135.23,1133.47,1131.76,1130.11,1128.51,1126.97,1125.48,1124.04,1122.64,1121.29,1119.99,1118.72,1117.5,1116.31,1115.16,1114.05,1112.97,1111.93,1110.92,1109.94,1109,1108.08,1107.19,1106.33,1105.5,1104.69,1103.91,1103.15
2751.18,2912.67,3134.38,3446.63,3860.95,4235.19,4233.62,3851.23,3386.96,2992.56,2686.67,2452.19,2270.19,2126.23,2010.14,1914.85,1835.39,1768.21,1710.71,1660.97,1617.55,1579.32,1545.42,1515.16,1487.98,1463.45,1441.21,1420.94,1402.41,1385.4,1369.73,1355.26,1341.85,1329.4,1317.8,1306.99,1296.87,1287.39,1278.49,1270.13,1262.25,1254.81,1247.79,1241.15,1234.86,1228.89,1223.22,1217.84,1212.72,1207.84,1203.19,1198.75,1194.51,1190.46,1186.59,1182.88,1179.33,1175.93,1172.66,1169.53,1166.52,1163.63,1160.85,1158.18,1155.61,1153.13,1150.75,1148.45,1146.24,1144.1,1142.04,1140.06,1138.14,1136.28,1134.49,1132.76,1131.09,1129.48,1127.92,1126.41,1124.94,1123.53,1122.16,1120.84,1119.56,1118.32,1117.12,1115.95,1114.83,1113.73,1112.68,1111.65,1110.66,1109.7,1108.77,1107.87,1107,1106.16,1105.34,1104.55,1103.78
2736.82,2891.82,3102.19,3394.39,3779.41,4143.63,4189.97,3861.76,3419.62,3028.3,2719.27,2480.46,2294.42,2147.06,2028.18,1930.62,1849.29,1780.57,1721.79,1670.97,1626.63,1587.62,1553.04,1522.19,1494.5,1469.51,1446.86,1426.23,1407.38,1390.07,1374.14,1359.43,1345.81,1333.16,1321.38,1310.4,1300.12,1290.5,1281.47,1272.98,1264.99,1257.44,1250.32,1243.58,1237.2,1231.15,1225.41,1219.95,1214.76,1209.82,1205.1,1200.61,1196.31,1192.21,1188.28,1184.53,1180.93,1177.48,1174.18,1171,1167.96,1165.03,1162.21,1159.51,1156.9,1154.4,1151.98,1149.66,1147.41,1145.25,1143.16,1141.15,1139.21,1137.33,1135.52,1133.77,1132.08,1130.44,1128.86,1127.33,1125.85,1124.42,1123.03,1121.69,1120.39,1119.14,1117.92,1116.74,1115.6,1114.49,1113.42,1112.39,1111.38,1110.41,1109.47,1108.56,1107.67,1106.82,1105.99,1105.18,1104.41
2722.95,2871.87,3071.86,3346.01,3704.61,4056.23,4140.83,3865.01,3447.94,3061.92,2750.87,2508.25,2318.43,2167.78,2046.17,1946.36,1863.19,1792.93,1732.87,1680.98,1635.72,1595.92,1560.66,1529.22,1501.01,1475.57,1452.51,1431.53,1412.35,1394.75,1378.56,1363.61,1349.77,1336.92,1324.96,1313.8,1303.38,1293.61,1284.45,1275.83,1267.72,1260.07,1252.85,1246.02,1239.55,1233.42,1227.59,1222.06,1216.8,1211.79,1207.01,1202.46,1198.11,1193.95,1189.97,1186.17,1182.53,1179.03,1175.68,1172.47,1169.39,1166.42,1163.57,1160.83,1158.19,1155.66,1153.21,1150.85,1148.58,1146.39,1144.28,1142.24,1140.28,1138.38,1136.54,1134.77,1133.06,1131.4,1129.8,1128.25,1126.75,1125.3,1123.9,1122.54,1121.23,1119.95,1118.72,1117.53,1116.37,1115.25,1114.17,1113.12,1112.1,1111.12,1110.16,1109.24,1108.34,1107.47,1106.63,1105.82,1105.03
2709.54,2852.77,3043.19,3301.05,3635.79,3973.32,4087.74,3861.43,3471.77,3093.24,2781.35,2535.49,2342.16,2188.36,2064.09,1962.07,1877.07,1805.29,1743.95,1690.98,1644.81,1604.22,1568.29,1536.25,1507.53,1481.63,1458.17,1436.82,1417.31,1399.43,1382.97,1367.78,1353.72,1340.67,1328.53,1317.21,1306.62,1296.72,1287.42,1278.68,1270.45,1262.7,1255.37,1248.45,1241.89,1235.68,1229.78,1224.17,1218.84,1213.76,1208.92,1204.31,1199.9,1195.69,1191.66,1187.81,1184.12,1180.58,1177.19,1173.94,1170.81,1167.81,1164.93,1162.15,1159.48,1156.91,1154.44,1152.05,1149.75,1147.54,1145.4,1143.34,1141.34,1139.42,1137.56,1135.77,1134.03,1132.36,1130.74,1129.17,1127.65,1126.18,1124.76,1123.39,1122.06,1120.77,1119.52,1118.31,1117.14,1116.01,1114.91,1113.85,1112.82,1111.82,1110.85,1109.92,1109.01,1108.13,1107.28,1106.45,1105.65
2696.57,2834.46,3016.05,3259.14,3572.28,3895.03,4032.03,3851.59,3491.04,3122.08,2810.58,2562.09,2365.55,2208.77,2081.91,1977.73,1890.91,1817.63,1755.02,1700.98,1653.9,1612.53,1575.91,1543.28,1514.04,1487.68,1463.82,1442.11,1422.28,1404.1,1387.38,1371.95,1357.67,1344.42,1332.1,1320.61,1309.87,1299.82,1290.39,1281.53,1273.18,1265.32,1257.9,1250.88,1244.23,1237.93,1231.95,1226.27,1220.87,1215.73,1210.83,1206.15,1201.69,1197.42,1193.35,1189.44,1185.71,1182.13,1178.69,1175.4,1172.24,1169.2,1166.28,1163.47,1160.77,1158.17,1155.66,1153.25,1150.92,1148.68,1146.51,1144.42,1142.41,1140.46,1138.58,1136.77,1135.01,1133.31,1131.67,1130.09,1128.55,1127.06,1125.63,1124.23,1122.89,1121.58,1120.32,1119.1,1117.91,1116.76,1115.65,1114.58,1113.53,1112.52,1111.54,1110.59,1109.68,1108.78,1107.92,1107.09,1106.28
2684,2816.88,2990.3,3219.95,3513.52,3821.29,3974.85,3836.15,3505.75,3148.3,2838.43,2587.97,2388.57,2228.96,2099.62,1993.31,1904.72,1829.94,1766.08,1710.97,1662.97,1620.82,1583.53,1550.31,1520.55,1493.74,1469.46,1447.39,1427.24,1408.77,1391.78,1376.11,1361.62,1348.17,1335.66,1324,1313.11,1302.91,1293.35,1284.37,1275.91,1267.94,1260.41,1253.3,1246.56,1240.18,1234.13,1228.37,1222.9,1217.69,1212.73,1207.99,1203.47,1199.16,1195.03,1191.08,1187.29,1183.67,1180.19,1176.86,1173.66,1170.58,1167.63,1164.78,1162.05,1159.42,1156.88,1154.44,1152.08,1149.81,1147.62,1145.51,1143.47,1141.5,1139.6,1137.76,1135.98,1134.27,1132.61,1131,1129.45,1127.94,1126.49,1125.08,1123.72,1122.4,1121.12,1119.88,1118.68,1117.52,1116.39,1115.3,1114.25,1113.22,1112.23,1111.27,1110.34,1109.44,1108.56,1107.72,1106.9
2671.82,2799.98,2965.82,3183.2,3458.99,3751.97,3917.14,3815.82,3515.99,3171.78,2864.79,2613.06,2411.15,2248.91,2117.18,2008.82,1918.48,1842.22,1777.11,1720.95,1672.04,1629.11,1591.14,1557.33,1527.05,1499.78,1475.11,1452.67,1432.19,1413.43,1396.18,1380.28,1365.56,1351.91,1339.22,1327.4,1316.35,1306.01,1296.31,1287.2,1278.63,1270.55,1262.93,1255.72,1248.9,1242.43,1236.29,1230.47,1224.93,1219.65,1214.62,1209.83,1205.26,1200.89,1196.71,1192.71,1188.88,1185.21,1181.69,1178.32,1175.08,1171.96,1168.97,1166.1,1163.33,1160.67,1158.1,1155.63,1153.25,1150.95,1148.73,1146.6,1144.53,1142.54,1140.61,1138.75,1136.96,1135.22,1133.54,1131.91,1130.34,1128.82,1127.35,1125.92,1124.54,1123.21,1121.91,1120.66,1119.45,1118.27,1117.13,1116.03,1114.96,1113.92,1112.92,1111.95,1111,1110.09,1109.21,1108.35,1107.52
2660,2783.71,2942.51,3148.66,3408.26,3686.87,3859.64,3791.31,3521.9,3192.45,2889.55,2637.27,2433.24,2268.58,2134.58,2024.22,1932.17,1854.46,1788.12,1730.9,1681.1,1637.39,1598.74,1564.35,1533.55,1505.83,1480.74,1457.95,1437.15,1418.09,1400.58,1384.43,1369.5,1355.65,1342.78,1330.78,1319.58,1309.1,1299.27,1290.04,1281.35,1273.16,1265.44,1258.13,1251.22,1244.67,1238.46,1232.56,1226.95,1221.61,1216.52,1211.67,1207.04,1202.61,1198.38,1194.33,1190.46,1186.75,1183.19,1179.77,1176.49,1173.34,1170.32,1167.41,1164.61,1161.91,1159.32,1156.82,1154.41,1152.08,1149.84,1147.68,1145.59,1143.57,1141.63,1139.75,1137.93,1136.17,1134.47,1132.82,1131.23,1129.7,1128.21,1126.76,1125.37,1124.02,1122.71,1121.44,1120.21,1119.02,1117.87,1116.75,1115.67,1114.62,1113.6,1112.62,1111.67,1110.74,1109.85,1108.98,1108.14
2648.54,2768.04,2920.27,3116.11,3360.93,3625.74,3802.94,3763.33,3523.67,3210.25,2912.64,2660.54,2454.79,2287.94,2151.79,2039.5,1945.79,1866.66,1799.09,1740.83,1690.13,1645.65,1606.34,1571.35,1540.04,1511.86,1486.37,1463.22,1442.09,1422.75,1404.97,1388.58,1373.43,1359.39,1346.33,1334.17,1322.81,1312.18,1302.22,1292.86,1284.06,1275.77,1267.94,1260.54,1253.55,1246.91,1240.62,1234.65,1228.97,1223.56,1218.41,1213.5,1208.81,1204.33,1200.05,1195.96,1192.04,1188.28,1184.68,1181.22,1177.91,1174.72,1171.66,1168.71,1165.88,1163.16,1160.53,1158,1155.56,1153.21,1150.95,1148.76,1146.65,1144.61,1142.64,1140.73,1138.89,1137.12,1135.4,1133.73,1132.13,1130.57,1129.06,1127.6,1126.19,1124.82,1123.5,1122.22,1120.97,1119.77,1118.6,1117.47,1116.38,1115.32,1114.29,1113.29,1112.33,1111.39,1110.48,1109.61,1108.75
2637.4,2752.93,2899.03,3085.38,3316.67,3568.33,3747.45,3732.56,3521.57,3225.16,2933.96,2682.78,2475.76,2306.95,2168.79,2054.65,1959.32,1878.79,1810.03,1750.73,1699.15,1653.9,1613.91,1578.35,1546.52,1517.89,1492,1468.48,1447.03,1427.4,1409.36,1392.73,1377.36,1363.11,1349.88,1337.54,1326.03,1315.26,1305.17,1295.69,1286.77,1278.37,1270.44,1262.95,1255.86,1249.15,1242.78,1236.73,1230.98,1225.51,1220.3,1215.33,1210.58,1206.05,1201.72,1197.58,1193.61,1189.81,1186.17,1182.67,1179.32,1176.09,1173,1170.02,1167.15,1164.4,1161.74,1159.18,1156.72,1154.34,1152.05,1149.83,1147.7,1145.64,1143.65,1141.72,1139.86,1138.06,1136.32,1134.64,1133.01,1131.44,1129.92,1128.44,1127.01,1125.63,1124.29,1122.99,1121.73,1120.52,1119.34,1118.19,1117.09,1116.01,1114.97,1113.96,1112.99,1112.04,1111.12,1110.23,1109.37
2626.58,2738.35,2878.71,3056.29,3275.18,3514.38,3693.49,3699.61,3515.9,3237.21,2953.46,2703.94,2496.08,2325.57,2185.54,2069.65,1972.75,1890.85,1820.91,1760.6,1708.14,1662.12,1621.48,1585.33,1552.99,1523.9,1497.61,1473.73,1451.96,1432.04,1413.73,1396.87,1381.28,1366.84,1353.42,1340.92,1329.25,1318.34,1308.11,1298.5,1289.47,1280.97,1272.94,1265.35,1258.18,1251.38,1244.93,1238.81,1232.99,1227.46,1222.18,1217.15,1212.35,1207.77,1203.39,1199.19,1195.18,1191.34,1187.65,1184.12,1180.72,1177.46,1174.33,1171.32,1168.42,1165.63,1162.95,1160.36,1157.87,1155.47,1153.15,1150.91,1148.75,1146.67,1144.65,1142.71,1140.82,1139.01,1137.25,1135.55,1133.9,1132.31,1130.77,1129.28,1127.83,1126.43,1125.08,1123.77,1122.49,1121.26,1120.07,1118.91,1117.79,1116.71,1115.65,1114.63,1113.64,1112.69,1111.76,1110.86,1109.99
2616.06,2724.26,2859.25,3028.7,3236.21,3463.64,3641.27,3665.05,3506.95,3246.44,2971.09,2723.96,2515.72,2343.77,2202.04,2084.48,1986.07,1902.84,1831.74,1770.43,1717.09,1670.33,1629.02,1592.29,1559.45,1529.91,1503.21,1478.98,1456.89,1436.67,1418.1,1401,1385.2,1370.55,1356.95,1344.28,1332.46,1321.4,1311.04,1301.32,1292.17,1283.56,1275.43,1267.75,1260.49,1253.61,1247.08,1240.89,1235,1229.4,1224.06,1218.97,1214.12,1209.48,1205.05,1200.81,1196.75,1192.86,1189.13,1185.56,1182.13,1178.83,1175.66,1172.62,1169.69,1166.87,1164.16,1161.54,1159.02,1156.59,1154.24,1151.98,1149.8,1147.69,1145.65,1143.69,1141.79,1139.95,1138.17,1136.45,1134.79,1133.18,1131.62,1130.11,1128.65,1127.23,1125.86,1124.54,1123.25,1122.01,1120.8,1119.63,1118.5,1117.4,1116.33,1115.3,1114.3,1113.33,1112.39,1111.48,1110.6
2605.82,2710.64,2840.58,3002.5,3199.51,3415.87,3590.91,3629.38,3495.09,3252.93,2986.82,2742.79,2534.63,2361.53,2218.25,2099.13,1999.26,1914.74,1842.51,1780.21,1726.02,1678.5,1636.54,1599.24,1565.89,1535.9,1508.81,1484.21,1461.8,1441.29,1422.47,1405.13,1389.1,1374.26,1360.48,1347.64,1335.67,1324.47,1313.98,1304.13,1294.87,1286.14,1277.92,1270.15,1262.79,1255.83,1249.23,1242.96,1237,1231.33,1225.94,1220.79,1215.88,1211.19,1206.71,1202.42,1198.31,1194.38,1190.61,1187,1183.53,1180.2,1176.99,1173.91,1170.95,1168.1,1165.36,1162.71,1160.17,1157.71,1155.34,1153.05,1150.85,1148.72,1146.66,1144.67,1142.75,1140.89,1139.09,1137.35,1135.67,1134.04,1132.47,1130.94,1129.47,1128.04,1126.65,1125.31,1124.01,1122.75,1121.53,1120.35,1119.2,1118.09,1117.01,1115.97,1114.96,1113.98,1113.03,1112.1,1111.21
2595.85,2697.46,2822.65,2977.57,3164.89,3370.85,3542.49,3593.02,3480.63,3256.79,3000.63,2760.38,2552.77,2378.8,2234.16,2113.57,2012.32,1926.54,1853.2,1789.94,1734.9,1686.65,1644.04,1606.17,1572.31,1541.88,1514.39,1489.44,1466.7,1445.91,1426.82,1409.24,1393.01,1377.97,1364,1351,1338.87,1327.53,1316.9,1306.93,1297.55,1288.73,1280.4,1272.53,1265.1,1258.05,1251.37,1245.03,1239,1233.27,1227.81,1222.6,1217.64,1212.89,1208.36,1204.02,1199.87,1195.9,1192.09,1188.43,1184.93,1181.56,1178.32,1175.21,1172.21,1169.33,1166.56,1163.89,1161.31,1158.83,1156.43,1154.12,1151.89,1149.74,1147.66,1145.65,1143.7,1141.82,1140.01,1138.25,1136.55,1134.91,1133.31,1131.77,1130.28,1128.83,1127.43,1126.08,1124.76,1123.49,1122.26,1121.06,1119.9,1118.78,1117.69,1116.63,1115.61,1114.62,1113.66,1112.73,1111.82
2586.14,2684.69,2805.42,2953.81,3132.17,3328.37,3496.03,3556.34,3463.93,3258.13,3012.52,2776.7,2570.1,2395.56,2249.73,2127.79,2025.22,1938.24,1863.83,1799.61,1743.74,1694.76,1651.51,1613.07,1578.72,1547.84,1519.95,1494.65,1471.6,1450.51,1431.16,1413.35,1396.9,1381.66,1367.51,1354.34,1342.06,1330.58,1319.82,1309.73,1300.24,1291.3,1282.88,1274.92,1267.39,1260.26,1253.51,1247.09,1241,1235.2,1229.67,1224.41,1219.39,1214.59,1210.01,1205.63,1201.43,1197.41,1193.56,1189.87,1186.32,1182.92,1179.64,1176.5,1173.47,1170.56,1167.76,1165.06,1162.45,1159.94,1157.52,1155.19,1152.93,1150.76,1148.65,1146.62,1144.66,1142.76,1140.92,1139.15,1137.43,1135.77,1134.16,1132.6,1131.09,1129.63,1128.22,1126.84,1125.52,1124.23,1122.98,1121.77,1120.6,1119.47,1118.36,1117.3,1116.26,1115.26,1114.29,1113.34,1112.43
2576.68,2672.32,2788.83,2931.13,3101.18,3288.24,3451.52,3519.63,3445.31,3257.12,3022.51,2791.72,2586.58,2411.77,2264.95,2141.78,2037.97,1949.83,1874.37,1809.22,1752.53,1702.83,1658.95,1619.95,1585.1,1553.78,1525.5,1499.84,1476.48,1455.11,1435.5,1417.45,1400.78,1385.35,1371.02,1357.68,1345.25,1333.62,1322.73,1312.52,1302.91,1293.87,1285.35,1277.3,1269.68,1262.47,1255.64,1249.15,1242.99,1237.12,1231.54,1226.22,1221.14,1216.29,1211.66,1207.23,1202.99,1198.92,1195.03,1191.3,1187.71,1184.27,1180.96,1177.79,1174.73,1171.79,1168.95,1166.22,1163.59,1161.06,1158.61,1156.25,1153.97,1151.77,1149.65,1147.6,1145.61,1143.69,1141.84,1140.04,1138.31,1136.63,1135,1133.43,1131.9,1130.43,1129,1127.61,1126.27,1124.97,1123.71,1122.48,1121.3,1120.15,1119.04,1117.96,1116.91,1115.9,1114.92,1113.96,1113.04
2567.46,2660.32,2772.85,2909.45,3071.78,3250.27,3408.92,3483.16,3425.08,3253.9,3030.64,2805.42,2602.2,2427.42,2279.79,2155.51,2050.54,1961.29,1884.82,1818.77,1761.28,1710.86,1666.35,1626.81,1591.46,1559.71,1531.03,1505.03,1481.34,1459.69,1439.82,1421.54,1404.65,1389.02,1374.52,1361.02,1348.43,1336.66,1325.64,1315.3,1305.58,1296.44,1287.81,1279.67,1271.97,1264.68,1257.77,1251.21,1244.97,1239.04,1233.4,1228.02,1222.88,1217.98,1213.3,1208.82,1204.54,1200.43,1196.5,1192.72,1189.1,1185.62,1182.28,1179.07,1175.98,1173.01,1170.14,1167.39,1164.73,1162.17,1159.7,1157.31,1155.01,1152.79,1150.64,1148.57,1146.56,1144.62,1142.75,1140.94,1139.18,1137.49,1135.84,1134.25,1132.71,1131.22,1129.77,1128.37,1127.02,1125.7,1124.43,1123.19,1122,1120.84,1119.71,1118.62,1117.56,1116.54,1115.54,1114.58,1113.65
2558.47,2648.67,2757.44,2888.7,3043.85,3214.3,3368.18,3447.11,3403.53,3248.65,3036.95,2817.79,2616.91,2442.47,2294.23,2168.98,2062.92,1972.62,1895.17,1828.24,1769.96,1718.85,1673.73,1633.63,1597.8,1565.61,1536.55,1510.19,1486.2,1464.26,1444.14,1425.62,1408.52,1392.69,1378.01,1364.34,1351.6,1339.69,1328.54,1318.08,1308.25,1299,1290.27,1282.04,1274.25,1266.88,1259.89,1253.26,1246.95,1240.96,1235.25,1229.81,1224.63,1219.67,1214.94,1210.41,1206.08,1201.93,1197.96,1194.15,1190.49,1186.97,1183.6,1180.35,1177.23,1174.23,1171.33,1168.55,1165.86,1163.28,1160.78,1158.37,1156.04,1153.8,1151.63,1149.54,1147.51,1145.55,1143.66,1141.83,1140.06,1138.34,1136.68,1135.07,1133.52,1132.01,1130.55,1129.14,1127.77,1126.44,1125.15,1123.9,1122.69,1121.52,1120.38,1119.28,1118.21,1117.18,1116.17,1115.2,1114.25
2549.69,2637.37,2742.56,2868.81,3017.27,3180.18,3329.22,3411.65,3380.92,3241.53,3041.49,2828.83,2630.7,2456.9,2308.26,2182.16,2075.11,1983.8,1905.42,1837.64,1778.59,1726.8,1681.06,1640.42,1604.11,1571.49,1542.05,1515.34,1491.03,1468.81,1448.44,1429.68,1412.37,1396.35,1381.49,1367.66,1354.76,1342.71,1331.43,1320.85,1310.91,1301.55,1292.73,1284.4,1276.52,1269.07,1262.01,1255.3,1248.93,1242.87,1237.1,1231.61,1226.36,1221.36,1216.58,1212,1207.63,1203.44,1199.42,1195.57,1191.87,1188.32,1184.91,1181.63,1178.48,1175.44,1172.52,1169.71,1167,1164.38,1161.86,1159.43,1157.08,1154.81,1152.62,1150.5,1148.46,1146.48,1144.57,1142.72,1140.93,1139.2,1137.52,1135.9,1134.32,1132.8,1131.33,1129.9,1128.51,1127.17,1125.87,1124.61,1123.39,1122.2,1121.05,1119.94,1118.86,1117.81,1116.8,1115.81,1114.86
2541.11,2626.38,2728.19,2849.73,2991.94,3147.78,3291.99,3376.89,3357.49,3232.74,3044.35,2838.54,2643.56,2470.69,2321.85,2195.04,2087.08,1994.84,1915.56,1846.95,1787.15,1734.69,1688.35,1647.18,1610.4,1577.35,1547.52,1520.48,1495.86,1473.36,1452.72,1433.74,1416.22,1400,1384.96,1370.96,1357.92,1345.73,1334.32,1323.62,1313.56,1304.1,1295.18,1286.76,1278.79,1271.26,1264.12,1257.34,1250.9,1244.78,1238.95,1233.4,1228.1,1223.04,1218.21,1213.59,1209.17,1204.93,1200.87,1196.98,1193.25,1189.66,1186.22,1182.91,1179.72,1176.66,1173.71,1170.86,1168.12,1165.48,1162.94,1160.48,1158.11,1155.82,1153.6,1151.47,1149.4,1147.4,1145.47,1143.6,1141.8,1140.05,1138.35,1136.71,1135.13,1133.59,1132.1,1130.65,1129.26,1127.9,1126.59,1125.31,1124.08,1122.88,1121.72,1120.59,1119.5,1118.45,1117.42,1116.42,1115.46
2532.74,2615.69,2714.3,2831.4,2967.77,3116.97,3256.4,3342.94,3333.47,3222.44,3045.59,2846.95,2655.46,2483.82,2335,2207.6,2098.84,2005.72,1925.58,1856.17,1795.65,1742.53,1695.61,1653.91,1616.65,1583.18,1552.98,1525.59,1500.66,1477.88,1457,1437.78,1420.05,1403.64,1388.42,1374.26,1361.07,1348.74,1337.2,1326.37,1316.21,1306.64,1297.62,1289.11,1281.06,1273.44,1266.22,1259.38,1252.87,1246.68,1240.79,1235.18,1229.83,1224.72,1219.84,1215.17,1210.7,1206.42,1202.33,1198.4,1194.62,1191,1187.52,1184.18,1180.96,1177.87,1174.89,1172.02,1169.25,1166.58,1164.01,1161.53,1159.14,1156.82,1154.59,1152.43,1150.34,1148.33,1146.38,1144.49,1142.66,1140.9,1139.19,1137.53,1135.93,1134.37,1132.87,1131.41,1130,1128.63,1127.3,1126.02,1124.77,1123.56,1122.39,1121.25,1120.15,1119.08,1118.04,1117.04,1116.06
2524.56,2605.3,2700.85,2813.78,2944.67,3087.63,3222.36,3309.84,3309.04,3210.8,3045.31,2854.06,2666.41,2496.28,2347.67,2219.84,2110.36,2016.43,1935.47,1865.3,1804.07,1750.31,1702.81,1660.6,1622.87,1588.99,1558.41,1530.68,1505.45,1482.4,1461.26,1441.81,1423.87,1407.27,1391.87,1377.55,1364.2,1351.74,1340.07,1329.12,1318.84,1309.17,1300.06,1291.45,1283.32,1275.62,1268.33,1261.41,1254.83,1248.58,1242.63,1236.96,1231.55,1226.39,1221.46,1216.75,1212.23,1207.91,1203.77,1199.81,1196,1192.34,1188.83,1185.45,1182.2,1179.07,1176.07,1173.17,1170.37,1167.68,1165.08,1162.58,1160.16,1157.83,1155.57,1153.39,1151.28,1149.25,1147.28,1145.37,1143.53,1141.75,1140.02,1138.35,1136.73,1135.16,1133.64,1132.17,1130.74,1129.36,1128.02,1126.72,1125.46,1124.24,1123.05,1121.9,1120.79,1119.71,1118.66,1117.65,1116.66
2516.57,2595.18,2687.83,2796.81,2922.56,3059.66,3189.81,3277.65,3284.37,3198,3043.59,2859.92,2676.41,2508.06,2359.86,2231.74,2121.63,2026.96,1945.24,1874.33,1812.41,1758.03,1709.97,1667.24,1629.06,1594.77,1563.81,1535.76,1510.22,1486.89,1465.5,1445.83,1427.68,1410.89,1395.31,1380.83,1367.33,1354.73,1342.93,1331.87,1321.48,1311.7,1302.49,1293.79,1285.57,1277.79,1270.42,1263.43,1256.79,1250.47,1244.46,1238.74,1233.27,1228.06,1223.08,1218.32,1213.76,1209.4,1205.22,1201.21,1197.37,1193.67,1190.12,1186.71,1183.44,1180.28,1177.24,1174.31,1171.49,1168.78,1166.15,1163.62,1161.18,1158.83,1156.55,1154.35,1152.22,1150.17,1148.18,1146.25,1144.39,1142.59,1140.85,1139.16,1137.53,1135.94,1134.41,1132.92,1131.48,1130.08,1128.73,1127.42,1126.15,1124.91,1123.72,1122.56,1121.43,1120.34,1119.28,1118.26,1117.26
2508.75,2585.33,2675.22,2780.46,2901.38,3032.97,3158.67,3246.4,3259.59,3184.18,3040.53,2864.55,2685.44,2519.14,2371.56,2243.29,2132.66,2037.31,1954.87,1883.25,1820.68,1765.69,1717.07,1673.85,1635.22,1600.52,1569.2,1540.81,1514.97,1491.37,1469.73,1449.83,1431.48,1414.5,1398.75,1384.1,1370.46,1357.71,1345.78,1334.6,1324.1,1314.22,1304.91,1296.12,1287.82,1279.96,1272.51,1265.45,1258.74,1252.36,1246.29,1240.51,1234.99,1229.73,1224.7,1219.89,1215.29,1210.88,1206.66,1202.61,1198.73,1195,1191.42,1187.98,1184.67,1181.48,1178.41,1175.46,1172.61,1169.87,1167.22,1164.67,1162.2,1159.82,1157.53,1155.3,1153.16,1151.08,1149.07,1147.13,1145.25,1143.44,1141.68,1139.97,1138.32,1136.72,1135.17,1133.67,1132.22,1130.81,1129.44,1128.12,1126.83,1125.59,1124.38,1123.21,1122.07,1120.97,1119.9,1118.86,1117.86
2501.1,2575.73,2662.98,2764.7,2881.07,3007.46,3128.85,3216.09,3234.84,3169.51,3036.23,2868,2693.54,2529.51,2382.74,2254.47,2143.42,2047.46,1964.35,1892.07,1828.86,1773.28,1724.12,1680.41,1641.34,1606.23,1574.55,1545.84,1519.7,1495.83,1473.95,1453.82,1435.26,1418.09,1402.17,1387.36,1373.57,1360.68,1348.63,1337.33,1326.72,1316.73,1307.33,1298.45,1290.06,1282.12,1274.6,1267.46,1260.69,1254.25,1248.11,1242.27,1236.7,1231.39,1226.31,1221.45,1216.81,1212.36,1208.1,1204.01,1200.09,1196.33,1192.71,1189.24,1185.9,1182.68,1179.58,1176.6,1173.73,1170.96,1168.29,1165.71,1163.22,1160.82,1158.5,1156.26,1154.09,1152,1149.97,1148.01,1146.11,1144.28,1142.5,1140.78,1139.12,1137.5,1135.94,1134.42,1132.95,1131.53,1130.15,1128.81,1127.52,1126.26,1125.04,1123.86,1122.71,1121.6,1120.52,1119.47,1118.45
2493.61,2566.37,2651.11,2749.48,2861.57,2983.06,3100.29,3186.73,3210.22,3154.11,3030.79,2870.31,2700.69,2539.18,2393.42,2265.28,2153.91,2057.41,1973.69,1900.77,1836.95,1780.79,1731.11,1686.92,1647.42,1611.92,1579.88,1550.84,1524.41,1500.27,1478.14,1457.8,1439.03,1421.67,1405.58,1390.61,1376.67,1363.65,1351.47,1340.05,1329.33,1319.24,1309.74,1300.77,1292.29,1284.28,1276.68,1269.47,1262.63,1256.12,1249.93,1244.03,1238.41,1233.04,1227.92,1223.01,1218.33,1213.84,1209.53,1205.41,1201.45,1197.65,1194,1190.5,1187.12,1183.88,1180.75,1177.74,1174.84,1172.05,1169.35,1166.75,1164.24,1161.81,1159.47,1157.21,1155.02,1152.91,1150.86,1148.89,1146.97,1145.12,1143.33,1141.59,1139.91,1138.28,1136.7,1135.17,1133.69,1132.25,1130.86,1129.51,1128.2,1126.93,1125.7,1124.5,1123.35,1122.22,1121.13,1120.08,1119.05
2486.29,2557.24,2639.58,2734.77,2842.83,2959.7,3072.92,3158.3,3185.81,3138.12,3024.31,2871.54,2706.93,2548.14,2403.57,2275.71,2164.12,2067.16,1982.86,1909.35,1844.94,1788.24,1738.05,1693.39,1653.45,1617.57,1585.18,1555.82,1529.1,1504.69,1482.32,1461.76,1442.79,1425.24,1408.97,1393.85,1379.76,1366.61,1354.3,1342.76,1331.93,1321.74,1312.14,1303.08,1294.52,1286.42,1278.75,1271.48,1264.57,1258,1251.75,1245.79,1240.11,1234.7,1229.52,1224.57,1219.84,1215.31,1210.96,1206.8,1202.81,1198.97,1195.29,1191.75,1188.34,1185.07,1181.92,1178.88,1175.95,1173.13,1170.41,1167.78,1165.25,1162.8,1160.44,1158.16,1155.95,1153.82,1151.75,1149.76,1147.83,1145.96,1144.15,1142.39,1140.7,1139.05,1137.46,1135.92,1134.42,1132.97,1131.57,1130.2,1128.88,1127.6,1126.36,1125.15,1123.98,1122.85,1121.75,1120.68,1119.64
2479.11,2548.34,2628.38,2720.56,2824.79,2937.3,3046.67,3130.8,3161.69,3121.65,3016.88,2871.73,2712.26,2556.39,2413.19,2285.75,2174.05,2076.69,1991.88,1917.8,1852.85,1795.61,1744.92,1699.81,1659.45,1623.19,1590.45,1560.77,1533.76,1509.1,1486.49,1465.7,1446.53,1428.8,1412.36,1397.08,1382.84,1369.55,1357.12,1345.46,1334.52,1324.23,1314.53,1305.39,1296.74,1288.57,1280.82,1273.47,1266.5,1259.87,1253.56,1247.54,1241.81,1236.34,1231.12,1226.13,1221.35,1216.77,1212.39,1208.19,1204.16,1200.29,1196.57,1193,1189.56,1186.26,1183.08,1180.01,1177.06,1174.21,1171.47,1168.82,1166.26,1163.79,1161.41,1159.1,1156.88,1154.72,1152.64,1150.63,1148.68,1146.79,1144.97,1143.2,1141.49,1139.83,1138.22,1136.66,1135.15,1133.69,1132.27,1130.89,1129.56,1128.27,1127.01,1125.8,1124.61,1123.47,1122.36,1121.28,1120.24
2472.09,2539.64,2617.49,2706.8,2807.43,2915.81,3021.47,3104.21,3137.91,3104.8,3008.6,2870.95,2716.72,2563.94,2422.27,2295.39,2183.67,2086,2000.73,1926.13,1860.65,1802.9,1751.73,1706.17,1665.41,1628.76,1595.69,1565.7,1538.41,1513.48,1490.63,1469.62,1450.25,1432.34,1415.73,1400.29,1385.91,1372.49,1359.93,1348.16,1337.11,1326.71,1316.92,1307.69,1298.96,1290.7,1282.88,1275.47,1268.42,1261.73,1255.36,1249.29,1243.51,1237.99,1232.71,1227.67,1222.85,1218.24,1213.81,1209.57,1205.51,1201.6,1197.85,1194.25,1190.78,1187.45,1184.23,1181.14,1178.16,1175.29,1172.52,1169.85,1167.27,1164.78,1162.37,1160.05,1157.8,1155.63,1153.53,1151.5,1149.53,1147.63,1145.79,1144,1142.27,1140.6,1138.98,1137.41,1135.88,1134.4,1132.97,1131.58,1130.24,1128.93,1127.67,1126.44,1125.25,1124.09,1122.97,1121.88,1120.83
2465.2,2531.15,2606.9,2693.48,2790.69,2895.16,2997.28,3078.5,3114.53,3087.68,2999.56,2869.25,2720.32,2570.79,2430.82,2304.62,2193,2095.09,2009.4,1934.33,1868.34,1810.1,1758.47,1712.48,1671.31,1634.31,1600.89,1570.59,1543.02,1517.84,1494.76,1473.53,1453.96,1435.87,1419.09,1403.5,1388.97,1375.41,1362.73,1350.84,1339.68,1329.19,1319.3,1309.98,1301.17,1292.83,1284.94,1277.45,1270.34,1263.59,1257.16,1251.03,1245.2,1239.63,1234.3,1229.22,1224.35,1219.7,1215.23,1210.96,1206.85,1202.91,1199.13,1195.49,1191.99,1188.63,1185.39,1182.27,1179.26,1176.37,1173.57,1170.88,1168.27,1165.76,1163.34,1160.99,1158.72,1156.53,1154.41,1152.36,1150.38,1148.46,1146.6,1144.8,1143.06,1141.37,1139.73,1138.15,1136.61,1135.12,1133.67,1132.27,1130.92,1129.6,1128.32,1127.08,1125.88,1124.71,1123.58,1122.48,1121.42
2458.45,2522.86,2596.59,2680.57,2774.54,2875.32,2974.03,3053.66,3091.57,3070.37,2989.85,2866.69,2723.1,2576.96,2438.83,2313.45,2202.02,2103.94,2017.9,1942.39,1875.93,1817.23,1765.14,1718.73,1677.17,1639.81,1606.06,1575.46,1547.61,1522.17,1498.86,1477.42,1457.66,1439.38,1422.43,1406.69,1392.02,1378.33,1365.52,1353.52,1342.25,1331.66,1321.68,1312.26,1303.37,1294.96,1286.99,1279.43,1272.26,1265.44,1258.95,1252.77,1246.88,1241.26,1235.89,1230.76,1225.85,1221.15,1216.65,1212.33,1208.19,1204.22,1200.4,1196.73,1193.2,1189.81,1186.54,1183.4,1180.36,1177.44,1174.62,1171.9,1169.28,1166.74,1164.3,1161.93,1159.64,1157.43,1155.3,1153.23,1151.23,1149.29,1147.42,1145.6,1143.84,1142.14,1140.49,1138.89,1137.34,1135.83,1134.37,1132.96,1131.59,1130.26,1128.97,1127.72,1126.51,1125.33,1124.19,1123.08,1122.01
2451.83,2514.75,2586.55,2668.05,2758.94,2856.22,2951.67,3029.64,3069.06,3052.94,2979.55,2863.32,2725.09,2582.45,2446.3,2321.87,2210.72,2112.55,2026.22,1950.3,1883.41,1824.26,1771.74,1724.92,1682.99,1645.27,1611.2,1580.3,1552.18,1526.49,1502.94,1481.3,1461.33,1442.88,1425.77,1409.87,1395.06,1381.23,1368.3,1356.19,1344.81,1334.12,1324.04,1314.54,1305.56,1297.07,1289.03,1281.41,1274.17,1267.29,1260.74,1254.5,1248.56,1242.89,1237.47,1232.3,1227.34,1222.6,1218.06,1213.71,1209.53,1205.52,1201.67,1197.97,1194.41,1190.99,1187.69,1184.52,1181.46,1178.51,1175.67,1172.93,1170.28,1167.72,1165.25,1162.87,1160.56,1158.33,1156.18,1154.09,1152.07,1150.12,1148.23,1146.4,1144.62,1142.9,1141.24,1139.62,1138.06,1136.54,1135.07,1133.65,1132.26,1130.92,1129.62,1128.36,1127.14,1125.95,1124.8,1123.68,1122.59
2445.34,2506.83,2576.77,2655.91,2743.88,2837.83,2930.15,3006.42,3047.03,3035.46,2968.73,2859.21,2726.32,2587.27,2453.24,2329.87,2219.11,2120.92,2034.35,1958.07,1890.77,1831.2,1778.27,1731.05,1688.75,1650.68,1616.29,1585.11,1556.72,1530.78,1507.01,1485.15,1465,1446.36,1429.09,1413.03,1398.08,1384.13,1371.07,1358.84,1347.36,1336.57,1326.4,1316.81,1307.75,1299.18,1291.07,1283.38,1276.07,1269.13,1262.52,1256.23,1250.24,1244.51,1239.05,1233.83,1228.83,1224.05,1219.47,1215.08,1210.86,1206.82,1202.94,1199.2,1195.62,1192.16,1188.84,1185.64,1182.55,1179.58,1176.71,1173.95,1171.28,1168.7,1166.21,1163.8,1161.48,1159.23,1157.05,1154.95,1152.92,1150.94,1149.04,1147.19,1145.4,1143.67,1141.99,1140.36,1138.78,1137.25,1135.77,1134.33,1132.94,1131.58,1130.27,1129,1127.76,1126.56,1125.4,1124.27,1123.18
2438.97,2499.07,2567.24,2644.11,2729.31,2820.1,2909.43,2983.98,3025.49,3018,2957.47,2854.42,2726.83,2591.45,2459.65,2337.45,2227.17,2129.05,2042.29,1965.7,1898.01,1838.04,1784.72,1737.12,1694.46,1656.06,1621.36,1589.88,1561.23,1535.04,1511.05,1488.98,1468.64,1449.83,1432.39,1416.19,1401.09,1387.01,1373.83,1361.49,1349.9,1339.01,1328.75,1319.07,1309.93,1301.29,1293.1,1285.34,1277.97,1270.96,1264.3,1257.95,1251.91,1246.13,1240.62,1235.35,1230.32,1225.49,1220.87,1216.44,1212.2,1208.12,1204.2,1200.44,1196.82,1193.33,1189.98,1186.75,1183.64,1180.65,1177.75,1174.96,1172.27,1169.67,1167.16,1164.73,1162.39,1160.12,1157.93,1155.81,1153.76,1151.77,1149.85,1147.98,1146.18,1144.43,1142.74,1141.09,1139.5,1137.96,1136.46,1135.01,1133.61,1132.24,1130.92,1129.63,1128.39,1127.18,1126.01,1124.87,1123.76
2432.73,2491.49,2557.95,2632.66,2715.2,2803,2889.46,2962.28,3004.45,3000.59,2945.84,2849,2726.64,2595,2465.54,2344.62,2234.91,2136.92,2050.03,1973.17,1905.14,1844.79,1791.09,1743.13,1700.11,1661.38,1626.38,1594.62,1565.71,1539.29,1515.07,1492.8,1472.26,1453.28,1435.68,1419.32,1404.09,1389.88,1376.58,1364.13,1352.44,1341.44,1331.09,1321.33,1312.11,1303.39,1295.13,1287.29,1279.86,1272.79,1266.07,1259.67,1253.57,1247.75,1242.19,1236.88,1231.8,1226.93,1222.27,1217.81,1213.52,1209.41,1205.46,1201.66,1198.01,1194.5,1191.12,1187.87,1184.73,1181.71,1178.79,1175.98,1173.26,1170.64,1168.11,1165.67,1163.3,1161.01,1158.8,1156.66,1154.59,1152.59,1150.65,1148.77,1146.95,1145.19,1143.48,1141.83,1140.22,1138.67,1137.16,1135.69,1134.28,1132.9,1131.56,1130.27,1129.01,1127.79,1126.61,1125.46,1124.35
2426.6,2484.07,2548.88,2621.52,2701.55,2786.5,2870.21,2941.29,2983.91,2983.28,2933.9,2843,2725.8,2597.94,2470.9,2351.37,2242.33,2144.54,2057.57,1980.48,1912.14,1851.44,1797.38,1749.06,1705.71,1666.67,1631.36,1599.33,1570.16,1543.5,1519.06,1496.59,1475.87,1456.71,1438.95,1422.45,1407.08,1392.74,1379.32,1366.76,1354.96,1343.87,1333.43,1323.58,1314.27,1305.48,1297.14,1289.24,1281.75,1274.62,1267.84,1261.38,1255.23,1249.36,1243.75,1238.4,1233.27,1228.37,1223.67,1219.16,1214.84,1210.7,1206.72,1202.89,1199.21,1195.67,1192.26,1188.98,1185.82,1182.77,1179.83,1176.99,1174.25,1171.61,1169.06,1166.59,1164.21,1161.9,1159.67,1157.52,1155.43,1153.41,1151.46,1149.56,1147.73,1145.95,1144.23,1142.56,1140.94,1139.37,1137.85,1136.37,1134.94,1133.55,1132.21,1130.9,1129.63,1128.4,1127.21,1126.05,1124.93
2420.58,2476.8,2540.03,2610.69,2688.31,2770.55,2851.63,2921,2963.87,2966.11,2921.71,2836.48,2724.34,2600.28,2475.76,2357.71,2249.42,2151.9,2064.92,1987.63,1919.01,1857.99,1803.59,1754.93,1711.25,1671.9,1636.31,1604,1574.58,1547.69,1523.03,1500.37,1479.46,1460.13,1442.21,1425.56,1410.06,1395.58,1382.05,1369.37,1357.47,1346.29,1335.75,1325.82,1316.43,1307.56,1299.15,1291.19,1283.62,1276.44,1269.6,1263.09,1256.89,1250.97,1245.31,1239.91,1234.74,1229.8,1225.06,1220.52,1216.16,1211.98,1207.97,1204.11,1200.4,1196.83,1193.39,1190.08,1186.9,1183.82,1180.86,1178,1175.24,1172.58,1170,1167.52,1165.12,1162.79,1160.54,1158.37,1156.27,1154.23,1152.26,1150.35,1148.5,1146.71,1144.97,1143.29,1141.66,1140.07,1138.54,1137.05,1135.61,1134.21,1132.85,1131.53,1130.26,1129.01,1127.81,1126.64,1125.51
2414.66,2469.68,2531.39,2600.15,2675.48,2755.12,2833.69,2901.36,2944.34,2949.12,2909.31,2829.49,2722.3,2602.06,2480.12,2363.63,2256.17,2159,2072.06,1994.63,1925.76,1864.44,1809.72,1760.73,1716.74,1677.08,1641.21,1608.64,1578.97,1551.85,1526.98,1504.12,1483.03,1463.53,1445.46,1428.66,1413.02,1398.42,1384.77,1371.98,1359.98,1348.69,1338.07,1328.05,1318.58,1309.63,1301.16,1293.12,1285.5,1278.25,1271.36,1264.79,1258.54,1252.57,1246.87,1241.42,1236.21,1231.22,1226.45,1221.87,1217.48,1213.26,1209.22,1205.33,1201.59,1197.99,1194.52,1191.19,1187.98,1184.88,1181.89,1179.01,1176.23,1173.54,1170.95,1168.44,1166.02,1163.68,1161.41,1159.22,1157.1,1155.05,1153.06,1151.13,1149.27,1147.46,1145.71,1144.01,1142.37,1140.77,1139.23,1137.73,1136.27,1134.86,1133.49,1132.16,1130.87,1129.62,1128.41,1127.23,1126.09
2408.86,2462.7,2522.95,2589.89,2663.03,2740.21,2816.36,2882.35,2925.3,2932.32,2896.76,2822.08,2719.72,2603.28,2483.99,2369.15,2262.6,2165.84,2078.99,2001.46,1932.37,1870.78,1815.75,1766.46,1722.17,1682.22,1646.07,1613.24,1583.33,1555.98,1530.91,1507.85,1486.58,1466.91,1448.68,1431.74,1415.97,1401.24,1387.48,1374.58,1362.47,1351.09,1340.38,1330.27,1320.73,1311.7,1303.16,1295.05,1287.36,1280.06,1273.11,1266.49,1260.18,1254.16,1248.42,1242.93,1237.67,1232.65,1227.83,1223.22,1218.79,1214.54,1210.46,1206.54,1202.77,1199.14,1195.65,1192.29,1189.05,1185.93,1182.92,1180.01,1177.21,1174.5,1171.89,1169.36,1166.92,1164.56,1162.28,1160.07,1157.93,1155.86,1153.86,1151.92,1150.04,1148.22,1146.45,1144.74,1143.08,1141.47,1139.91,1138.4,1136.94,1135.51,1134.13,1132.79,1131.49,1130.23,1129.01,1127.82,1126.67
2403.15,2455.87,2514.7,2579.9,2650.94,2725.76,2799.6,2863.94,2906.75,2915.75,2884.1,2814.3,2716.63,2603.98,2487.38,2374.26,2268.7,2172.42,2085.71,2008.12,1938.85,1877.01,1821.7,1772.12,1727.53,1687.3,1650.88,1617.8,1587.65,1560.09,1534.81,1511.55,1490.11,1470.28,1451.89,1434.81,1418.9,1404.05,1390.17,1377.16,1364.96,1353.48,1342.67,1332.49,1322.86,1313.76,1305.15,1296.98,1289.23,1281.86,1274.85,1268.18,1261.82,1255.75,1249.96,1244.43,1239.13,1234.07,1229.21,1224.56,1220.1,1215.82,1211.7,1207.75,1203.95,1200.3,1196.78,1193.39,1190.12,1186.98,1183.94,1181.02,1178.19,1175.46,1172.83,1170.28,1167.82,1165.44,1163.14,1160.91,1158.76,1156.67,1154.65,1152.7,1150.8,1148.97,1147.19,1145.46,1143.79,1142.17,1140.6,1139.08,1137.6,1136.16,1134.77,1133.42,1132.11,1130.84,1129.6,1128.41,1127.24
2397.55,2449.17,2506.64,2570.16,2639.19,2711.77,2783.4,2846.12,2888.68,2899.41,2871.37,2806.18,2713.06,2604.18,2490.31,2378.98,2274.48,2178.73,2092.22,2014.61,1945.19,1883.13,1827.56,1777.7,1732.83,1692.33,1655.65,1622.32,1591.94,1564.16,1538.68,1515.24,1493.62,1473.62,1455.09,1437.86,1421.82,1406.85,1392.85,1379.74,1367.43,1355.86,1344.96,1334.69,1324.99,1315.82,1307.13,1298.9,1291.08,1283.65,1276.59,1269.86,1263.45,1257.34,1251.5,1245.92,1240.59,1235.48,1230.59,1225.9,1221.4,1217.09,1212.94,1208.96,1205.13,1201.45,1197.9,1194.48,1191.19,1188.02,1184.97,1182.01,1179.17,1176.42,1173.76,1171.2,1168.72,1166.32,1164,1161.75,1159.58,1157.48,1155.45,1153.48,1151.57,1149.72,1147.92,1146.19,1144.5,1142.87,1141.28,1139.75,1138.26,1136.81,1135.41,1134.05,1132.72,1131.44,1130.2,1128.99,1127.82
2392.03,2442.6,2498.75,2560.66,2627.78,2698.2,2767.71,2828.84,2871.08,2883.33,2858.6,2797.77,2709.06,2603.89,2492.79,2383.31,2279.93,2184.78,2098.52,2020.93,1951.4,1889.13,1833.33,1783.21,1738.07,1697.31,1660.38,1626.81,1596.2,1568.2,1542.52,1518.9,1497.11,1476.95,1458.26,1440.9,1424.73,1409.63,1395.52,1382.3,1369.89,1358.23,1347.25,1336.89,1327.11,1317.86,1309.11,1300.81,1292.93,1285.44,1278.32,1271.54,1265.08,1258.92,1253.04,1247.41,1242.04,1236.89,1231.96,1227.23,1222.7,1218.35,1214.18,1210.16,1206.3,1202.59,1199.02,1195.58,1192.26,1189.07,1185.98,1183.01,1180.14,1177.37,1174.7,1172.11,1169.61,1167.19,1164.86,1162.6,1160.41,1158.29,1156.24,1154.25,1152.33,1150.46,1148.66,1146.91,1145.21,1143.56,1141.96,1140.42,1138.91,1137.46,1136.04,1134.67,1133.34,1132.05,1130.79,1129.57,1128.39
2386.62,2436.15,2491.04,2551.39,2616.68,2685.05,2752.51,2812.1,2853.95,2867.51,2845.82,2789.11,2704.65,2603.15,2494.83,2387.25,2285.05,2190.57,2104.61,2027.08,1957.47,1895.03,1839,1788.63,1743.25,1702.23,1665.05,1631.25,1600.42,1572.22,1546.34,1522.54,1500.57,1480.26,1461.42,1443.92,1427.62,1412.41,1398.18,1384.85,1372.35,1360.59,1349.52,1339.08,1329.22,1319.9,1311.08,1302.71,1294.77,1287.23,1280.05,1273.22,1266.71,1260.5,1254.57,1248.9,1243.48,1238.29,1233.33,1228.57,1224,1219.62,1215.41,1211.36,1207.47,1203.73,1200.13,1196.67,1193.33,1190.11,1187,1184,1181.11,1178.32,1175.63,1173.02,1170.5,1168.07,1165.71,1163.43,1161.23,1159.1,1157.03,1155.03,1153.09,1151.21,1149.39,1147.62,1145.91,1144.25,1142.64,1141.08,1139.57,1138.1,1136.68,1135.29,1133.95,1132.65,1131.38,1130.16,1128.97
2381.29,2429.83,2483.49,2542.35,2605.87,2672.28,2737.79,2795.87,2837.26,2851.97,2833.07,2780.24,2699.87,2601.98,2496.45,2390.81,2289.86,2196.09,2110.48,2033.06,1963.39,1900.81,1844.58,1793.98,1748.35,1707.1,1669.68,1635.65,1604.61,1576.2,1550.14,1526.15,1504.02,1483.55,1464.56,1446.92,1430.5,1415.16,1400.83,1387.39,1374.79,1362.94,1351.78,1341.26,1331.32,1321.93,1313.04,1304.61,1296.6,1289,1281.77,1274.89,1268.32,1262.07,1256.09,1250.38,1244.92,1239.69,1234.69,1229.89,1225.29,1220.88,1216.63,1212.56,1208.64,1204.87,1201.25,1197.75,1194.39,1191.14,1188.01,1185,1182.08,1179.27,1176.55,1173.93,1171.39,1168.94,1166.57,1164.27,1162.05,1159.9,1157.82,1155.8,1153.85,1151.95,1150.12,1148.34,1146.62,1144.94,1143.32,1141.75,1140.23,1138.74,1137.31,1135.91,1134.56,1133.25,1131.97,1130.74,1129.54
2376.05,2423.62,2476.1,2533.53,2595.36,2659.88,2723.51,2780.12,2821.01,2836.7,2820.36,2771.18,2694.75,2600.4,2497.66,2394.01,2294.35,2201.35,2116.14,2038.86,1969.17,1906.47,1850.06,1799.25,1753.39,1711.91,1674.27,1640.02,1608.76,1580.15,1553.9,1529.74,1507.44,1486.81,1467.69,1449.91,1433.36,1417.91,1403.46,1389.92,1377.22,1365.28,1354.03,1343.43,1333.42,1323.95,1314.99,1306.5,1298.43,1290.77,1283.49,1276.55,1269.94,1263.63,1257.61,1251.86,1246.36,1241.09,1236.05,1231.21,1226.58,1222.13,1217.86,1213.75,1209.81,1206.01,1202.35,1198.84,1195.44,1192.18,1189.02,1185.98,1183.05,1180.22,1177.48,1174.84,1172.28,1169.81,1167.42,1165.11,1162.87,1160.7,1158.6,1156.57,1154.6,1152.7,1150.85,1149.06,1147.32,1145.63,1144,1142.42,1140.88,1139.39,1137.94,1136.53,1135.17,1133.85,1132.56,1131.32,1130.11
2370.89,2417.53,2468.86,2524.91,2585.11,2647.83,2709.66,2764.84,2805.19,2821.72,2807.72,2761.97,2689.32,2598.44,2498.48,2396.84,2298.53,2206.35,2121.58,2044.49,1974.81,1912.01,1855.44,1804.44,1758.37,1716.66,1678.8,1644.33,1612.87,1584.07,1557.63,1533.3,1510.84,1490.06,1470.79,1452.89,1436.21,1420.64,1406.08,1392.44,1379.64,1367.61,1356.28,1345.59,1335.51,1325.97,1316.94,1308.38,1300.25,1292.54,1285.19,1278.21,1271.54,1265.19,1259.13,1253.33,1247.79,1242.48,1237.4,1232.53,1227.86,1223.38,1219.08,1214.94,1210.97,1207.14,1203.46,1199.92,1196.5,1193.21,1190.03,1186.97,1184.01,1181.16,1178.4,1175.74,1173.16,1170.67,1168.27,1165.94,1163.68,1161.5,1159.39,1157.34,1155.36,1153.44,1151.57,1149.77,1148.02,1146.32,1144.68,1143.08,1141.53,1140.03,1138.57,1137.15,1135.78,1134.45,1133.15,1131.9,1130.68
2365.82,2411.55,2461.77,2516.49,2575.13,2636.12,2696.22,2750,2789.79,2807.02,2795.17,2752.63,2683.61,2596.12,2498.92,2399.33,2302.4,2211.1,2126.81,2049.93,1980.31,1917.44,1860.73,1809.54,1763.27,1721.35,1683.28,1648.61,1616.95,1587.96,1561.34,1536.84,1514.22,1493.29,1473.88,1455.84,1439.04,1423.35,1408.69,1394.94,1382.05,1369.93,1358.51,1347.75,1337.58,1327.98,1318.88,1310.25,1302.07,1294.29,1286.9,1279.86,1273.15,1266.75,1260.64,1254.8,1249.21,1243.87,1238.75,1233.85,1229.14,1224.63,1220.29,1216.13,1212.12,1208.27,1204.56,1200.99,1197.55,1194.24,1191.04,1187.95,1184.98,1182.1,1179.32,1176.64,1174.05,1171.54,1169.11,1166.77,1164.5,1162.3,1160.17,1158.11,1156.11,1154.17,1152.3,1150.48,1148.72,1147.01,1145.35,1143.74,1142.18,1140.67,1139.2,1137.77,1136.39,1135.04,1133.74,1132.47,1131.24
2360.83,2405.68,2454.83,2508.26,2565.4,2624.73,2683.17,2735.59,2774.78,2792.62,2782.71,2743.2,2677.65,2593.45,2499,2401.47,2305.98,2215.58,2131.82,2055.21,1985.65,1922.74,1865.91,1814.56,1768.1,1725.98,1687.71,1652.84,1620.99,1591.81,1565.02,1540.35,1517.57,1496.5,1476.95,1458.78,1441.85,1426.05,1411.28,1397.44,1384.45,1372.23,1360.73,1349.89,1339.65,1329.97,1320.81,1312.12,1303.88,1296.04,1288.59,1281.5,1274.74,1268.3,1262.14,1256.26,1250.64,1245.25,1240.1,1235.16,1230.42,1225.87,1221.51,1217.31,1213.28,1209.4,1205.66,1202.07,1198.6,1195.26,1192.04,1188.93,1185.93,1183.04,1180.24,1177.54,1174.93,1172.4,1169.96,1167.59,1165.31,1163.09,1160.95,1158.87,1156.86,1154.91,1153.02,1151.19,1149.41,1147.69,1146.02,1144.4,1142.83,1141.3,1139.82,1138.39,1136.99,1135.64,1134.32,1133.05,1131.81
2355.92,2399.91,2448.02,2500.21,2555.91,2613.64,2670.48,2721.59,2760.16,2778.5,2770.38,2733.69,2671.46,2590.47,2498.74,2403.29,2309.25,2219.81,2136.62,2060.3,1990.85,1927.92,1871,1819.5,1772.86,1730.56,1692.09,1657.03,1624.99,1595.63,1568.67,1543.83,1520.9,1499.68,1480,1461.7,1444.65,1428.74,1413.86,1399.92,1386.83,1374.53,1362.95,1352.03,1341.72,1331.96,1322.73,1313.98,1305.68,1297.79,1290.28,1283.14,1276.33,1269.84,1263.64,1257.72,1252.05,1246.63,1241.44,1236.46,1231.69,1227.11,1222.72,1218.49,1214.43,1210.52,1206.76,1203.14,1199.65,1196.28,1193.04,1189.91,1186.89,1183.97,1181.16,1178.44,1175.8,1173.26,1170.8,1168.42,1166.12,1163.89,1161.73,1159.64,1157.61,1155.65,1153.74,1151.9,1150.11,1148.37,1146.69,1145.06,1143.47,1141.94,1140.45,1139,1137.59,1136.23,1134.91,1133.62,1132.37
2351.08,2394.24,2441.35,2492.34,2546.65,2602.85,2658.15,2707.98,2745.92,2764.66,2758.17,2724.13,2665.06,2587.2,2498.15,2404.78,2312.24,2223.79,2141.21,2065.22,1995.91,1932.98,1875.98,1824.35,1777.55,1735.07,1696.42,1661.17,1628.95,1599.42,1572.28,1547.29,1524.21,1502.84,1483.03,1464.6,1447.44,1431.41,1416.43,1402.39,1389.21,1376.82,1365.15,1354.15,1343.77,1333.95,1324.65,1315.84,1307.47,1299.53,1291.97,1284.77,1277.92,1271.38,1265.13,1259.17,1253.47,1248.01,1242.78,1237.77,1232.96,1228.35,1223.92,1219.67,1215.57,1211.64,1207.85,1204.2,1200.69,1197.3,1194.04,1190.88,1187.84,1184.91,1182.07,1179.33,1176.68,1174.12,1171.64,1169.24,1166.92,1164.68,1162.5,1160.4,1158.36,1156.38,1154.46,1152.6,1150.8,1149.05,1147.36,1145.72,1144.12,1142.57,1141.07,1139.61,1138.2,1136.82,1135.49,1134.19,1132.94
2346.32,2388.67,2434.8,2484.64,2537.61,2592.34,2646.16,2694.75,2732.05,2751.11,2746.1,2714.54,2658.49,2583.65,2497.24,2405.97,2314.94,2227.52,2145.58,2069.96,2000.81,1937.92,1880.86,1829.12,1782.17,1739.52,1700.69,1665.26,1632.87,1603.17,1575.87,1550.72,1527.49,1505.99,1486.04,1467.49,1450.2,1434.07,1418.98,1404.84,1391.57,1379.09,1367.35,1356.27,1345.81,1335.92,1326.56,1317.68,1309.26,1301.26,1293.65,1286.4,1279.5,1272.91,1266.62,1260.62,1254.87,1249.38,1244.11,1239.06,1234.23,1229.58,1225.12,1220.84,1216.72,1212.75,1208.94,1205.27,1201.73,1198.32,1195.03,1191.86,1188.79,1185.84,1182.98,1180.22,1177.55,1174.97,1172.48,1170.06,1167.73,1165.47,1163.28,1161.16,1159.1,1157.11,1155.18,1153.31,1151.49,1149.73,1148.03,1146.37,1144.76,1143.2,1141.69,1140.22,1138.8,1137.41,1136.07,1134.77,1133.5
2341.63,2383.19,2428.38,2477.1,2528.79,2582.1,2634.5,2681.88,2718.52,2737.84,2734.18,2704.93,2651.75,2579.85,2496.05,2406.86,2317.37,2231.01,2149.75,2074.52,2005.57,1942.73,1885.63,1833.79,1786.71,1743.9,1704.91,1669.31,1636.75,1606.88,1579.42,1554.12,1530.75,1509.11,1489.03,1470.35,1452.96,1436.71,1421.52,1407.28,1393.92,1381.36,1369.53,1358.38,1347.85,1337.89,1328.46,1319.52,1311.04,1302.98,1295.32,1288.02,1281.07,1274.44,1268.11,1262.06,1256.28,1250.74,1245.44,1240.36,1235.49,1230.81,1226.32,1222.01,1217.86,1213.87,1210.03,1206.33,1202.77,1199.33,1196.02,1192.83,1189.74,1186.76,1183.89,1181.11,1178.42,1175.83,1173.31,1170.88,1168.53,1166.25,1164.05,1161.91,1159.84,1157.84,1155.89,1154.01,1152.18,1150.41,1148.69,1147.02,1145.41,1143.84,1142.31,1140.83,1139.4,1138,1136.65,1135.34,1134.06
2337.01,2377.81,2422.08,2469.72,2520.16,2572.11,2623.14,2669.36,2705.34,2724.85,2722.41,2695.32,2644.88,2575.81,2494.57,2407.46,2319.53,2234.26,2153.71,2078.91,2010.18,1947.42,1890.3,1838.38,1791.18,1748.23,1709.07,1673.32,1640.59,1610.56,1582.95,1557.49,1533.98,1512.2,1492,1473.2,1455.69,1439.34,1424.05,1409.71,1396.26,1383.61,1371.7,1360.47,1349.87,1339.84,1330.35,1321.35,1312.81,1304.7,1296.98,1289.64,1282.64,1275.96,1269.59,1263.5,1257.67,1252.1,1246.76,1241.65,1236.74,1232.03,1227.51,1223.17,1218.99,1214.98,1211.11,1207.39,1203.8,1200.34,1197.01,1193.79,1190.69,1187.69,1184.79,1182,1179.29,1176.68,1174.15,1171.7,1169.33,1167.04,1164.82,1162.67,1160.58,1158.56,1156.61,1154.71,1152.87,1151.09,1149.35,1147.68,1146.05,1144.46,1142.93,1141.44,1139.99,1138.59,1137.23,1135.9,1134.62
2332.45,2372.51,2415.9,2462.49,2511.74,2562.37,2612.08,2657.16,2692.49,2712.13,2710.8,2685.73,2637.89,2571.56,2492.82,2407.78,2321.42,2237.27,2157.47,2083.13,2014.65,1951.99,1894.87,1842.89,1795.58,1752.49,1713.18,1677.27,1644.38,1614.2,1586.44,1560.84,1537.19,1515.28,1494.94,1476.03,1458.41,1441.95,1426.56,1412.13,1398.59,1385.86,1373.87,1362.56,1351.89,1341.79,1332.23,1323.18,1314.58,1306.41,1298.64,1291.25,1284.2,1277.48,1271.06,1264.93,1259.07,1253.46,1248.08,1242.93,1237.99,1233.25,1228.7,1224.33,1220.13,1216.08,1212.19,1208.44,1204.83,1201.35,1197.99,1194.75,1191.63,1188.61,1185.7,1182.88,1180.16,1177.52,1174.98,1172.51,1170.13,1167.82,1165.59,1163.42,1161.32,1159.29,1157.32,1155.41,1153.56,1151.76,1150.02,1148.33,1146.68,1145.09,1143.55,1142.05,1140.59,1139.18,1137.8,1136.47,1135.18
2327.97,2367.3,2409.83,2455.41,2503.5,2552.87,2601.31,2645.29,2679.96,2699.68,2699.35,2676.17,2630.8,2567.11,2490.83,2407.84,2323.06,2240.05,2161.02,2087.17,2018.96,1956.43,1899.33,1847.3,1799.89,1756.68,1717.24,1681.18,1648.14,1617.81,1589.9,1564.16,1540.37,1518.33,1497.87,1478.84,1461.11,1444.55,1429.05,1414.53,1400.9,1388.09,1376.02,1364.64,1353.89,1343.73,1334.11,1324.99,1316.34,1308.11,1300.29,1292.85,1285.75,1278.99,1272.53,1266.36,1260.45,1254.81,1249.4,1244.21,1239.24,1234.47,1229.89,1225.49,1221.26,1217.18,1213.27,1209.49,1205.86,1202.35,1198.97,1195.71,1192.57,1189.53,1186.6,1183.76,1181.02,1178.37,1175.81,1173.33,1170.93,1168.6,1166.35,1164.17,1162.06,1160.01,1158.03,1156.11,1154.24,1152.43,1150.68,1148.97,1147.32,1145.72,1144.16,1142.65,1141.19,1139.76,1138.38,1137.04,1135.73
2323.55,2362.18,2403.87,2448.47,2495.45,2543.6,2590.8,2633.72,2667.74,2687.49,2688.07,2666.65,2623.62,2562.48,2488.6,2407.64,2324.46,2242.61,2164.38,2091.03,2023.13,1960.75,1903.69,1851.62,1804.13,1760.81,1721.24,1685.03,1651.85,1621.38,1593.32,1567.45,1543.52,1521.36,1500.78,1481.64,1463.79,1447.13,1431.54,1416.92,1403.21,1390.31,1378.16,1366.71,1355.89,1345.66,1335.98,1326.8,1318.09,1309.81,1301.94,1294.45,1287.3,1280.49,1273.99,1267.78,1261.84,1256.15,1250.71,1245.49,1240.49,1235.68,1231.07,1226.64,1222.38,1218.28,1214.34,1210.54,1206.88,1203.36,1199.95,1196.67,1193.51,1190.45,1187.49,1184.64,1181.88,1179.21,1176.63,1174.14,1171.72,1169.38,1167.12,1164.92,1162.79,1160.73,1158.74,1156.8,1154.92,1153.1,1151.33,1149.62,1147.96,1146.34,1144.78,1143.26,1141.78,1140.35,1138.95,1137.6,1136.29
2319.19,2357.13,2398.01,2441.67,2487.57,2534.54,2580.57,2622.45,2655.81,2675.56,2676.97,2657.19,2616.38,2557.69,2486.15,2407.2,2325.61,2244.94,2167.53,2094.73,2027.15,1964.94,1907.94,1855.85,1808.3,1764.87,1725.18,1688.84,1655.52,1624.91,1596.72,1570.7,1546.65,1524.36,1503.67,1484.41,1466.46,1449.69,1434,1419.3,1405.5,1392.52,1380.29,1368.76,1357.88,1347.58,1337.84,1328.6,1319.83,1311.5,1303.58,1296.04,1288.85,1281.99,1275.45,1269.2,1263.22,1257.49,1252.01,1246.76,1241.73,1236.89,1232.25,1227.79,1223.5,1219.38,1215.41,1211.59,1207.9,1204.35,1200.93,1197.63,1194.44,1191.36,1188.39,1185.52,1182.74,1180.05,1177.46,1174.94,1172.51,1170.16,1167.88,1165.67,1163.53,1161.45,1159.44,1157.49,1155.6,1153.77,1151.99,1150.27,1148.59,1146.97,1145.39,1143.86,1142.37,1140.93,1139.53,1138.17,1136.84
2314.9,2352.17,2392.26,2435,2479.85,2525.7,2570.58,2611.45,2644.18,2663.88,2666.03,2647.78,2609.08,2552.75,2483.49,2406.53,2326.53,2247.06,2170.5,2098.26,2031.03,1969,1912.08,1860,1812.39,1768.87,1729.06,1692.6,1659.15,1628.4,1600.08,1573.93,1549.75,1527.34,1506.53,1487.16,1469.11,1452.24,1436.46,1421.66,1407.77,1394.71,1382.41,1370.81,1359.86,1349.5,1339.69,1330.39,1321.57,1313.18,1305.21,1297.62,1290.39,1283.49,1276.9,1270.61,1264.59,1258.83,1253.32,1248.03,1242.96,1238.1,1233.42,1228.94,1224.62,1220.47,1216.47,1212.63,1208.92,1205.35,1201.9,1198.58,1195.37,1192.27,1189.28,1186.39,1183.6,1180.89,1178.28,1175.75,1173.3,1170.93,1168.64,1166.41,1164.26,1162.17,1160.15,1158.19,1156.28,1154.44,1152.65,1150.91,1149.22,1147.59,1146,1144.46,1142.96,1141.51,1140.1,1138.73,1137.4
2310.66,2347.28,2386.61,2428.46,2472.31,2517.06,2560.83,2600.73,2632.82,2652.45,2655.27,2638.44,2601.74,2547.67,2480.63,2405.63,2327.23,2248.96,2173.27,2101.62,2034.76,1972.95,1916.12,1864.05,1816.4,1772.8,1732.89,1696.31,1662.73,1631.85,1603.4,1577.13,1552.83,1530.3,1509.37,1489.9,1471.74,1454.77,1438.89,1424.01,1410.04,1396.9,1384.52,1372.85,1361.83,1351.4,1341.53,1332.18,1323.3,1314.86,1306.84,1299.2,1291.92,1284.97,1278.35,1272.01,1265.96,1260.16,1254.61,1249.29,1244.19,1239.3,1234.6,1230.08,1225.74,1221.56,1217.54,1213.67,1209.94,1206.34,1202.87,1199.53,1196.3,1193.18,1190.17,1187.26,1184.45,1181.73,1179.1,1176.55,1174.09,1171.7,1169.39,1167.16,1164.99,1162.89,1160.85,1158.87,1156.96,1155.1,1153.3,1151.55,1149.85,1148.21,1146.61,1145.06,1143.55,1142.09,1140.67,1139.29,1137.95
2306.49,2342.47,2381.06,2422.05,2464.91,2508.61,2551.32,2590.28,2621.73,2641.27,2644.68,2629.18,2594.37,2542.48,2477.6,2404.53,2327.71,2250.66,2175.86,2104.82,2038.35,1976.77,1920.06,1868.01,1820.33,1776.66,1736.66,1699.97,1666.27,1635.27,1606.69,1580.3,1555.88,1533.23,1512.19,1492.61,1474.35,1457.29,1441.32,1426.35,1412.29,1399.07,1386.62,1374.88,1363.79,1353.3,1343.37,1333.95,1325.02,1316.53,1308.45,1300.77,1293.44,1286.46,1279.79,1273.41,1267.32,1261.49,1255.9,1250.55,1245.42,1240.49,1235.76,1231.22,1226.85,1222.64,1218.6,1214.7,1210.95,1207.33,1203.84,1200.47,1197.23,1194.09,1191.06,1188.13,1185.3,1182.56,1179.92,1177.35,1174.87,1172.47,1170.15,1167.9,1165.72,1163.6,1161.55,1159.56,1157.64,1155.77,1153.95,1152.19,1150.48,1148.83,1147.22,1145.66,1144.14,1142.67,1141.24,1139.85,1138.5
2302.37,2337.74,2375.6,2415.75,2457.67,2500.35,2542.03,2580.07,2610.9,2630.31,2634.27,2620,2586.98,2537.17,2474.4,2403.23,2327.98,2252.16,2178.26,2107.85,2041.8,1980.47,1923.88,1871.88,1824.18,1780.46,1740.37,1703.58,1669.77,1638.65,1609.95,1583.44,1558.9,1536.14,1514.99,1495.31,1476.94,1459.78,1443.72,1428.67,1414.53,1401.23,1388.71,1376.89,1365.74,1355.18,1345.19,1335.72,1326.73,1318.19,1310.07,1302.33,1294.96,1287.93,1281.22,1274.81,1268.68,1262.81,1257.19,1251.81,1246.64,1241.68,1236.92,1232.35,1227.95,1223.72,1219.65,1215.73,1211.96,1208.32,1204.81,1201.42,1198.15,1194.99,1191.94,1189,1186.15,1183.39,1180.73,1178.15,1175.66,1173.24,1170.9,1168.64,1166.44,1164.31,1162.25,1160.25,1158.31,1156.43,1154.6,1152.83,1151.11,1149.44,1147.82,1146.25,1144.72,1143.24,1141.8,1140.4,1139.05
2298.31,2333.07,2370.23,2409.57,2450.58,2492.27,2532.95,2570.11,2600.32,2619.59,2624.03,2610.9,2579.58,2531.78,2471.04,2401.73,2328.06,2253.47,2180.48,2110.72,2045.1,1984.04,1927.6,1875.66,1827.96,1784.19,1744.02,1707.13,1673.22,1641.98,1613.17,1586.55,1561.89,1539.02,1517.77,1497.98,1479.52,1462.27,1446.12,1430.97,1416.75,1403.38,1390.78,1378.9,1367.68,1357.06,1347.01,1337.48,1328.44,1319.84,1311.67,1303.89,1296.48,1289.4,1282.65,1276.2,1270.03,1264.13,1258.47,1253.06,1247.86,1242.87,1238.08,1233.48,1229.06,1224.8,1220.71,1216.76,1212.96,1209.3,1205.77,1202.36,1199.07,1195.89,1192.83,1189.86,1186.99,1184.22,1181.54,1178.95,1176.44,1174.01,1171.65,1169.37,1167.16,1165.02,1162.95,1160.93,1158.98,1157.09,1155.25,1153.47,1151.74,1150.06,1148.43,1146.85,1145.31,1143.82,1142.37,1140.96,1139.59
2294.3,2328.48,2364.95,2403.5,2443.63,2484.36,2524.08,2560.38,2589.99,2609.09,2613.96,2601.9,2572.18,2526.3,2467.54,2400.06,2327.94,2254.58,2182.53,2113.43,2048.27,1987.49,1931.22,1879.35,1831.66,1787.85,1747.62,1710.64,1676.62,1645.28,1616.36,1589.62,1564.86,1541.88,1520.52,1500.63,1482.07,1464.73,1448.49,1433.27,1418.97,1405.52,1392.85,1380.89,1369.61,1358.93,1348.82,1339.23,1330.14,1321.49,1313.27,1305.44,1297.98,1290.87,1284.08,1277.59,1271.38,1265.44,1259.75,1254.3,1249.07,1244.06,1239.24,1234.61,1230.16,1225.88,1221.76,1217.79,1213.96,1210.28,1206.73,1203.3,1199.99,1196.79,1193.7,1190.72,1187.84,1185.05,1182.35,1179.74,1177.22,1174.77,1172.4,1170.11,1167.88,1165.73,1163.64,1161.62,1159.65,1157.75,1155.9,1154.1,1152.36,1150.67,1149.03,1147.44,1145.89,1144.39,1142.93,1141.52,1140.14
2290.35,2323.95,2359.75,2397.54,2436.81,2476.62,2515.41,2550.87,2579.89,2598.81,2604.06,2593,2564.8,2520.75,2463.91,2398.22,2327.63,2255.52,2184.4,2115.99,2051.3,1990.83,1934.73,1882.95,1835.28,1791.44,1751.15,1714.09,1679.98,1648.54,1619.51,1592.67,1567.8,1544.72,1523.26,1503.27,1484.61,1467.18,1450.85,1435.55,1421.17,1407.64,1394.9,1382.88,1371.53,1360.79,1350.62,1340.98,1331.83,1323.13,1314.86,1306.99,1299.49,1292.33,1285.49,1278.97,1272.72,1266.75,1261.03,1255.54,1250.28,1245.24,1240.39,1235.73,1231.25,1226.95,1222.8,1218.81,1214.96,1211.26,1207.68,1204.23,1200.9,1197.69,1194.58,1191.58,1188.68,1185.87,1183.16,1180.54,1177.99,1175.53,1173.15,1170.84,1168.6,1166.44,1164.33,1162.3,1160.32,1158.4,1156.54,1154.74,1152.98,1151.28,1149.63,1148.03,1146.47,1144.96,1143.5,1142.07,1140.68
