N2 Specific Heat [J kg^-1 K^-1] CoolProp
1.71664e+07,5088.23,3378.21,2713.85,2350.67,2118.55,1956.06,1835.32,1741.75,1666.93,1605.65,1554.49,1511.12,1473.87,1441.54,1413.21,1388.19,1365.94,1346.03,1328.11,1311.9,1297.18,1283.76,1271.47,1260.18,1249.77,1240.16,1231.26,1222.98,1215.28,1208.1,1201.38,1195.09,1189.19,1183.64,1178.42,1173.49,1168.84,1164.45,1160.29,1156.35,1152.61,1149.06,1145.68,1142.46,1139.4,1136.48,1133.7,1131.04,1128.49,1126.06,1123.73,1121.5,1119.37,1117.32,1115.35,1113.47,1111.65,1109.91,1108.24,1106.63,1105.08,1103.59,1102.15,1100.77,1099.44,1098.15,1096.91,1095.72,1094.57,1093.46,1092.39,1091.36,1090.36,1089.4,1088.47,1087.57,1086.71,1085.88,1085.07,1084.3,1083.55,1082.82,1082.13,1081.46,1080.81,1080.19,1079.59,1079.01,1078.45,1077.92,1077.41,1076.91,1076.44,1075.98,1075.55,1075.13,1074.73,1074.35,1073.98,1073.63
15639.5,5963.05,3641.09,2847.93,2434.76,2177.47,2000.3,1870.13,1770.08,1690.58,1625.79,1571.92,1526.4,1487.41,1453.65,1424.13,1398.1,1374.99,1354.33,1335.77,1318.99,1303.77,1289.91,1277.22,1265.58,1254.85,1244.95,1235.78,1227.27,1219.35,1211.96,1205.06,1198.6,1192.54,1186.84,1181.49,1176.43,1171.67,1167.16,1162.9,1158.86,1155.03,1151.39,1147.93,1144.64,1141.5,1138.52,1135.66,1132.94,1130.34,1127.85,1125.47,1123.19,1121.01,1118.91,1116.9,1114.97,1113.12,1111.34,1109.63,1107.98,1106.4,1104.87,1103.41,1101.99,1100.63,1099.32,1098.05,1096.84,1095.66,1094.53,1093.43,1092.38,1091.36,1090.37,1089.43,1088.51,1087.63,1086.77,1085.95,1085.16,1084.39,1083.66,1082.94,1082.26,1081.6,1080.96,1080.34,1079.75,1079.18,1078.64,1078.11,1077.6,1077.12,1076.65,1076.2,1075.77,1075.36,1074.97,1074.6,1074.24
10559.5,7254.39,3954.52,2997.93,2525.95,2240.21,2046.83,1906.43,1799.44,1714.97,1646.48,1589.77,1542.01,1501.22,1465.97,1435.22,1408.15,1384.15,1362.73,1343.51,1326.16,1310.43,1296.11,1283.02,1271.01,1259.97,1249.77,1240.33,1231.58,1223.44,1215.85,1208.76,1202.12,1195.9,1190.06,1184.56,1179.38,1174.5,1169.88,1165.51,1161.37,1157.45,1153.72,1150.18,1146.82,1143.61,1140.55,1137.63,1134.85,1132.19,1129.64,1127.21,1124.88,1122.65,1120.5,1118.45,1116.48,1114.59,1112.77,1111.02,1109.34,1107.72,1106.16,1104.66,1103.22,1101.83,1100.49,1099.2,1097.95,1096.75,1095.59,1094.47,1093.39,1092.35,1091.35,1090.38,1089.45,1088.54,1087.67,1086.83,1086.02,1085.24,1084.49,1083.76,1083.06,1082.38,1081.73,1081.1,1080.49,1079.91,1079.35,1078.81,1078.29,1077.8,1077.32,1076.86,1076.42,1076,1075.59,1075.21,1074.84
8525.05,9329.33,4333.41,3166.56,2625.08,2307.09,2095.82,1944.31,1829.87,1740.13,1667.74,1608.05,1557.95,1515.28,1478.5,1446.48,1418.34,1393.43,1371.24,1351.33,1333.39,1317.14,1302.36,1288.86,1276.49,1265.11,1254.62,1244.91,1235.91,1227.54,1219.75,1212.47,1205.66,1199.28,1193.29,1187.65,1182.34,1177.33,1172.6,1168.13,1163.89,1159.88,1156.06,1152.44,1149,1145.71,1142.59,1139.61,1136.76,1134.04,1131.44,1128.95,1126.57,1124.29,1122.1,1120,1117.99,1116.05,1114.19,1112.41,1110.69,1109.04,1107.45,1105.92,1104.44,1103.02,1101.66,1100.34,1099.06,1097.84,1096.66,1095.51,1094.41,1093.35,1092.33,1091.34,1090.38,1089.46,1088.57,1087.71,1086.88,1086.09,1085.31,1084.57,1083.85,1083.16,1082.5,1081.85,1081.23,1080.64,1080.06,1079.51,1078.98,1078.47,1077.98,1077.51,1077.06,1076.63,1076.22,1075.82,1075.44
7377.33,13070.7,4798.39,3357.09,2733.08,2378.48,2147.42,1983.84,1861.42,1766.08,1689.58,1626.77,1574.23,1529.61,1491.25,1457.91,1428.68,1402.83,1379.83,1359.24,1340.69,1323.91,1308.66,1294.75,1282,1270.29,1259.49,1249.51,1240.26,1231.67,1223.67,1216.2,1209.21,1202.66,1196.52,1190.75,1185.31,1180.18,1175.34,1170.76,1166.42,1162.31,1158.41,1154.7,1151.18,1147.82,1144.63,1141.58,1138.67,1135.89,1133.23,1130.69,1128.26,1125.93,1123.69,1121.55,1119.49,1117.52,1115.62,1113.8,1112.04,1110.36,1108.74,1107.17,1105.67,1104.22,1102.82,1101.48,1100.18,1098.93,1097.72,1096.56,1095.43,1094.35,1093.3,1092.29,1091.32,1090.38,1089.47,1088.59,1087.75,1086.93,1086.14,1085.38,1084.65,1083.94,1083.26,1082.61,1081.97,1081.36,1080.78,1080.21,1079.67,1079.15,1078.65,1078.17,1077.7,1077.26,1076.84,1076.43,1076.04
6622.87,20511.5,5378.3,3573.49,2851.01,2454.75,2201.8,2025.12,1894.13,1792.85,1712.02,1645.93,1590.85,1544.21,1504.21,1469.52,1439.15,1412.35,1388.53,1367.23,1348.06,1330.74,1315.02,1300.68,1287.55,1275.5,1264.4,1254.14,1244.64,1235.81,1227.6,1219.94,1212.77,1206.06,1199.77,1193.85,1188.28,1183.03,1178.07,1173.39,1168.95,1164.74,1160.76,1156.97,1153.36,1149.93,1146.67,1143.55,1140.58,1137.74,1135.03,1132.43,1129.95,1127.57,1125.29,1123.1,1121,1118.98,1117.05,1115.19,1113.4,1111.68,1110.02,1108.43,1106.89,1105.41,1103.99,1102.62,1101.29,1100.01,1098.78,1097.6,1096.45,1095.34,1094.28,1093.24,1092.25,1091.29,1090.36,1089.47,1088.61,1087.77,1086.97,1086.19,1085.45,1084.72,1084.03,1083.36,1082.71,1082.09,1081.49,1080.91,1080.36,1079.82,1079.31,1078.82,1078.35,1077.89,1077.46,1077.04,1076.64
6081.41,28822.2,6113.11,3820.47,2980.03,2536.32,2259.13,2068.21,1928.06,1820.45,1735.06,1665.55,1607.82,1559.09,1517.39,1481.3,1449.77,1421.99,1397.33,1375.3,1355.51,1337.63,1321.42,1306.65,1293.14,1280.74,1269.33,1258.79,1249.04,1239.98,1231.55,1223.69,1216.35,1209.47,1203.02,1196.96,1191.26,1185.89,1180.82,1176.02,1171.48,1167.18,1163.11,1159.23,1155.55,1152.05,1148.71,1145.53,1142.49,1139.59,1136.82,1134.17,1131.64,1129.21,1126.88,1124.65,1122.51,1120.45,1118.47,1116.58,1114.75,1113,1111.31,1109.68,1108.12,1106.61,1105.15,1103.75,1102.4,1101.1,1099.85,1098.63,1097.47,1096.34,1095.25,1094.2,1093.18,1092.2,1091.26,1090.35,1089.47,1088.62,1087.8,1087,1086.24,1085.5,1084.79,1084.11,1083.45,1082.81,1082.2,1081.61,1081.04,1080.5,1079.97,1079.47,1078.99,1078.52,1078.08,1077.65,1077.24
5669.92,21601.5,7056.12,4103.63,3121.47,2623.64,2319.61,2113.23,1963.24,1848.93,1758.73,1685.64,1625.15,1574.24,1530.79,1493.26,1460.53,1431.74,1406.22,1383.45,1363.02,1344.59,1327.88,1312.67,1298.77,1286.02,1274.29,1263.47,1253.45,1244.16,1235.52,1227.46,1219.94,1212.89,1206.29,1200.09,1194.25,1188.75,1183.56,1178.66,1174.02,1169.63,1165.46,1161.5,1157.74,1154.16,1150.76,1147.51,1144.41,1141.45,1138.62,1135.92,1133.33,1130.85,1128.47,1126.2,1124.01,1121.92,1119.9,1117.97,1116.1,1114.31,1112.59,1110.94,1109.34,1107.8,1106.32,1104.89,1103.52,1102.19,1100.91,1099.67,1098.48,1097.33,1096.22,1095.15,1094.12,1093.12,1092.15,1091.22,1090.33,1089.46,1088.62,1087.81,1087.04,1086.28,1085.56,1084.86,1084.19,1083.54,1082.91,1082.31,1081.73,1081.17,1080.64,1080.12,1079.63,1079.15,1078.69,1078.26,1077.84
5344.33,14710.3,8269.36,4429.43,3276.76,2717.17,2383.43,2160.24,1999.71,1878.3,1783.04,1706.2,1642.84,1589.67,1544.4,1505.4,1471.44,1441.61,1415.21,1391.69,1370.6,1351.59,1334.38,1318.73,1304.43,1291.33,1279.28,1268.17,1257.89,1248.36,1239.5,1231.24,1223.54,1216.32,1209.56,1203.22,1197.25,1191.62,1186.32,1181.31,1176.56,1172.07,1167.82,1163.78,1159.93,1156.28,1152.8,1149.49,1146.32,1143.3,1140.42,1137.66,1135.02,1132.49,1130.07,1127.75,1125.52,1123.38,1121.33,1119.35,1117.46,1115.63,1113.88,1112.19,1110.56,1108.99,1107.48,1106.03,1104.63,1103.27,1101.97,1100.71,1099.5,1098.32,1097.19,1096.1,1095.05,1094.03,1093.05,1092.1,1091.18,1090.3,1089.45,1088.62,1087.83,1087.06,1086.32,1085.61,1084.92,1084.26,1083.62,1083.01,1082.41,1081.85,1081.3,1080.77,1080.26,1079.78,1079.31,1078.87,1078.44
5078.86,11257.2,9792.72,4805.01,3447.43,2817.41,2450.78,2209.35,2037.54,1908.59,1808.01,1727.24,1660.89,1605.38,1558.25,1517.71,1482.49,1451.6,1424.31,1400.01,1378.25,1358.66,1340.94,1324.83,1310.13,1296.67,1284.3,1272.89,1262.35,1252.58,1243.5,1235.04,1227.15,1219.76,1212.85,1206.35,1200.25,1194.5,1189.08,1183.96,1179.11,1174.53,1170.18,1166.05,1162.13,1158.4,1154.85,1151.47,1148.24,1145.16,1142.22,1139.4,1136.71,1134.13,1131.66,1129.3,1127.03,1124.85,1122.75,1120.74,1118.81,1116.95,1115.16,1113.44,1111.78,1110.19,1108.65,1107.17,1105.74,1104.36,1103.03,1101.75,1100.51,1099.32,1098.16,1097.05,1095.98,1094.94,1093.94,1092.97,1092.04,1091.14,1090.27,1089.43,1088.62,1087.84,1087.09,1086.36,1085.66,1084.98,1084.33,1083.7,1083.1,1082.52,1081.96,1081.42,1080.9,1080.41,1079.93,1079.47,1079.04
4857.33,9316.96,11541.3,5237.5,3635.1,2924.86,2521.86,2260.65,2076.75,1939.81,1833.64,1748.77,1679.31,1621.38,1572.31,1530.21,1493.69,1461.72,1433.49,1408.41,1385.97,1365.79,1347.54,1330.97,1315.87,1302.04,1289.34,1277.64,1266.83,1256.81,1247.51,1238.85,1230.77,1223.22,1216.14,1209.5,1203.26,1197.38,1191.84,1186.61,1181.66,1176.98,1172.54,1168.33,1164.33,1160.52,1156.9,1153.45,1150.16,1147.02,1144.02,1141.15,1138.4,1135.78,1133.26,1130.85,1128.53,1126.31,1124.18,1122.13,1120.16,1118.27,1116.45,1114.69,1113,1111.38,1109.81,1108.3,1106.85,1105.44,1104.09,1102.78,1101.52,1100.31,1099.13,1098,1096.91,1095.85,1094.83,1093.85,1092.9,1091.98,1091.09,1090.24,1089.41,1088.62,1087.85,1087.11,1086.39,1085.7,1085.04,1084.4,1083.78,1083.19,1082.62,1082.07,1081.54,1081.03,1080.55,1080.08,1079.63
4669.01,8085.94,13107.8,5732.6,3841.35,3040.02,2596.86,2314.21,2117.4,1972,1859.95,1770.8,1698.11,1637.67,1586.6,1542.88,1505.03,1471.94,1442.78,1416.89,1393.76,1372.97,1354.2,1337.16,1321.64,1307.44,1294.41,1282.41,1271.33,1261.07,1251.54,1242.67,1234.41,1226.68,1219.44,1212.65,1206.27,1200.27,1194.61,1189.27,1184.22,1179.44,1174.91,1170.61,1166.53,1162.65,1158.95,1155.43,1152.08,1148.87,1145.82,1142.89,1140.09,1137.42,1134.85,1132.4,1130.04,1127.78,1125.6,1123.52,1121.51,1119.58,1117.73,1115.94,1114.22,1112.57,1110.97,1109.44,1107.95,1106.53,1105.15,1103.82,1102.54,1101.3,1100.1,1098.95,1097.84,1096.76,1095.72,1094.72,1093.75,1092.82,1091.92,1091.04,1090.2,1089.39,1088.61,1087.85,1087.13,1086.42,1085.75,1085.09,1084.46,1083.86,1083.28,1082.72,1082.18,1081.66,1081.16,1080.68,1080.23
4506.5,7234.77,13761.4,6291.64,4067.57,3163.37,2675.97,2370.12,2159.52,2005.18,1886.94,1793.32,1717.28,1654.24,1601.12,1555.74,1516.52,1482.29,1452.17,1425.46,1401.62,1380.21,1360.9,1343.39,1327.45,1312.87,1299.51,1287.2,1275.85,1265.34,1255.58,1246.51,1238.05,1230.15,1222.75,1215.81,1209.3,1203.16,1197.39,1191.93,1186.78,1181.9,1177.28,1172.89,1168.73,1164.77,1161,1157.42,1154,1150.73,1147.62,1144.64,1141.79,1139.06,1136.45,1133.94,1131.54,1129.24,1127.03,1124.9,1122.86,1120.9,1119.01,1117.19,1115.44,1113.76,1112.13,1110.57,1109.06,1107.61,1106.21,1104.85,1103.55,1102.29,1101.07,1099.9,1098.76,1097.67,1096.61,1095.59,1094.61,1093.66,1092.74,1091.85,1090.99,1090.17,1089.37,1088.6,1087.86,1087.14,1086.45,1085.79,1085.15,1084.53,1083.93,1083.36,1082.81,1082.28,1081.78,1081.29,1080.82
4364.48,6609.34,13168,6906.5,4314.8,3295.34,2759.36,2428.47,2203.14,2039.35,1914.64,1816.36,1736.83,1671.1,1615.86,1568.77,1528.15,1492.76,1461.65,1434.1,1409.54,1387.51,1367.65,1349.66,1333.29,1318.34,1304.63,1292.02,1280.39,1269.63,1259.64,1250.36,1241.71,1233.63,1226.07,1218.98,1212.33,1206.06,1200.16,1194.6,1189.34,1184.36,1179.65,1175.18,1170.93,1166.9,1163.06,1159.4,1155.92,1152.59,1149.42,1146.38,1143.48,1140.7,1138.04,1135.49,1133.05,1130.7,1128.45,1126.29,1124.21,1122.21,1120.29,1118.44,1116.66,1114.95,1113.3,1111.7,1110.17,1108.69,1107.26,1105.89,1104.56,1103.27,1102.04,1100.84,1099.69,1098.58,1097.5,1096.46,1095.46,1094.49,1093.56,1092.65,1091.78,1090.94,1090.13,1089.35,1088.59,1087.86,1087.16,1086.48,1085.83,1085.2,1084.59,1084.01,1083.45,1082.91,1082.39,1081.89,1081.42
4239.05,6128.84,11860,7552.23,4583.32,3436.24,2847.19,2489.31,2248.32,2074.54,1943.04,1839.9,1756.75,1688.26,1630.83,1581.98,1539.92,1503.34,1471.23,1442.82,1417.53,1394.87,1374.45,1355.97,1339.17,1323.83,1309.78,1296.86,1284.95,1273.93,1263.72,1254.22,1245.38,1237.12,1229.4,1222.16,1215.36,1208.97,1202.95,1197.27,1191.9,1186.83,1182.02,1177.46,1173.14,1169.02,1165.11,1161.39,1157.84,1154.45,1151.22,1148.13,1145.17,1142.34,1139.64,1137.04,1134.55,1132.17,1129.88,1127.68,1125.56,1123.53,1121.57,1119.69,1117.88,1116.14,1114.46,1112.84,1111.27,1109.77,1108.32,1106.92,1105.57,1104.26,1103,1101.79,1100.62,1099.48,1098.39,1097.33,1096.31,1095.33,1094.38,1093.46,1092.57,1091.71,1090.89,1090.09,1089.32,1088.58,1087.86,1087.17,1086.51,1085.87,1085.25,1084.65,1084.08,1083.53,1083,1082.5,1082.01
4127.26,5746.99,10481.6,8179.56,4872.18,3586.28,2939.55,2552.7,2295.06,2110.77,1972.16,1863.96,1777.06,1705.7,1646.02,1595.37,1551.84,1514.04,1480.9,1451.63,1425.59,1402.28,1381.3,1362.32,1345.08,1329.35,1314.95,1301.72,1289.52,1278.25,1267.8,1258.1,1249.06,1240.62,1232.73,1225.34,1218.4,1211.88,1205.74,1199.94,1194.47,1189.3,1184.4,1179.75,1175.34,1171.15,1167.17,1163.37,1159.76,1156.31,1153.02,1149.87,1146.86,1143.99,1141.23,1138.59,1136.06,1133.63,1131.3,1129.06,1126.91,1124.84,1122.85,1120.94,1119.1,1117.32,1115.61,1113.97,1112.38,1110.85,1109.37,1107.95,1106.58,1105.25,1103.97,1102.73,1101.54,1100.39,1099.28,1098.2,1097.16,1096.16,1095.19,1094.26,1093.36,1092.49,1091.65,1090.83,1090.05,1089.3,1088.57,1087.86,1087.19,1086.53,1085.9,1085.3,1084.72,1084.15,1083.62,1083.1,1082.6
4026.84,5435.39,9302.86,8713.87,5178.57,3745.4,3036.53,2618.69,2343.39,2148.04,2001.99,1888.53,1797.75,1723.43,1661.44,1608.94,1563.9,1524.85,1490.67,1460.51,1433.71,1409.74,1388.19,1368.71,1351.02,1334.9,1320.15,1306.6,1294.12,1282.59,1271.9,1261.98,1252.75,1244.13,1236.08,1228.53,1221.45,1214.8,1208.53,1202.62,1197.04,1191.77,1186.78,1182.04,1177.55,1173.28,1169.23,1165.36,1161.68,1158.17,1154.82,1151.62,1148.56,1145.63,1142.82,1140.14,1137.56,1135.09,1132.72,1130.45,1128.26,1126.16,1124.13,1122.19,1120.31,1118.51,1116.77,1115.1,1113.48,1111.93,1110.43,1108.98,1107.58,1106.23,1104.93,1103.68,1102.46,1101.29,1100.16,1099.07,1098.01,1097,1096.01,1095.06,1094.14,1093.26,1092.4,1091.58,1090.78,1090.01,1089.27,1088.55,1087.86,1087.2,1086.56,1085.94,1085.35,1084.78,1084.23,1083.7,1083.19
3936.02,5175.68,8357.14,9070.87,5497.11,3913.25,3138.11,2687.28,2393.32,2186.35,2032.55,1913.62,1818.83,1741.46,1677.08,1622.68,1576.1,1535.78,1500.53,1469.47,1441.89,1417.26,1395.12,1375.14,1357,1340.48,1325.37,1311.5,1298.73,1286.94,1276.02,1265.88,1256.45,1247.65,1239.43,1231.73,1224.5,1217.72,1211.33,1205.3,1199.62,1194.24,1189.16,1184.34,1179.76,1175.42,1171.28,1167.35,1163.6,1160.03,1156.62,1153.36,1150.25,1147.27,1144.42,1141.69,1139.07,1136.56,1134.14,1131.83,1129.61,1127.47,1125.41,1123.43,1121.53,1119.7,1117.93,1116.23,1114.59,1113.01,1111.48,1110.01,1108.59,1107.22,1105.9,1104.62,1103.39,1102.2,1101.05,1099.94,1098.86,1097.83,1096.83,1095.86,1094.93,1094.03,1093.16,1092.32,1091.51,1090.73,1089.97,1089.24,1088.54,1087.86,1087.21,1086.58,1085.98,1085.4,1084.84,1084.3,1083.78
3853.38,4955.41,7606.62,9190.98,5819.07,4089.08,3244.21,2758.47,2444.85,2225.71,2063.82,1939.22,1840.28,1759.76,1692.95,1636.6,1588.45,1546.82,1510.48,1478.5,1450.14,1424.83,1402.11,1381.6,1363.01,1346.08,1330.61,1316.42,1303.36,1291.3,1280.14,1269.79,1260.16,1251.18,1242.78,1234.93,1227.56,1220.64,1214.13,1207.99,1202.2,1196.72,1191.54,1186.63,1181.97,1177.55,1173.34,1169.34,1165.53,1161.89,1158.42,1155.11,1151.94,1148.91,1146.01,1143.23,1140.57,1138.02,1135.57,1133.21,1130.95,1128.78,1126.69,1124.68,1122.74,1120.88,1119.09,1117.36,1115.69,1114.08,1112.53,1111.04,1109.59,1108.2,1106.86,1105.56,1104.31,1103.1,1101.93,1100.8,1099.71,1098.66,1097.64,1096.66,1095.71,1094.8,1093.91,1093.06,1092.23,1091.44,1090.67,1089.93,1089.22,1088.53,1087.86,1087.23,1086.61,1086.02,1085.45,1084.9,1084.37
3777.77,4765.89,7006.2,9071.47,6132.04,4271.57,3354.62,2832.22,2497.96,2266.11,2095.82,1965.34,1862.11,1778.36,1709.03,1650.7,1600.93,1557.97,1520.53,1487.61,1458.45,1432.45,1409.13,1388.1,1369.05,1351.72,1335.88,1321.36,1308.01,1295.68,1284.28,1273.71,1263.87,1254.71,1246.15,1238.14,1230.63,1223.57,1216.93,1210.68,1204.78,1199.2,1193.92,1188.93,1184.18,1179.68,1175.4,1171.33,1167.45,1163.75,1160.22,1156.85,1153.63,1150.55,1147.6,1144.78,1142.07,1139.48,1136.99,1134.59,1132.3,1130.09,1127.97,1125.92,1123.96,1122.06,1120.24,1118.48,1116.79,1115.16,1113.58,1112.06,1110.6,1109.19,1107.82,1106.5,1105.23,1104,1102.81,1101.67,1100.56,1099.49,1098.46,1097.46,1096.5,1095.57,1094.67,1093.8,1092.96,1092.15,1091.37,1090.62,1089.89,1089.19,1088.52,1087.87,1087.24,1086.64,1086.06,1085.5,1084.96
3708.27,4600.81,6519.02,8766.05,6420.25,4458.77,3469.01,2908.45,2552.64,2307.55,2128.52,1991.96,1884.31,1797.24,1725.34,1664.96,1613.54,1569.23,1530.66,1496.8,1466.83,1440.13,1416.2,1394.64,1375.12,1357.38,1341.17,1326.32,1312.67,1300.08,1288.44,1277.64,1267.6,1258.25,1249.52,1241.35,1233.69,1226.5,1219.74,1213.37,1207.36,1201.68,1196.31,1191.22,1186.4,1181.82,1177.46,1173.32,1169.37,1165.61,1162.02,1158.6,1155.32,1152.19,1149.2,1146.33,1143.58,1140.94,1138.41,1135.98,1133.64,1131.4,1129.24,1127.17,1125.17,1123.25,1121.39,1119.61,1117.89,1116.23,1114.63,1113.09,1111.6,1110.17,1108.78,1107.44,1106.15,1104.9,1103.7,1102.53,1101.41,1100.32,1099.27,1098.26,1097.28,1096.33,1095.42,1094.54,1093.69,1092.86,1092.07,1091.31,1090.57,1089.85,1089.17,1088.51,1087.87,1087.25,1086.66,1086.1,1085.55
3644.11,4455.52,6117.61,8352.37,6666.03,4647.98,3586.9,2987.02,2608.84,2349.99,2161.91,2019.08,1906.88,1816.39,1741.85,1679.39,1626.29,1580.6,1540.89,1506.05,1475.26,1447.85,1423.31,1401.22,1381.23,1363.06,1346.48,1331.3,1317.35,1304.49,1292.6,1281.58,1271.34,1261.8,1252.9,1244.57,1236.77,1229.44,1222.55,1216.07,1209.95,1204.17,1198.7,1193.52,1188.61,1183.95,1179.52,1175.31,1171.3,1167.47,1163.83,1160.34,1157.02,1153.83,1150.79,1147.87,1145.08,1142.4,1139.83,1137.36,1134.99,1132.71,1130.52,1128.41,1126.38,1124.43,1122.55,1120.74,1118.99,1117.31,1115.68,1114.12,1112.61,1111.15,1109.74,1108.38,1107.07,1105.8,1104.58,1103.39,1102.25,1101.15,1100.08,1099.05,1098.06,1097.1,1096.17,1095.28,1094.41,1093.57,1092.77,1091.99,1091.24,1090.52,1089.82,1089.14,1088.5,1087.87,1087.27,1086.69,1086.14
3584.64,4326.48,5781.95,7898.69,6852.58,4835.67,3707.58,3067.76,2666.49,2393.41,2195.99,2046.69,1929.81,1835.82,1758.58,1693.99,1639.17,1592.08,1551.2,1515.38,1483.75,1455.63,1430.47,1407.83,1387.36,1368.77,1351.82,1336.3,1322.05,1308.91,1296.78,1285.53,1275.08,1265.36,1256.28,1247.8,1239.85,1232.38,1225.37,1218.76,1212.53,1206.65,1201.09,1195.82,1190.83,1186.09,1181.58,1177.3,1173.22,1169.33,1165.63,1162.09,1158.71,1155.47,1152.38,1149.42,1146.58,1143.85,1141.24,1138.74,1136.33,1134.01,1131.79,1129.65,1127.59,1125.61,1123.7,1121.86,1120.09,1118.38,1116.73,1115.14,1113.61,1112.13,1110.7,1109.32,1107.99,1106.7,1105.46,1104.26,1103.1,1101.98,1100.89,1099.85,1098.84,1097.86,1096.92,1096.01,1095.13,1094.28,1093.47,1092.68,1091.91,1091.18,1090.47,1089.78,1089.12,1088.49,1087.88,1087.29,1086.72
3529.33,4210.97,5497.47,7450.07,6967.47,5017.55,3830.17,3150.42,2725.5,2437.77,2230.73,2074.78,1953.09,1855.51,1775.51,1708.75,1652.18,1603.66,1561.59,1524.78,1492.3,1463.45,1437.66,1414.47,1393.52,1374.5,1357.17,1341.31,1326.76,1313.35,1300.96,1289.49,1278.84,1268.92,1259.67,1251.03,1242.93,1235.33,1228.19,1221.46,1215.12,1209.14,1203.48,1198.12,1193.04,1188.22,1183.64,1179.29,1175.14,1171.19,1167.43,1163.83,1160.4,1157.11,1153.97,1150.96,1148.08,1145.31,1142.66,1140.12,1137.67,1135.32,1133.06,1130.89,1128.8,1126.79,1124.85,1122.98,1121.18,1119.45,1117.78,1116.16,1114.61,1113.1,1111.65,1110.25,1108.9,1107.6,1106.34,1105.12,1103.94,1102.8,1101.71,1100.64,1099.62,1098.63,1097.67,1096.75,1095.86,1094.99,1094.16,1093.36,1092.58,1091.84,1091.12,1090.42,1089.75,1089.1,1088.48,1087.88,1087.31
3477.72,4106.85,5253.42,7030.25,7005.69,5188.71,3953.53,3234.69,2785.77,2483.03,2266.11,2103.32,1976.72,1875.47,1792.65,1723.66,1665.32,1615.34,1572.07,1534.24,1500.91,1471.32,1444.89,1421.15,1399.71,1380.26,1362.55,1346.35,1331.48,1317.8,1305.16,1293.46,1282.6,1272.49,1263.07,1254.26,1246.01,1238.28,1231.01,1224.17,1217.72,1211.63,1205.87,1200.42,1195.26,1190.36,1185.71,1181.28,1177.07,1173.06,1169.23,1165.58,1162.09,1158.75,1155.56,1152.5,1149.58,1146.77,1144.08,1141.49,1139.01,1136.63,1134.34,1132.13,1130.01,1127.97,1126,1124.11,1122.28,1120.52,1118.82,1117.19,1115.61,1114.08,1112.61,1111.19,1109.82,1108.49,1107.21,1105.98,1104.78,1103.63,1102.51,1101.44,1100.4,1099.39,1098.42,1097.48,1096.58,1095.7,1094.86,1094.04,1093.25,1092.5,1091.76,1091.06,1090.38,1089.72,1089.09,1088.48,1087.89
3429.42,4012.42,5041.77,6648.76,6970.72,5343.86,4076.3,3320.18,2847.15,2529.12,2302.1,2132.32,2000.68,1895.68,1809.98,1738.73,1678.58,1627.12,1582.63,1543.77,1509.57,1479.24,1452.16,1427.86,1405.93,1386.04,1367.94,1351.4,1336.22,1322.26,1309.37,1297.44,1286.37,1276.07,1266.47,1257.5,1249.11,1241.23,1233.83,1226.87,1220.31,1214.12,1208.27,1202.73,1197.48,1192.5,1187.77,1183.27,1178.99,1174.92,1171.03,1167.32,1163.77,1160.39,1157.15,1154.05,1151.07,1148.22,1145.49,1142.87,1140.35,1137.93,1135.61,1133.37,1131.22,1129.14,1127.15,1125.23,1123.38,1121.59,1119.87,1118.21,1116.6,1115.06,1113.56,1112.12,1110.73,1109.39,1108.09,1106.84,1105.62,1104.45,1103.32,1102.23,1101.17,1100.15,1099.17,1098.22,1097.3,1096.41,1095.55,1094.72,1093.92,1093.15,1092.41,1091.69,1091,1090.33,1089.69,1089.07,1088.48
3384.09,3926.3,4856.46,6307.22,6873.23,5477.84,4196.91,3406.42,2909.48,2575.97,2338.65,2161.74,2024.96,1916.13,1827.5,1753.95,1691.95,1639,1593.26,1553.37,1518.28,1487.2,1459.47,1434.6,1412.17,1391.85,1373.36,1356.46,1340.98,1326.73,1313.59,1301.43,1290.15,1279.66,1269.88,1260.75,1252.2,1244.19,1236.66,1229.58,1222.91,1216.61,1210.66,1205.03,1199.69,1194.64,1189.83,1185.26,1180.92,1176.78,1172.83,1169.06,1165.46,1162.02,1158.74,1155.59,1152.57,1149.68,1146.91,1144.25,1141.69,1139.24,1136.88,1134.61,1132.42,1130.32,1128.3,1126.35,1124.47,1122.66,1120.91,1119.23,1117.6,1116.03,1114.52,1113.06,1111.65,1110.28,1108.97,1107.69,1106.46,1105.28,1104.13,1103.02,1101.95,1100.92,1099.92,1098.95,1098.02,1097.12,1096.24,1095.4,1094.59,1093.81,1093.05,1092.33,1091.62,1090.95,1090.29,1089.66,1089.06
3341.45,3847.39,4692.8,6003.45,6728.01,5586.12,4313.55,3492.84,2972.55,2623.49,2375.73,2191.55,2049.54,1936.81,1845.2,1769.32,1705.45,1650.97,1603.97,1563.03,1527.05,1495.2,1466.81,1441.37,1418.44,1397.67,1378.79,1361.55,1345.74,1331.21,1317.82,1305.42,1293.93,1283.24,1273.29,1263.99,1255.3,1247.14,1239.49,1232.29,1225.5,1219.1,1213.05,1207.33,1201.91,1196.77,1191.89,1187.25,1182.84,1178.63,1174.63,1170.8,1167.15,1163.66,1160.32,1157.13,1154.07,1151.13,1148.32,1145.62,1143.03,1140.54,1138.14,1135.84,1133.63,1131.5,1129.44,1127.47,1125.56,1123.72,1121.95,1120.24,1118.6,1117.01,1115.47,1113.99,1112.56,1111.17,1109.84,1108.55,1107.3,1106.1,1104.94,1103.81,1102.73,1101.68,1100.66,1099.68,1098.73,1097.82,1096.94,1096.08,1095.26,1094.47,1093.7,1092.96,1092.25,1091.56,1090.9,1090.26,1089.64
3301.24,3774.75,4547.15,5733.73,6550.56,5665.3,4424.33,3578.82,3036.13,2671.59,2413.28,2221.74,2074.41,1957.72,1863.08,1784.82,1719.05,1663.03,1614.76,1572.74,1535.86,1503.24,1474.19,1448.17,1424.73,1403.52,1384.24,1366.64,1350.52,1335.71,1322.05,1309.42,1297.72,1286.84,1276.71,1267.25,1258.4,1250.11,1242.32,1235,1228.1,1221.6,1215.45,1209.64,1204.13,1198.91,1193.95,1189.24,1184.76,1180.49,1176.42,1172.54,1168.84,1165.3,1161.91,1158.67,1155.56,1152.59,1149.73,1146.99,1144.36,1141.84,1139.41,1137.08,1134.83,1132.67,1130.59,1128.58,1126.65,1124.79,1122.99,1121.26,1119.59,1117.98,1116.42,1114.92,1113.47,1112.07,1110.71,1109.4,1108.14,1106.92,1105.74,1104.6,1103.5,1102.43,1101.41,1100.41,1099.45,1098.52,1097.63,1096.76,1095.93,1095.12,1094.34,1093.59,1092.87,1092.17,1091.5,1090.85,1090.22
3263.25,3707.61,4416.63,5493.99,6354.72,5713.62,4527.25,3663.64,3099.95,2720.13,2451.25,2252.26,2099.55,1978.84,1881.12,1800.45,1732.76,1675.17,1625.61,1582.52,1544.73,1511.32,1481.6,1455,1431.05,1409.39,1389.71,1371.75,1355.32,1340.21,1326.3,1313.44,1301.51,1290.44,1280.13,1270.5,1261.5,1253.07,1245.15,1237.71,1230.7,1224.09,1217.85,1211.94,1206.35,1201.05,1196.02,1191.23,1186.68,1182.35,1178.22,1174.28,1170.52,1166.93,1163.49,1160.2,1157.06,1154.04,1151.14,1148.37,1145.7,1143.14,1140.68,1138.31,1136.03,1133.84,1131.73,1129.7,1127.74,1125.85,1124.03,1122.28,1120.58,1118.95,1117.37,1115.85,1114.38,1112.96,1111.58,1110.26,1108.98,1107.74,1106.54,1105.39,1104.27,1103.19,1102.15,1101.14,1100.17,1099.23,1098.32,1097.44,1096.59,1095.78,1094.99,1094.22,1093.49,1092.78,1092.1,1091.44,1090.8
3227.27,3645.34,4298.95,5280.32,6151.42,5731.07,4620.38,3746.52,3163.7,2769,2489.57,2283.09,2124.92,2000.15,1899.32,1816.21,1746.57,1687.4,1636.53,1592.35,1553.63,1519.45,1489.05,1461.85,1437.39,1415.27,1395.19,1376.88,1360.12,1344.73,1330.55,1317.45,1305.32,1294.05,1283.55,1273.76,1264.61,1256.03,1247.99,1240.42,1233.3,1226.59,1220.24,1214.25,1208.57,1203.19,1198.08,1193.22,1188.6,1184.21,1180.02,1176.02,1172.21,1168.56,1165.08,1161.74,1158.55,1155.49,1152.55,1149.74,1147.03,1144.44,1141.94,1139.54,1137.24,1135.01,1132.88,1130.82,1128.83,1126.92,1125.07,1123.29,1121.58,1119.92,1118.32,1116.78,1115.29,1113.85,1112.46,1111.11,1109.81,1108.56,1107.35,1106.18,1105.04,1103.95,1102.89,1101.87,1100.88,1099.93,1099.01,1098.12,1097.26,1096.43,1095.63,1094.85,1094.11,1093.39,1092.7,1092.03,1091.38
3193.14,3587.38,4192.24,5089.23,5948.5,5719.39,4701.96,3826.62,3227.05,2818.04,2528.16,2314.18,2150.53,2021.64,1917.66,1832.08,1760.47,1699.7,1647.51,1602.23,1562.59,1527.6,1496.52,1468.73,1443.75,1421.17,1400.69,1382.01,1364.93,1349.25,1334.81,1321.48,1309.12,1297.66,1286.98,1277.02,1267.72,1259,1250.82,1243.14,1235.9,1229.08,1222.64,1216.55,1210.79,1205.32,1200.14,1195.21,1190.53,1186.07,1181.81,1177.76,1173.89,1170.19,1166.66,1163.28,1160.04,1156.94,1153.96,1151.11,1148.37,1145.74,1143.21,1140.77,1138.44,1136.18,1134.02,1131.93,1129.92,1127.98,1126.11,1124.31,1122.57,1120.89,1119.27,1117.7,1116.19,1114.73,1113.33,1111.96,1110.65,1109.38,1108.15,1106.96,1105.81,1104.71,1103.63,1102.6,1101.6,1100.63,1099.7,1098.79,1097.92,1097.08,1096.27,1095.48,1094.73,1094,1093.29,1092.61,1091.96
3160.71,3533.28,4095,4917.64,5751.2,5681.7,4770.49,3903.09,3289.63,2867.08,2566.95,2345.49,2176.32,2043.29,1936.13,1848.06,1774.46,1712.08,1658.56,1612.16,1571.58,1535.79,1504.02,1475.63,1450.13,1427.09,1406.2,1387.16,1369.76,1353.79,1339.08,1325.51,1312.94,1301.27,1290.41,1280.29,1270.83,1261.97,1253.66,1245.85,1238.51,1231.58,1225.04,1218.86,1213,1207.46,1202.2,1197.2,1192.45,1187.92,1183.61,1179.5,1175.57,1171.83,1168.24,1164.81,1161.53,1158.38,1155.37,1152.48,1149.7,1147.03,1144.47,1142,1139.63,1137.35,1135.16,1133.04,1131,1129.04,1127.15,1125.32,1123.56,1121.86,1120.21,1118.63,1117.1,1115.62,1114.19,1112.81,1111.48,1110.19,1108.95,1107.75,1106.58,1105.46,1104.37,1103.32,1102.31,1101.33,1100.38,1099.47,1098.59,1097.73,1096.91,1096.11,1095.35,1094.6,1093.89,1093.2,1092.54
3129.83,3482.63,4005.96,4762.95,5562.65,5622.03,4824.87,3975.05,3351.04,2915.95,2605.85,2376.96,2202.28,2065.09,1954.73,1864.15,1788.54,1724.52,1669.66,1622.14,1580.61,1544.02,1511.55,1482.56,1456.53,1433.03,1411.72,1392.32,1374.59,1358.33,1343.36,1329.54,1316.75,1304.89,1293.85,1283.56,1273.94,1264.94,1256.5,1248.57,1241.11,1234.07,1227.44,1221.16,1215.22,1209.6,1204.26,1199.19,1194.36,1189.78,1185.4,1181.24,1177.26,1173.46,1169.82,1166.35,1163.02,1159.83,1156.77,1153.84,1151.03,1148.33,1145.73,1143.23,1140.83,1138.52,1136.3,1134.15,1132.09,1130.1,1128.18,1126.33,1124.54,1122.82,1121.16,1119.55,1118,1116.51,1115.06,1113.66,1112.31,1111.01,1109.75,1108.53,1107.35,1106.21,1105.11,1104.05,1103.02,1102.03,1101.07,1100.14,1099.25,1098.38,1097.55,1096.74,1095.96,1095.21,1094.49,1093.79,1093.12
3100.41,3435.08,3924.1,4622.91,5384.53,5544.81,4864.46,4041.67,3410.89,2964.46,2644.76,2408.55,2228.37,2087.02,1973.44,1880.32,1802.69,1737.03,1680.81,1632.16,1589.68,1552.27,1519.11,1489.51,1462.94,1438.98,1417.26,1397.5,1379.44,1362.88,1347.64,1333.58,1320.58,1308.51,1297.29,1286.83,1277.06,1267.91,1259.34,1251.29,1243.71,1236.57,1229.83,1223.47,1217.44,1211.73,1206.32,1201.17,1196.28,1191.63,1187.2,1182.97,1178.94,1175.08,1171.4,1167.88,1164.51,1161.28,1158.18,1155.21,1152.36,1149.62,1146.99,1144.46,1142.03,1139.69,1137.43,1135.26,1133.17,1131.16,1129.21,1127.34,1125.53,1123.79,1122.1,1120.48,1118.91,1117.39,1115.93,1114.51,1113.14,1111.82,1110.55,1109.31,1108.12,1106.97,1105.85,1104.77,1103.73,1102.73,1101.75,1100.82,1099.91,1099.03,1098.18,1097.37,1096.58,1095.82,1095.08,1094.37,1093.69
3072.31,3390.35,3848.55,4495.63,5217.55,5454.42,4889.13,4102.18,3468.74,3012.4,2683.57,2440.2,2254.57,2109.05,1992.24,1896.58,1816.91,1749.6,1692.01,1642.23,1598.78,1560.56,1526.69,1496.48,1469.38,1444.95,1422.81,1402.68,1384.29,1367.43,1351.93,1337.63,1324.4,1312.13,1300.73,1290.1,1280.17,1270.89,1262.18,1254.01,1246.31,1239.07,1232.23,1225.77,1219.66,1213.87,1208.37,1203.16,1198.2,1193.48,1188.99,1184.7,1180.62,1176.71,1172.98,1169.41,1165.99,1162.72,1159.58,1156.57,1153.69,1150.91,1148.25,1145.69,1143.22,1140.85,1138.57,1136.37,1134.25,1132.21,1130.25,1128.35,1126.52,1124.75,1123.05,1121.4,1119.81,1118.28,1116.79,1115.36,1113.97,1112.64,1111.34,1110.09,1108.89,1107.72,1106.59,1105.5,1104.44,1103.42,1102.44,1101.49,1100.57,1099.68,1098.82,1097.99,1097.19,1096.42,1095.68,1094.96,1094.27
3045.45,3348.17,3778.57,4379.5,5061.74,5354.85,4899.24,4155.88,3524.16,3059.55,2722.18,2471.84,2280.83,2131.15,2011.11,1912.91,1831.2,1762.22,1703.26,1652.33,1607.92,1568.87,1534.29,1503.46,1475.83,1450.93,1428.38,1407.87,1389.15,1371.99,1356.22,1341.68,1328.23,1315.76,1304.17,1293.37,1283.29,1273.86,1265.02,1256.72,1248.92,1241.56,1234.63,1228.07,1221.87,1216,1210.43,1205.14,1200.12,1195.33,1190.78,1186.44,1182.29,1178.34,1174.56,1170.94,1167.48,1164.16,1160.98,1157.94,1155.01,1152.2,1149.5,1146.91,1144.41,1142.01,1139.7,1137.48,1135.33,1133.27,1131.28,1129.36,1127.5,1125.71,1123.99,1122.32,1120.71,1119.16,1117.66,1116.21,1114.8,1113.45,1112.14,1110.87,1109.65,1108.47,1107.32,1106.22,1105.15,1104.12,1103.12,1102.16,1101.23,1100.33,1099.46,1098.62,1097.81,1097.03,1096.27,1095.54,1094.84
3019.75,3308.3,3713.54,4273.15,4916.76,5249.55,4895.6,4202.23,3576.73,3105.69,2760.46,2503.42,2307.11,2153.32,2030.06,1929.3,1845.53,1774.88,1714.55,1662.46,1617.08,1577.2,1541.91,1510.47,1482.3,1456.92,1433.95,1413.07,1394.01,1376.56,1360.52,1345.73,1332.06,1319.39,1307.62,1296.65,1286.41,1276.84,1267.86,1259.44,1251.52,1244.06,1237.02,1230.38,1224.09,1218.13,1212.49,1207.13,1202.03,1197.18,1192.57,1188.17,1183.97,1179.96,1176.13,1172.47,1168.96,1165.6,1162.38,1159.3,1156.34,1153.49,1150.76,1148.13,1145.61,1143.18,1140.84,1138.58,1136.41,1134.32,1132.31,1130.36,1128.48,1126.67,1124.93,1123.24,1121.61,1120.04,1118.52,1117.05,1115.63,1114.26,1112.93,1111.65,1110.41,1109.22,1108.06,1106.94,1105.86,1104.81,1103.8,1102.83,1101.88,1100.97,1100.09,1099.24,1098.42,1097.63,1096.86,1096.13,1095.41
2995.11,3270.56,3652.93,4175.41,4782.05,5141.33,4879.38,4240.81,3626.05,3150.59,2798.29,2534.86,2333.38,2175.52,2049.05,1945.73,1859.91,1787.59,1725.87,1672.63,1626.27,1585.56,1549.55,1517.49,1488.77,1462.92,1439.53,1418.28,1398.89,1381.13,1364.82,1349.79,1335.9,1323.02,1311.06,1299.93,1289.53,1279.81,1270.71,1262.16,1254.12,1246.56,1239.42,1232.68,1226.3,1220.26,1214.54,1209.11,1203.94,1199.03,1194.36,1189.9,1185.65,1181.59,1177.71,1173.99,1170.44,1167.04,1163.78,1160.66,1157.66,1154.78,1152.01,1149.35,1146.8,1144.34,1141.97,1139.69,1137.49,1135.37,1133.33,1131.36,1129.47,1127.63,1125.87,1124.16,1122.51,1120.92,1119.38,1117.89,1116.46,1115.07,1113.73,1112.43,1111.18,1109.97,1108.79,1107.66,1106.57,1105.51,1104.49,1103.5,1102.54,1101.62,1100.73,1099.87,1099.03,1098.23,1097.46,1096.71,1095.99
2971.48,3234.77,3596.27,4085.29,4656.94,5032.43,4851.99,4271.38,3671.75,3194.01,2835.54,2566.09,2359.59,2197.72,2068.06,1962.21,1874.33,1800.33,1737.22,1682.82,1635.48,1593.93,1557.21,1524.52,1495.26,1468.93,1445.12,1423.49,1403.77,1385.71,1369.13,1353.85,1339.74,1326.66,1314.51,1303.2,1292.65,1282.79,1273.55,1264.88,1256.73,1249.05,1241.81,1234.98,1228.51,1222.4,1216.59,1211.09,1205.86,1200.88,1196.14,1191.63,1187.32,1183.21,1179.28,1175.52,1171.92,1168.48,1165.18,1162.02,1158.98,1156.06,1153.26,1150.57,1147.99,1145.5,1143.1,1140.79,1138.57,1136.42,1134.36,1132.37,1130.45,1128.59,1126.8,1125.08,1123.41,1121.8,1120.24,1118.74,1117.28,1115.88,1114.52,1113.21,1111.94,1110.71,1109.53,1108.38,1107.27,1106.2,1105.17,1104.16,1103.2,1102.26,1101.36,1100.49,1099.64,1098.83,1098.05,1097.29,1096.56
2948.78,3200.75,3543.18,4001.94,4540.72,4924.5,4815,4293.89,3713.48,3235.74,2872.08,2597.03,2385.7,2219.89,2087.09,1978.7,1888.78,1813.09,1748.6,1693.03,1644.71,1602.33,1564.88,1531.57,1501.76,1474.95,1450.72,1428.71,1408.65,1390.29,1373.44,1357.92,1343.58,1330.29,1317.96,1306.48,1295.77,1285.76,1276.39,1267.59,1259.33,1251.54,1244.21,1237.28,1230.73,1224.52,1218.65,1213.07,1207.77,1202.73,1197.93,1193.35,1188.99,1184.83,1180.85,1177.04,1173.4,1169.92,1166.58,1163.37,1160.3,1157.35,1154.52,1151.79,1149.17,1146.65,1144.23,1141.89,1139.64,1137.47,1135.38,1133.37,1131.43,1129.55,1127.74,1125.99,1124.3,1122.67,1121.1,1119.58,1118.11,1116.68,1115.31,1113.98,1112.7,1111.46,1110.26,1109.1,1107.98,1106.89,1105.84,1104.83,1103.85,1102.91,1101.99,1101.11,1100.25,1099.43,1098.64,1097.87,1097.13
2926.95,3168.38,3493.31,3924.61,4432.68,4818.78,4769.99,4308.42,3750.96,3275.53,2907.78,2627.6,2411.65,2242.02,2106.11,1995.21,1903.24,1825.88,1759.99,1703.27,1653.96,1610.73,1572.56,1538.63,1508.27,1480.98,1456.32,1433.94,1413.54,1394.88,1377.75,1361.98,1347.42,1333.93,1321.41,1309.76,1298.89,1288.74,1279.23,1270.31,1261.93,1254.04,1246.6,1239.58,1232.94,1226.65,1220.7,1215.04,1209.68,1204.57,1199.71,1195.08,1190.66,1186.44,1182.42,1178.57,1174.88,1171.35,1167.97,1164.73,1161.62,1158.63,1155.76,1153.01,1150.36,1147.81,1145.35,1142.99,1140.72,1138.52,1136.41,1134.37,1132.4,1130.5,1128.67,1126.9,1125.2,1123.55,1121.95,1120.42,1118.93,1117.49,1116.1,1114.76,1113.46,1112.2,1110.99,1109.81,1108.68,1107.58,1106.52,1105.5,1104.51,1103.55,1102.62,1101.73,1100.86,1100.03,1099.22,1098.45,1097.7
2905.95,3137.53,3446.36,3852.68,4332.14,4716.11,4718.53,4315.24,3783.96,3313.2,2942.51,2657.74,2437.41,2264.05,2125.09,2011.71,1917.72,1838.68,1771.41,1713.51,1663.22,1619.15,1580.26,1545.69,1514.79,1487.02,1461.93,1439.17,1418.43,1399.47,1382.07,1366.05,1351.26,1337.57,1324.86,1313.04,1302.01,1291.71,1282.07,1273.03,1264.53,1256.53,1248.99,1241.87,1235.15,1228.78,1222.75,1217.02,1211.58,1206.41,1201.49,1196.8,1192.33,1188.06,1183.98,1180.09,1176.36,1172.78,1169.36,1166.08,1162.93,1159.91,1157.01,1154.22,1151.54,1148.96,1146.48,1144.09,1141.79,1139.57,1137.43,1135.37,1133.38,1131.46,1129.61,1127.82,1126.09,1124.42,1122.81,1121.25,1119.75,1118.29,1116.89,1115.53,1114.22,1112.95,1111.72,1110.53,1109.38,1108.27,1107.2,1106.16,1105.16,1104.19,1103.25,1102.35,1101.47,1100.63,1099.81,1099.03,1098.27
2885.72,3108.09,3402.06,3785.58,4238.45,4617.04,4662.07,4314.75,3812.31,3348.53,2976.13,2687.34,2462.91,2285.97,2144.03,2028.2,1932.19,1851.49,1782.83,1723.77,1672.49,1627.58,1587.96,1552.76,1521.31,1493.06,1467.54,1444.4,1423.32,1404.06,1386.38,1370.12,1355.1,1341.21,1328.31,1316.32,1305.13,1294.69,1284.91,1275.74,1267.12,1259.02,1251.38,1244.17,1237.35,1230.9,1224.79,1219,1213.49,1208.25,1203.27,1198.52,1194,1189.68,1185.55,1181.6,1177.83,1174.22,1170.75,1167.43,1164.25,1161.19,1158.26,1155.44,1152.72,1150.11,1147.6,1145.19,1142.86,1140.61,1138.45,1136.36,1134.35,1132.41,1130.54,1128.73,1126.98,1125.3,1123.67,1122.09,1120.57,1119.1,1117.68,1116.3,1114.97,1113.69,1112.45,1111.24,1110.08,1108.96,1107.87,1106.82,1105.81,1104.83,1103.88,1102.96,1102.08,1101.23,1100.4,1099.6,1098.83
2866.21,3079.95,3360.19,3722.85,4151.02,4521.91,4601.91,4307.48,3835.93,3381.35,3008.5,2716.34,2488.12,2307.75,2162.89,2044.65,1946.64,1864.3,1794.25,1734.04,1681.77,1636.02,1595.67,1559.84,1527.84,1499.1,1473.16,1449.64,1428.22,1408.65,1390.7,1374.18,1358.95,1344.84,1331.76,1319.59,1308.25,1297.66,1287.75,1278.45,1269.72,1261.51,1253.77,1246.46,1239.56,1233.03,1226.84,1220.97,1215.39,1210.09,1205.05,1200.24,1195.66,1191.29,1187.11,1183.12,1179.3,1175.64,1172.14,1168.78,1165.56,1162.47,1159.5,1156.65,1153.9,1151.27,1148.73,1146.28,1143.93,1141.66,1139.47,1137.36,1135.33,1133.36,1131.47,1129.64,1127.87,1126.17,1124.52,1122.93,1121.39,1119.9,1118.46,1117.07,1115.73,1114.43,1113.17,1111.96,1110.78,1109.65,1108.55,1107.49,1106.46,1105.47,1104.51,1103.58,1102.69,1101.82,1100.99,1100.18,1099.4
2847.39,3053.02,3320.53,3664.06,4069.32,4430.89,4539.21,4294,3854.79,3411.51,3039.52,2744.64,2512.96,2329.33,2181.66,2061.05,1961.08,1877.09,1805.68,1744.3,1691.05,1644.46,1603.38,1566.93,1534.37,1505.15,1478.78,1454.87,1433.12,1413.24,1395.02,1378.25,1362.79,1348.48,1335.21,1322.87,1311.37,1300.63,1290.58,1281.16,1272.32,1263.99,1256.15,1248.75,1241.76,1235.15,1228.88,1222.94,1217.29,1211.93,1206.82,1201.96,1197.32,1192.9,1188.67,1184.63,1180.77,1177.07,1173.53,1170.13,1166.87,1163.75,1160.74,1157.86,1155.08,1152.41,1149.85,1147.37,1144.99,1142.7,1140.49,1138.35,1136.3,1134.31,1132.4,1130.55,1128.76,1127.04,1125.37,1123.76,1122.2,1120.7,1119.25,1117.84,1116.48,1115.17,1113.9,1112.67,1111.48,1110.33,1109.22,1108.15,1107.11,1106.11,1105.14,1104.2,1103.29,1102.42,1101.57,1100.75,1099.97
2829.21,3027.22,3282.91,3608.84,3992.84,4344.03,4474.95,4274.97,3868.92,3438.88,3069.05,2772.18,2537.41,2350.7,2200.31,2077.39,1975.48,1889.87,1817.09,1754.56,1700.33,1652.9,1611.1,1574.01,1540.91,1511.2,1484.4,1460.11,1438.02,1417.83,1399.33,1382.32,1366.63,1352.12,1338.66,1326.15,1314.49,1303.6,1293.42,1283.87,1274.91,1266.48,1258.54,1251.05,1243.97,1237.27,1230.92,1224.91,1219.19,1213.76,1208.6,1203.68,1198.99,1194.51,1190.23,1186.15,1182.24,1178.5,1174.91,1171.48,1168.18,1165.02,1161.98,1159.07,1156.26,1153.56,1150.97,1148.47,1146.06,1143.74,1141.5,1139.35,1137.27,1135.26,1133.32,1131.45,1129.65,1127.91,1126.22,1124.59,1123.02,1121.5,1120.03,1118.61,1117.24,1115.91,1114.62,1113.38,1112.18,1111.02,1109.89,1108.81,1107.76,1106.74,1105.76,1104.81,1103.9,1103.01,1102.16,1101.33,1100.53
2811.64,3002.47,3247.16,3556.87,3921.13,4261.29,4409.92,4251.06,3878.44,3463.35,3096.99,2798.86,2561.39,2371.82,2218.82,2093.65,1989.83,1902.62,1828.49,1764.81,1709.61,1661.34,1618.81,1581.1,1547.44,1517.25,1490.02,1465.35,1442.91,1422.43,1403.65,1386.39,1370.47,1355.75,1342.1,1329.42,1317.6,1306.57,1296.25,1286.58,1277.5,1268.96,1260.92,1253.33,1246.17,1239.39,1232.96,1226.87,1221.09,1215.6,1210.37,1205.39,1200.64,1196.12,1191.79,1187.66,1183.71,1179.92,1176.3,1172.82,1169.49,1166.29,1163.22,1160.27,1157.44,1154.71,1152.08,1149.56,1147.12,1144.78,1142.52,1140.34,1138.24,1136.21,1134.25,1132.36,1130.54,1128.77,1127.07,1125.42,1123.83,1122.3,1120.81,1119.38,1117.99,1116.64,1115.35,1114.09,1112.88,1111.7,1110.57,1109.47,1108.4,1107.38,1106.39,1105.43,1104.5,1103.6,1102.74,1101.9,1101.1
2794.65,2978.71,3213.14,3507.87,3853.79,4182.57,4344.82,4222.95,3883.51,3484.87,3123.25,2824.61,2584.86,2392.64,2237.16,2109.81,2004.13,1915.34,1839.87,1775.06,1718.88,1669.77,1626.52,1588.18,1553.97,1523.29,1495.64,1470.59,1447.81,1427.02,1407.97,1390.45,1374.31,1359.38,1345.55,1332.69,1320.72,1309.54,1299.08,1289.29,1280.09,1271.44,1263.3,1255.62,1248.36,1241.5,1235,1228.84,1222.99,1217.43,1212.14,1207.1,1202.3,1197.72,1193.35,1189.17,1185.17,1181.34,1177.68,1174.17,1170.8,1167.56,1164.46,1161.48,1158.61,1155.85,1153.2,1150.64,1148.18,1145.81,1143.53,1141.33,1139.2,1137.15,1135.17,1133.26,1131.42,1129.64,1127.92,1126.26,1124.65,1123.09,1121.59,1120.14,1118.74,1117.38,1116.07,1114.8,1113.57,1112.38,1111.24,1110.12,1109.05,1108.01,1107.01,1106.04,1105.1,1104.2,1103.32,1102.47,1101.66
2778.21,2955.88,3180.71,3461.56,3790.45,4107.73,4280.17,4191.28,3884.33,3503.39,3147.73,2849.37,2607.76,2413.14,2255.31,2125.85,2018.35,1928.01,1851.22,1785.28,1728.13,1678.19,1634.23,1595.26,1560.5,1529.34,1501.25,1475.82,1452.71,1431.61,1412.28,1394.52,1378.15,1363.02,1348.99,1335.96,1323.83,1312.5,1301.91,1291.99,1282.68,1273.92,1265.68,1257.9,1250.56,1243.61,1237.04,1230.8,1224.88,1219.26,1213.91,1208.81,1203.96,1199.32,1194.9,1190.67,1186.63,1182.76,1179.06,1175.51,1172.1,1168.83,1165.69,1162.68,1159.78,1156.99,1154.31,1151.73,1149.24,1146.85,1144.54,1142.31,1140.17,1138.1,1136.1,1134.17,1132.3,1130.5,1128.76,1127.08,1125.46,1123.89,1122.37,1120.91,1119.49,1118.12,1116.79,1115.51,1114.26,1113.06,1111.9,1110.78,1109.7,1108.65,1107.63,1106.65,1105.7,1104.79,1103.9,1103.05,1102.22
2762.28,2933.91,3149.77,3417.74,3730.78,4036.62,4216.38,4156.67,3881.18,3518.9,3170.35,2873.05,2630.05,2433.29,2273.24,2141.77,2032.5,1940.63,1862.53,1795.48,1737.37,1686.61,1641.92,1602.33,1567.03,1535.38,1506.87,1481.06,1457.6,1436.19,1416.59,1398.58,1381.98,1366.64,1352.43,1339.23,1326.93,1315.46,1304.74,1294.69,1285.26,1276.4,1268.05,1260.18,1252.75,1245.72,1239.07,1232.76,1226.77,1221.08,1215.67,1210.52,1205.61,1200.92,1196.45,1192.18,1188.09,1184.18,1180.43,1176.84,1173.4,1170.1,1166.93,1163.88,1160.95,1158.13,1155.42,1152.82,1150.3,1147.88,1145.55,1143.3,1141.13,1139.04,1137.02,1135.07,1133.19,1131.37,1129.61,1127.91,1126.27,1124.68,1123.15,1121.67,1120.24,1118.85,1117.51,1116.21,1114.96,1113.74,1112.57,1111.44,1110.34,1109.28,1108.25,1107.26,1106.3,1105.38,1104.48,1103.62,1102.78
2746.85,2912.75,3120.19,3376.2,3674.48,3969.06,4153.79,4119.7,3874.32,3531.44,3191.07,2895.6,2651.68,2453.04,2290.94,2157.53,2046.55,1953.18,1873.81,1805.65,1746.59,1695.01,1649.61,1609.39,1573.54,1541.41,1512.47,1486.28,1462.49,1440.77,1420.9,1402.64,1385.81,1370.27,1355.87,1342.49,1330.04,1318.42,1307.56,1297.39,1287.84,1278.87,1270.43,1262.46,1254.94,1247.83,1241.1,1234.72,1228.66,1222.91,1217.43,1212.22,1207.26,1202.52,1198,1193.68,1189.55,1185.6,1181.81,1178.18,1174.7,1171.36,1168.16,1165.08,1162.12,1159.27,1156.54,1153.9,1151.36,1148.91,1146.56,1144.29,1142.09,1139.98,1137.94,1135.97,1134.07,1132.23,1130.45,1128.74,1127.08,1125.48,1123.93,1122.43,1120.98,1119.58,1118.23,1116.92,1115.65,1114.42,1113.24,1112.09,1110.98,1109.91,1108.87,1107.87,1106.9,1105.97,1105.06,1104.19,1103.34
2731.88,2892.36,3091.9,3336.76,3621.28,3904.85,4092.63,4080.88,3864.08,3541.04,3209.84,2916.96,2672.59,2472.36,2308.37,2173.13,2060.49,1965.67,1885.03,1815.79,1755.79,1703.39,1657.28,1616.45,1580.05,1547.44,1518.08,1491.51,1467.37,1445.35,1425.2,1406.69,1389.64,1373.89,1359.3,1345.75,1333.14,1321.38,1310.38,1300.09,1290.42,1281.34,1272.8,1264.74,1257.13,1249.94,1243.13,1236.67,1230.55,1224.73,1219.19,1213.93,1208.91,1204.12,1199.55,1195.18,1191,1187.01,1183.18,1179.52,1176,1172.63,1169.39,1166.28,1163.29,1160.41,1157.64,1154.98,1152.42,1149.95,1147.56,1145.27,1143.05,1140.92,1138.86,1136.87,1134.94,1133.09,1131.29,1129.56,1127.89,1126.27,1124.7,1123.19,1121.73,1120.31,1118.94,1117.62,1116.34,1115.1,1113.9,1112.75,1111.62,1110.54,1109.49,1108.48,1107.5,1106.55,1105.64,1104.75,1103.9
2717.36,2872.69,3064.8,3299.26,3570.93,3843.83,4033.07,4040.69,3850.75,3547.79,3226.62,2937.08,2692.75,2491.21,2325.52,2188.55,2074.31,1978.08,1896.2,1825.89,1764.96,1711.75,1664.94,1623.49,1586.55,1553.46,1523.67,1496.73,1472.25,1449.93,1429.5,1410.74,1393.47,1377.51,1362.73,1349.01,1336.24,1324.33,1313.2,1302.78,1293,1283.81,1275.16,1267.01,1259.31,1252.04,1245.15,1238.62,1232.43,1226.55,1220.95,1215.63,1210.55,1205.71,1201.09,1196.68,1192.46,1188.42,1184.55,1180.85,1177.3,1173.89,1170.61,1167.47,1164.45,1161.55,1158.75,1156.06,1153.47,1150.97,1148.57,1146.25,1144.01,1141.86,1139.77,1137.76,1135.82,1133.95,1132.14,1130.39,1128.69,1127.06,1125.48,1123.95,1122.47,1121.04,1119.66,1118.32,1117.03,1115.78,1114.57,1113.4,1112.27,1111.17,1110.11,1109.09,1108.1,1107.14,1106.22,1105.32,1104.46
2703.26,2853.7,3038.81,3263.55,3523.22,3785.81,3975.23,3999.52,3834.67,3551.79,3241.4,2955.91,2712.11,2509.58,2342.35,2203.76,2088,1990.39,1907.31,1835.94,1774.1,1720.09,1672.58,1630.51,1593.04,1559.48,1529.26,1501.94,1477.12,1454.49,1433.79,1414.79,1397.29,1381.12,1366.16,1352.26,1339.34,1327.28,1316.01,1305.47,1295.57,1286.28,1277.53,1269.28,1261.5,1254.14,1247.17,1240.57,1234.31,1228.36,1222.71,1217.32,1212.19,1207.3,1202.63,1198.17,1193.91,1189.83,1185.92,1182.18,1178.59,1175.15,1171.84,1168.66,1165.61,1162.68,1159.86,1157.14,1154.52,1152,1149.57,1147.23,1144.97,1142.79,1140.69,1138.66,1136.7,1134.8,1132.97,1131.21,1129.5,1127.85,1126.25,1124.71,1123.21,1121.77,1120.37,1119.02,1117.72,1116.45,1115.23,1114.05,1112.91,1111.8,1110.73,1109.69,1108.69,1107.73,1106.79,1105.89,1105.02
2689.56,2835.35,3013.86,3229.5,3477.95,3730.6,3919.19,3957.74,3816.16,3553.17,3254.19,2973.42,2730.63,2527.41,2358.85,2218.76,2101.54,2002.61,1918.35,1845.95,1783.2,1728.4,1680.2,1637.53,1599.52,1565.48,1534.84,1507.14,1481.98,1459.06,1438.08,1418.83,1401.1,1384.73,1369.58,1355.51,1342.43,1330.22,1318.82,1308.15,1298.14,1288.74,1279.89,1271.55,1263.68,1256.24,1249.19,1242.52,1236.19,1230.18,1224.46,1219.02,1213.84,1208.89,1204.17,1199.67,1195.36,1191.24,1187.29,1183.51,1179.88,1176.4,1173.06,1169.86,1166.77,1163.81,1160.96,1158.21,1155.57,1153.03,1150.57,1148.21,1145.93,1143.73,1141.6,1139.55,1137.57,1135.66,1133.81,1132.03,1130.3,1128.63,1127.02,1125.46,1123.96,1122.5,1121.09,1119.72,1118.4,1117.13,1115.89,1114.7,1113.54,1112.43,1111.35,1110.3,1109.29,1108.31,1107.37,1106.45,1105.57
2676.25,2817.62,2989.88,3196.99,3434.93,3678.05,3864.99,3915.65,3795.51,3552.05,3265,2989.57,2748.28,2544.69,2374.99,2233.52,2114.93,2014.72,1929.32,1855.9,1792.26,1736.68,1687.8,1644.52,1605.98,1571.46,1540.41,1512.33,1486.84,1463.61,1442.36,1422.86,1404.91,1388.34,1373,1358.76,1345.51,1333.17,1321.63,1310.83,1300.71,1291.2,1282.25,1273.81,1265.85,1258.33,1251.21,1244.46,1238.07,1231.99,1226.21,1220.71,1215.47,1210.48,1205.71,1201.16,1196.8,1192.64,1188.65,1184.83,1181.17,1177.66,1174.28,1171.04,1167.93,1164.94,1162.06,1159.29,1156.62,1154.05,1151.57,1149.18,1146.88,1144.66,1142.51,1140.44,1138.44,1136.51,1134.65,1132.85,1131.1,1129.42,1127.79,1126.22,1124.7,1123.22,1121.8,1120.42,1119.09,1117.8,1116.55,1115.35,1114.18,1113.05,1111.96,1110.9,1109.88,1108.9,1107.94,1107.02,1106.13
2663.31,2800.45,2966.82,3165.92,3394,3627.99,3812.63,3873.51,3773.04,3548.59,3273.85,3004.36,2765.03,2561.39,2390.74,2248.03,2128.14,2026.71,1940.2,1865.79,1801.28,1744.93,1695.36,1651.49,1612.42,1577.44,1545.96,1517.51,1491.69,1468.16,1446.64,1426.89,1408.72,1391.94,1376.41,1362,1348.6,1336.1,1324.43,1313.51,1303.27,1293.65,1284.6,1276.07,1268.02,1260.42,1253.22,1246.4,1239.94,1233.8,1227.96,1222.4,1217.11,1212.06,1207.25,1202.65,1198.25,1194.04,1190.01,1186.16,1182.46,1178.91,1175.5,1172.23,1169.09,1166.07,1163.16,1160.36,1157.67,1155.07,1152.57,1150.16,1147.83,1145.59,1143.42,1141.33,1139.32,1137.37,1135.48,1133.66,1131.91,1130.21,1128.56,1126.97,1125.44,1123.95,1122.51,1121.12,1119.77,1118.47,1117.21,1116,1114.82,1113.68,1112.57,1111.51,1110.48,1109.48,1108.51,1107.58,1106.68
2650.71,2783.84,2944.62,3136.18,3355.01,3580.27,3762.11,3831.54,3749,3542.95,3280.79,3017.76,2780.84,2577.47,2406.1,2262.27,2141.17,2038.58,1950.98,1875.61,1810.24,1753.14,1702.9,1658.44,1618.84,1583.4,1551.51,1522.69,1496.53,1472.7,1450.91,1430.91,1412.51,1395.53,1379.82,1365.23,1351.67,1339.03,1327.23,1316.18,1305.83,1296.1,1286.95,1278.33,1270.19,1262.51,1255.23,1248.34,1241.81,1235.6,1229.7,1224.09,1218.74,1213.64,1208.78,1204.13,1199.69,1195.44,1191.37,1187.48,1183.74,1180.16,1176.72,1173.42,1170.24,1167.19,1164.26,1161.43,1158.71,1156.09,1153.56,1151.13,1148.78,1146.52,1144.33,1142.22,1140.18,1138.22,1136.32,1134.48,1132.7,1130.99,1129.33,1127.72,1126.17,1124.67,1123.22,1121.82,1120.46,1119.14,1117.87,1116.64,1115.45,1114.3,1113.19,1112.11,1111.07,1110.06,1109.09,1108.15,1107.24
2638.46,2767.74,2923.23,3107.69,3317.83,3534.75,3713.4,3789.92,3723.68,3535.29,3285.88,3029.77,2795.71,2592.92,2421.03,2276.22,2154.01,2050.3,1961.67,1885.36,1819.15,1761.3,1710.41,1665.36,1625.24,1589.34,1557.04,1527.85,1501.36,1477.23,1455.16,1434.93,1416.3,1399.12,1383.22,1368.46,1354.75,1341.96,1330.02,1318.85,1308.38,1298.55,1289.3,1280.58,1272.36,1264.59,1257.24,1250.28,1243.67,1237.4,1231.44,1225.77,1220.37,1215.22,1210.31,1205.61,1201.13,1196.84,1192.73,1188.8,1185.03,1181.41,1177.93,1174.6,1171.4,1168.31,1165.35,1162.5,1159.75,1157.11,1154.56,1152.1,1149.73,1147.45,1145.24,1143.11,1141.05,1139.07,1137.15,1135.29,1133.5,1131.77,1130.1,1128.48,1126.91,1125.39,1123.93,1122.51,1121.14,1119.81,1118.53,1117.29,1116.09,1114.92,1113.8,1112.71,1111.66,1110.64,1109.66,1108.71,1107.79
2626.52,2752.13,2902.6,3080.37,3282.32,3491.3,3666.47,3748.8,3697.29,3525.79,3289.17,3040.4,2809.6,2607.71,2435.52,2289.88,2166.64,2061.88,1972.26,1895.03,1828.01,1769.43,1717.88,1672.25,1631.63,1595.26,1562.55,1532.99,1506.17,1481.75,1459.41,1438.93,1420.09,1402.7,1386.61,1371.69,1357.81,1344.88,1332.81,1321.52,1310.93,1300.99,1291.64,1282.83,1274.52,1266.67,1259.24,1252.21,1245.54,1239.2,1233.18,1227.45,1222,1216.8,1211.83,1207.09,1202.57,1198.23,1194.09,1190.11,1186.31,1182.65,1179.15,1175.78,1172.55,1169.44,1166.44,1163.56,1160.79,1158.12,1155.55,1153.07,1150.68,1148.37,1146.14,1143.99,1141.92,1139.91,1137.98,1136.11,1134.3,1132.55,1130.86,1129.23,1127.64,1126.12,1124.64,1123.2,1121.82,1120.48,1119.19,1117.93,1116.72,1115.54,1114.41,1113.31,1112.25,1111.22,1110.23,1109.27,1108.34
2614.89,2736.99,2882.69,3054.15,3248.39,3449.78,3621.26,3708.29,3670.07,3514.6,3290.75,3049.65,2822.51,2621.83,2449.55,2303.22,2179.05,2073.31,1982.73,1904.63,1836.8,1777.5,1725.32,1679.12,1637.98,1601.16,1568.05,1538.12,1510.98,1486.25,1463.65,1442.93,1423.86,1406.27,1390,1374.91,1360.87,1347.8,1335.6,1324.18,1313.47,1303.43,1293.98,1285.07,1276.68,1268.74,1261.24,1254.13,1247.39,1241,1234.92,1229.13,1223.62,1218.37,1213.36,1208.57,1204,1199.62,1195.44,1191.43,1187.58,1183.9,1180.36,1176.96,1173.69,1170.55,1167.54,1164.63,1161.83,1159.14,1156.54,1154.04,1151.62,1149.29,1147.05,1144.88,1142.78,1140.76,1138.81,1136.92,1135.09,1133.33,1131.62,1129.97,1128.38,1126.83,1125.34,1123.9,1122.5,1121.15,1119.84,1118.57,1117.35,1116.17,1115.02,1113.91,1112.84,1111.8,1110.8,1109.83,1108.89
2603.56,2722.3,2863.46,3028.94,3215.91,3410.08,3577.73,3668.49,3642.19,3501.89,3290.68,3057.56,2834.43,2635.25,2463.11,2316.23,2191.22,2084.57,1993.09,1914.13,1845.53,1785.53,1732.71,1685.95,1644.31,1607.04,1573.52,1543.24,1515.77,1490.75,1467.88,1446.92,1427.63,1409.84,1393.38,1378.12,1363.93,1350.71,1338.37,1326.83,1316.01,1305.86,1296.31,1287.31,1278.83,1270.82,1263.24,1256.06,1249.25,1242.79,1236.65,1230.81,1225.24,1219.94,1214.88,1210.05,1205.43,1201.01,1196.79,1192.74,1188.86,1185.14,1181.57,1178.14,1174.84,1171.67,1168.62,1165.69,1162.87,1160.15,1157.53,1155,1152.57,1150.22,1147.95,1145.76,1143.65,1141.61,1139.63,1137.73,1135.89,1134.11,1132.38,1130.72,1129.11,1127.55,1126.05,1124.59,1123.18,1121.81,1120.49,1119.22,1117.98,1116.78,1115.63,1114.51,1113.43,1112.38,1111.37,1110.39,1109.44
2592.51,2708.03,2844.87,3004.7,3184.81,3372.09,3535.82,3629.48,3613.85,3487.83,3289.07,3064.13,2845.35,2647.97,2476.17,2328.89,2203.16,2095.65,2003.31,1923.54,1854.18,1793.49,1740.07,1692.75,1650.62,1612.9,1578.98,1548.34,1520.55,1495.23,1472.1,1450.89,1431.39,1413.39,1396.75,1381.32,1366.98,1353.62,1341.15,1329.48,1318.55,1308.29,1298.64,1289.55,1280.98,1272.88,1265.23,1257.98,1251.1,1244.58,1238.38,1232.48,1226.86,1221.5,1216.4,1211.52,1206.86,1202.4,1198.13,1194.05,1190.13,1186.38,1182.77,1179.31,1175.98,1172.79,1169.71,1166.75,1163.9,1161.16,1158.52,1155.97,1153.51,1151.14,1148.85,1146.64,1144.51,1142.45,1140.46,1138.54,1136.68,1134.88,1133.15,1131.47,1129.84,1128.27,1126.75,1125.28,1123.86,1122.48,1121.15,1119.86,1118.61,1117.4,1116.23,1115.1,1114.01,1112.95,1111.93,1110.94,1109.99
2581.73,2694.17,2826.89,2981.37,3154.99,3335.7,3495.47,3591.31,3585.19,3472.57,3285.98,3069.4,2855.27,2659.96,2488.72,2341.2,2214.84,2106.56,2013.41,1932.85,1862.76,1801.41,1747.37,1699.51,1656.89,1618.74,1584.42,1553.42,1525.31,1499.71,1476.31,1454.86,1435.14,1416.94,1400.12,1384.52,1370.02,1356.52,1343.91,1332.12,1321.08,1310.71,1300.96,1291.78,1283.13,1274.95,1267.22,1259.89,1252.95,1246.36,1240.1,1234.15,1228.47,1223.07,1217.91,1212.99,1208.28,1203.79,1199.48,1195.36,1191.4,1187.61,1183.97,1180.48,1177.13,1173.9,1170.8,1167.81,1164.94,1162.17,1159.5,1156.93,1154.45,1152.06,1149.75,1147.52,1145.37,1143.29,1141.28,1139.34,1137.47,1135.66,1133.9,1132.21,1130.57,1128.98,1127.45,1125.97,1124.53,1123.14,1121.8,1120.5,1119.24,1118.02,1116.84,1115.7,1114.6,1113.53,1112.5,1111.5,1110.53
2571.21,2680.69,2809.49,2958.89,3126.37,3300.83,3456.61,3554.01,3556.35,3456.25,3281.53,3073.41,2864.2,2671.23,2500.75,2353.14,2226.26,2117.27,2023.36,1942.05,1871.26,1809.25,1754.63,1706.23,1663.13,1624.54,1589.84,1558.49,1530.05,1504.16,1480.51,1458.82,1438.88,1420.48,1403.48,1387.71,1373.06,1359.41,1346.67,1334.76,1323.6,1313.13,1303.28,1294.01,1285.27,1277.01,1269.2,1261.81,1254.8,1248.14,1241.82,1235.81,1230.09,1224.63,1219.42,1214.46,1209.71,1205.17,1200.82,1196.66,1192.67,1188.85,1185.18,1181.65,1178.26,1175.01,1171.88,1168.87,1165.97,1163.17,1160.48,1157.89,1155.39,1152.97,1150.65,1148.4,1146.23,1144.13,1142.11,1140.15,1138.26,1136.43,1134.66,1132.95,1131.3,1129.7,1128.15,1126.65,1125.21,1123.8,1122.45,1121.13,1119.86,1118.64,1117.45,1116.3,1115.18,1114.1,1113.06,1112.06,1111.08
2560.94,2667.58,2792.64,2937.21,3098.89,3267.38,3419.2,3517.62,3527.46,3439.01,3275.8,3076.21,2872.15,2681.76,2512.25,2364.7,2237.41,2127.79,2033.17,1951.15,1879.68,1817.04,1761.84,1712.92,1669.34,1630.32,1595.23,1563.53,1534.78,1508.6,1484.69,1462.76,1442.6,1424.01,1406.82,1390.89,1376.08,1362.3,1349.43,1337.39,1326.12,1315.54,1305.6,1296.23,1287.4,1279.06,1271.18,1263.72,1256.64,1249.92,1243.54,1237.47,1231.69,1226.19,1220.93,1215.92,1211.13,1206.55,1202.16,1197.96,1193.94,1190.08,1186.37,1182.82,1179.4,1176.12,1172.96,1169.92,1167,1164.18,1161.46,1158.85,1156.32,1153.89,1151.54,1149.27,1147.08,1144.97,1142.93,1140.95,1139.05,1137.2,1135.42,1133.69,1132.02,1130.41,1128.85,1127.34,1125.88,1124.46,1123.1,1121.77,1120.49,1119.25,1118.05,1116.89,1115.77,1114.68,1113.63,1112.61,1111.63
2550.91,2654.83,2776.31,2916.29,3072.46,3235.28,3383.15,3482.16,3498.61,3420.99,3268.88,3077.82,2879.12,2691.55,2523.22,2375.87,2248.27,2138.1,2042.82,1960.13,1888,1824.76,1768.99,1719.56,1675.51,1636.07,1600.6,1568.56,1539.49,1513.03,1488.86,1466.7,1446.32,1427.53,1410.16,1394.06,1379.1,1365.17,1352.17,1340.02,1328.63,1317.95,1307.91,1298.45,1289.54,1281.12,1273.16,1265.62,1258.48,1251.7,1245.26,1239.13,1233.3,1227.74,1222.44,1217.38,1212.54,1207.92,1203.5,1199.26,1195.2,1191.31,1187.57,1183.98,1180.54,1177.22,1174.04,1170.97,1168.02,1165.18,1162.44,1159.8,1157.26,1154.8,1152.43,1150.15,1147.94,1145.81,1143.75,1141.76,1139.83,1137.97,1136.17,1134.43,1132.75,1131.12,1129.55,1128.02,1126.55,1125.12,1123.74,1122.41,1121.11,1119.86,1118.65,1117.48,1116.35,1115.25,1114.19,1113.16,1112.17
2541.12,2642.41,2760.47,2896.09,3047.03,3204.44,3348.43,3447.62,3469.89,3402.31,3260.87,3078.32,2885.13,2700.6,2533.63,2386.64,2258.85,2148.19,2052.32,1968.99,1896.24,1832.4,1776.08,1726.15,1681.65,1641.79,1605.94,1573.56,1544.18,1517.44,1493.01,1470.62,1450.03,1431.05,1413.5,1397.23,1382.12,1368.05,1354.92,1342.64,1331.14,1320.35,1310.21,1300.66,1291.66,1283.16,1275.13,1267.52,1260.31,1253.47,1246.97,1240.79,1234.9,1229.29,1223.94,1218.84,1213.96,1209.29,1204.83,1200.56,1196.46,1192.53,1188.76,1185.15,1181.67,1178.33,1175.12,1172.02,1169.05,1166.18,1163.42,1160.76,1158.19,1155.71,1153.32,1151.02,1148.79,1146.64,1144.56,1142.56,1140.62,1138.74,1136.93,1135.17,1133.47,1131.83,1130.24,1128.71,1127.22,1125.78,1124.39,1123.04,1121.74,1120.48,1119.25,1118.07,1116.93,1115.82,1114.75,1113.72,1112.71
2531.54,2630.32,2745.1,2876.57,3022.55,3174.79,3314.97,3414.01,3441.38,3383.07,3251.87,3077.74,2890.21,2708.92,2543.49,2397,2269.12,2158.07,2061.65,1977.73,1904.38,1839.97,1783.12,1732.69,1687.74,1647.48,1611.26,1578.54,1548.86,1521.84,1497.15,1474.52,1453.72,1434.55,1416.82,1400.39,1385.12,1370.91,1357.65,1345.25,1333.64,1322.75,1312.51,1302.87,1293.78,1285.21,1277.09,1269.42,1262.14,1255.23,1248.67,1242.44,1236.5,1230.84,1225.44,1220.29,1215.37,1210.66,1206.16,1201.85,1197.72,1193.76,1189.96,1186.31,1182.8,1179.43,1176.19,1173.07,1170.07,1167.18,1164.39,1161.71,1159.12,1156.62,1154.21,1151.89,1149.64,1147.47,1145.38,1143.35,1141.4,1139.51,1137.68,1135.91,1134.2,1132.54,1130.94,1129.39,1127.89,1126.44,1125.04,1123.68,1122.36,1121.09,1119.86,1118.66,1117.51,1116.39,1115.31,1114.27,1113.26
2522.19,2618.54,2730.18,2857.69,2998.95,3146.27,3282.7,3381.33,3413.15,3363.38,3241.95,3076.14,2894.38,2716.5,2552.8,2406.95,2279.09,2167.71,2070.81,1986.33,1912.42,1847.46,1790.1,1739.19,1693.8,1653.14,1616.55,1583.49,1553.51,1526.21,1501.27,1478.42,1457.41,1438.03,1420.13,1403.53,1388.12,1373.77,1360.38,1347.86,1336.14,1325.14,1314.8,1305.07,1295.9,1287.24,1279.06,1271.31,1263.97,1257,1250.38,1244.08,1238.09,1232.38,1226.94,1221.74,1216.78,1212.03,1207.49,1203.14,1198.97,1194.98,1191.14,1187.46,1183.93,1180.53,1177.26,1174.12,1171.09,1168.18,1165.37,1162.66,1160.05,1157.53,1155.1,1152.76,1150.49,1148.31,1146.19,1144.15,1142.18,1140.27,1138.43,1136.64,1134.92,1133.25,1131.63,1130.07,1128.56,1127.1,1125.68,1124.31,1122.98,1121.7,1120.45,1119.25,1118.09,1116.96,1115.87,1114.82,1113.8
2513.04,2607.05,2715.69,2839.42,2976.2,3118.81,3251.59,3349.57,3385.25,3343.33,3231.22,3073.57,2897.66,2723.36,2561.54,2416.48,2288.74,2177.12,2079.79,1994.8,1920.35,1854.87,1797,1745.63,1699.81,1658.75,1621.81,1588.42,1558.14,1530.57,1505.38,1482.3,1461.08,1441.51,1423.43,1406.67,1391.11,1376.61,1363.1,1350.46,1338.63,1327.52,1317.09,1307.27,1298.01,1289.28,1281.02,1273.2,1265.79,1258.76,1252.08,1245.73,1239.68,1233.93,1228.43,1223.19,1218.18,1213.4,1208.82,1204.43,1200.23,1196.2,1192.33,1188.62,1185.05,1181.63,1178.33,1175.16,1172.11,1169.17,1166.34,1163.61,1160.98,1158.44,1155.99,1153.62,1151.34,1149.14,1147.01,1144.95,1142.96,1141.04,1139.18,1137.38,1135.64,1133.95,1132.33,1130.75,1129.23,1127.75,1126.32,1124.94,1123.6,1122.31,1121.05,1119.84,1118.67,1117.53,1116.43,1115.37,1114.34
2504.08,2595.85,2701.61,2821.73,2954.23,3092.35,3221.57,3318.7,3357.72,3323.02,3219.74,3070.1,2900.08,2729.5,2569.72,2425.58,2298.07,2186.29,2088.59,2003.13,1928.18,1862.19,1803.85,1752.02,1705.78,1664.34,1627.03,1593.33,1562.75,1534.91,1509.47,1486.16,1464.73,1444.98,1426.72,1409.8,1394.08,1379.46,1365.81,1353.05,1341.11,1329.9,1319.37,1309.46,1300.12,1291.3,1282.97,1275.08,1267.6,1260.51,1253.77,1247.37,1241.27,1235.46,1229.92,1224.64,1219.59,1214.76,1210.14,1205.72,1201.48,1197.41,1193.51,1189.77,1186.18,1182.72,1179.4,1176.2,1173.13,1170.16,1167.31,1164.56,1161.9,1159.34,1156.87,1154.49,1152.19,1149.97,1147.82,1145.74,1143.74,1141.8,1139.92,1138.11,1136.36,1134.66,1133.02,1131.43,1129.89,1128.4,1126.96,1125.57,1124.22,1122.91,1121.65,1120.43,1119.24,1118.1,1116.99,1115.91,1114.88
2495.33,2584.92,2687.91,2804.59,2933.02,3066.85,3192.6,3288.72,3330.61,3302.51,3207.61,3065.77,2901.66,2734.93,2577.34,2434.25,2307.08,2195.22,2097.21,2011.32,1935.9,1869.43,1810.62,1758.35,1711.7,1669.88,1632.23,1598.2,1567.33,1539.22,1513.54,1490.01,1468.37,1448.43,1430,1412.92,1397.05,1382.29,1368.51,1355.64,1343.58,1332.28,1321.65,1311.65,1302.22,1293.33,1284.92,1276.96,1269.42,1262.26,1255.47,1249.01,1242.86,1237,1231.41,1226.08,1220.99,1216.12,1211.46,1207,1202.72,1198.63,1194.7,1190.92,1187.3,1183.81,1180.46,1177.24,1174.14,1171.15,1168.27,1165.5,1162.82,1160.24,1157.76,1155.35,1153.03,1150.79,1148.63,1146.54,1144.51,1142.56,1140.67,1138.84,1137.07,1135.36,1133.71,1132.1,1130.55,1129.05,1127.6,1126.2,1124.84,1123.52,1122.25,1121.01,1119.82,1118.66,1117.54,1116.46,1115.42
2486.75,2574.26,2674.59,2787.97,2912.52,3042.25,3164.63,3259.6,3303.93,3281.87,3194.9,3060.65,2902.45,2739.67,2584.4,2442.49,2315.75,2203.89,2105.63,2019.36,1943.5,1876.58,1817.32,1764.63,1717.58,1675.38,1637.39,1603.05,1571.89,1543.52,1517.6,1493.84,1472,1451.87,1433.26,1416.02,1400.01,1385.11,1371.21,1358.22,1346.05,1334.64,1323.92,1313.83,1304.32,1295.34,1286.86,1278.83,1271.23,1264.01,1257.15,1250.64,1244.44,1238.53,1232.89,1227.52,1222.38,1217.47,1212.77,1208.28,1203.97,1199.84,1195.87,1192.07,1188.42,1184.9,1181.53,1178.28,1175.15,1172.14,1169.24,1166.44,1163.75,1161.15,1158.64,1156.21,1153.88,1151.62,1149.43,1147.33,1145.29,1143.32,1141.41,1139.57,1137.79,1136.06,1134.39,1132.78,1131.22,1129.71,1128.24,1126.82,1125.45,1124.13,1122.84,1121.6,1120.39,1119.23,1118.1,1117.01,1115.95
2478.36,2563.85,2661.63,2771.85,2892.69,3018.5,3137.6,3231.32,3277.73,3261.17,3181.67,3054.79,2902.47,2743.73,2590.91,2450.29,2324.1,2212.31,2113.85,2027.25,1950.98,1883.63,1823.94,1770.84,1723.4,1680.85,1642.52,1607.87,1576.43,1547.79,1521.63,1497.66,1475.62,1455.3,1436.52,1419.12,1402.96,1387.92,1373.9,1360.79,1348.51,1337,1326.18,1316,1306.41,1297.36,1288.8,1280.7,1273.03,1265.75,1258.84,1252.27,1246.01,1240.05,1234.37,1228.95,1223.77,1218.82,1214.09,1209.55,1205.21,1201.05,1197.05,1193.22,1189.53,1185.99,1182.59,1179.31,1176.16,1173.13,1170.2,1167.38,1164.67,1162.04,1159.51,1157.07,1154.72,1152.44,1150.24,1148.12,1146.06,1144.08,1142.16,1140.3,1138.5,1136.76,1135.08,1133.45,1131.88,1130.35,1128.88,1127.45,1126.07,1124.73,1123.43,1122.18,1120.97,1119.79,1118.65,1117.55,1116.49
2470.14,2553.68,2649.01,2756.21,2873.5,2995.57,3111.49,3203.87,3252,3240.47,3167.99,3048.24,2901.76,2747.13,2596.87,2457.66,2332.1,2220.47,2121.88,2034.98,1958.34,1890.59,1830.49,1776.99,1729.17,1686.27,1647.61,1612.66,1580.94,1552.05,1525.65,1501.45,1479.21,1458.71,1439.76,1422.21,1405.9,1390.73,1376.58,1363.35,1350.97,1339.35,1328.44,1318.17,1308.5,1299.36,1290.73,1282.57,1274.83,1267.49,1260.52,1253.89,1247.58,1241.58,1235.85,1230.38,1225.16,1220.17,1215.4,1210.83,1206.45,1202.25,1198.22,1194.36,1190.65,1187.08,1183.65,1180.35,1177.17,1174.11,1171.16,1168.32,1165.58,1162.94,1160.39,1157.93,1155.56,1153.26,1151.05,1148.9,1146.83,1144.83,1142.9,1141.02,1139.21,1137.46,1135.77,1134.13,1132.54,1131,1129.52,1128.08,1126.68,1125.33,1124.03,1122.76,1121.54,1120.35,1119.21,1118.1,1117.02
2462.09,2543.74,2636.71,2741.02,2854.93,2973.4,3086.24,3177.21,3226.78,3219.8,3153.94,3041.05,2900.35,2749.88,2602.28,2464.59,2339.76,2228.36,2129.7,2042.56,1965.58,1897.44,1836.96,1783.08,1734.9,1691.64,1652.67,1617.42,1585.42,1556.28,1529.64,1505.23,1482.8,1462.11,1442.99,1425.28,1408.83,1393.52,1379.25,1365.9,1353.41,1341.7,1330.69,1320.33,1310.58,1301.37,1292.66,1284.43,1276.62,1269.22,1262.19,1255.51,1249.15,1243.1,1237.32,1231.81,1226.55,1221.52,1216.71,1212.1,1207.69,1203.45,1199.4,1195.5,1191.76,1188.16,1184.7,1181.38,1178.17,1175.09,1172.12,1169.26,1166.5,1163.84,1161.27,1158.79,1156.39,1154.08,1151.85,1149.69,1147.6,1145.59,1143.64,1141.75,1139.92,1138.16,1136.45,1134.8,1133.2,1131.65,1130.15,1128.7,1127.29,1125.93,1124.62,1123.34,1122.11,1120.91,1119.76,1118.64,1117.56
2454.2,2534.04,2624.73,2726.26,2836.93,2951.97,3061.82,3151.32,3202.06,3199.22,3139.56,3033.29,2898.28,2752.01,2607.17,2471.09,2347.09,2235.99,2137.31,2049.97,1972.68,1904.2,1843.35,1789.1,1740.56,1696.97,1657.69,1622.14,1589.87,1560.48,1533.62,1509,1486.36,1465.5,1446.21,1428.34,1411.75,1396.31,1381.91,1368.45,1355.85,1344.03,1332.93,1322.49,1312.65,1303.36,1294.59,1286.28,1278.41,1270.95,1263.86,1257.13,1250.72,1244.61,1238.79,1233.24,1227.93,1222.86,1218.01,1213.37,1208.92,1204.65,1200.56,1196.64,1192.87,1189.24,1185.76,1182.4,1179.18,1176.07,1173.08,1170.19,1167.41,1164.73,1162.14,1159.64,1157.23,1154.9,1152.65,1150.47,1148.37,1146.34,1144.37,1142.47,1140.63,1138.86,1137.13,1135.47,1133.86,1132.29,1130.78,1129.32,1127.91,1126.53,1125.21,1123.92,1122.68,1121.48,1120.31,1119.18,1118.09
2446.47,2524.54,2613.05,2711.91,2819.48,2931.23,3038.19,3126.19,3177.85,3178.76,3124.9,3024.99,2895.57,2753.53,2611.52,2477.16,2354.06,2243.35,2144.71,2057.21,1979.66,1910.85,1849.65,1795.05,1746.17,1702.26,1662.66,1626.83,1594.3,1564.66,1537.57,1512.74,1489.91,1468.87,1449.41,1431.39,1414.66,1399.08,1384.56,1370.99,1358.28,1346.37,1335.17,1324.64,1314.72,1305.35,1296.5,1288.13,1280.2,1272.67,1265.53,1258.74,1252.28,1246.12,1240.26,1234.66,1229.31,1224.2,1219.31,1214.63,1210.15,1205.85,1201.73,1197.77,1193.97,1190.32,1186.81,1183.43,1180.18,1177.05,1174.03,1171.12,1168.32,1165.62,1163.01,1160.49,1158.06,1155.72,1153.45,1151.26,1149.14,1147.09,1145.11,1143.19,1141.34,1139.55,1137.81,1136.14,1134.51,1132.94,1131.42,1129.94,1128.52,1127.13,1125.8,1124.5,1123.25,1122.03,1120.86,1119.72,1118.62
2438.89,2515.26,2601.65,2697.95,2802.55,2911.14,3015.31,3101.78,3154.16,3158.46,3110.03,3016.22,2892.28,2754.46,2615.36,2482.8,2360.7,2250.43,2151.9,2064.29,1986.5,1917.39,1855.86,1800.93,1751.72,1707.49,1667.6,1631.49,1598.7,1568.82,1541.5,1516.46,1493.44,1472.22,1452.6,1434.43,1417.55,1401.85,1387.2,1373.52,1360.7,1348.69,1337.4,1326.78,1316.78,1307.34,1298.42,1289.97,1281.98,1274.39,1267.19,1260.35,1253.84,1247.63,1241.72,1236.08,1230.69,1225.54,1220.61,1215.89,1211.38,1207.05,1202.89,1198.9,1195.07,1191.39,1187.86,1184.45,1181.18,1178.02,1174.98,1172.05,1169.23,1166.51,1163.88,1161.34,1158.9,1156.53,1154.25,1152.04,1149.9,1147.84,1145.85,1143.92,1142.05,1140.24,1138.49,1136.8,1135.17,1133.58,1132.05,1130.56,1129.12,1127.73,1126.38,1125.08,1123.82,1122.59,1121.41,1120.26,1119.15
2431.46,2506.18,2590.54,2684.38,2786.13,2891.69,2993.16,3078.07,3130.98,3138.34,3094.98,3007,2888.43,2754.84,2618.69,2488.01,2366.99,2257.24,2158.87,2071.19,1993.21,1923.83,1861.99,1806.74,1757.22,1712.68,1672.5,1636.12,1603.07,1572.95,1545.41,1520.17,1496.96,1475.56,1455.78,1437.46,1420.44,1404.6,1389.83,1376.03,1363.12,1351,1339.62,1328.92,1318.83,1309.32,1300.32,1291.81,1283.75,1276.11,1268.85,1261.95,1255.39,1249.14,1243.18,1237.49,1232.06,1226.87,1221.91,1217.15,1212.6,1208.24,1204.05,1200.03,1196.17,1192.47,1188.9,1185.47,1182.17,1178.99,1175.93,1172.98,1170.14,1167.39,1164.75,1162.19,1159.73,1157.34,1155.04,1152.82,1150.67,1148.59,1146.58,1144.63,1142.75,1140.93,1139.17,1137.47,1135.82,1134.22,1132.68,1131.18,1129.73,1128.33,1126.97,1125.66,1124.38,1123.15,1121.96,1120.8,1119.68
2424.17,2497.3,2579.69,2671.16,2770.18,2872.84,2971.69,3055.04,3108.31,3118.43,3079.8,2997.39,2884.06,2754.67,2621.54,2492.81,2372.94,2263.78,2165.62,2077.92,1999.78,1930.15,1868.03,1812.47,1762.65,1717.82,1677.35,1640.7,1607.4,1577.05,1549.3,1523.85,1500.45,1478.88,1458.94,1440.47,1423.31,1407.35,1392.46,1378.55,1365.52,1353.31,1341.84,1331.05,1320.88,1311.29,1302.22,1293.65,1285.52,1277.82,1270.5,1263.55,1256.94,1250.64,1244.63,1238.9,1233.43,1228.2,1223.2,1218.41,1213.82,1209.43,1205.21,1201.16,1197.27,1193.54,1189.95,1186.49,1183.17,1179.97,1176.88,1173.91,1171.04,1168.28,1165.61,1163.04,1160.55,1158.15,1155.84,1153.59,1151.43,1149.33,1147.31,1145.35,1143.46,1141.62,1139.85,1138.13,1136.47,1134.86,1133.31,1131.8,1130.34,1128.92,1127.56,1126.23,1124.95,1123.71,1122.5,1121.34,1120.21
2417.02,2488.6,2569.1,2658.29,2754.69,2854.56,2950.88,3032.66,3086.16,3098.75,3064.52,2987.42,2879.19,2753.99,2623.9,2497.19,2378.54,2270.04,2172.15,2084.48,2006.2,1936.36,1873.97,1818.13,1768.02,1722.9,1682.16,1645.25,1611.71,1581.12,1553.16,1527.52,1503.93,1482.19,1462.09,1443.47,1426.17,1410.08,1395.07,1381.05,1367.92,1355.61,1344.05,1333.17,1322.92,1313.25,1304.12,1295.48,1287.29,1279.52,1272.15,1265.15,1258.48,1252.13,1246.08,1240.31,1234.79,1229.53,1224.49,1219.66,1215.04,1210.61,1206.36,1202.28,1198.37,1194.61,1190.99,1187.51,1184.16,1180.93,1177.83,1174.83,1171.95,1169.16,1166.48,1163.88,1161.38,1158.96,1156.63,1154.37,1152.19,1150.08,1148.04,1146.07,1144.16,1142.31,1140.53,1138.8,1137.12,1135.5,1133.93,1132.41,1130.94,1129.52,1128.14,1126.8,1125.51,1124.26,1123.05,1121.88,1120.74
2410,2480.09,2558.75,2645.76,2739.63,2836.82,2930.69,3010.92,3064.5,3079.31,3049.18,2977.15,2873.87,2752.8,2625.79,2501.17,2383.81,2276.02,2178.46,2090.85,2012.48,1942.45,1879.83,1823.72,1773.32,1727.93,1686.93,1649.76,1615.98,1585.17,1557,1531.16,1507.39,1485.48,1465.22,1446.45,1429.02,1412.8,1397.67,1383.54,1370.31,1357.9,1346.25,1335.29,1324.96,1315.21,1306.01,1297.3,1289.05,1281.22,1273.8,1266.74,1260.02,1253.63,1247.53,1241.71,1236.16,1230.85,1225.77,1220.91,1216.26,1211.79,1207.51,1203.41,1199.46,1195.67,1192.03,1188.52,1185.15,1181.9,1178.77,1175.75,1172.85,1170.04,1167.34,1164.73,1162.21,1159.77,1157.42,1155.14,1152.95,1150.82,1148.77,1146.78,1144.86,1143,1141.2,1139.46,1137.77,1136.14,1134.56,1133.03,1131.55,1130.11,1128.72,1127.38,1126.08,1124.81,1123.59,1122.41,1121.27
2403.11,2471.75,2548.65,2633.54,2724.99,2819.61,2911.11,2989.78,3043.35,3060.14,3033.82,2966.59,2868.13,2751.15,2627.23,2504.74,2388.74,2281.73,2184.54,2097.05,2018.62,1948.43,1885.58,1829.22,1778.56,1732.91,1691.65,1654.24,1620.22,1589.19,1560.81,1534.78,1510.83,1488.75,1468.34,1449.42,1431.86,1415.51,1400.26,1386.02,1372.69,1360.19,1348.44,1337.4,1326.99,1317.17,1307.89,1299.12,1290.8,1282.92,1275.44,1268.32,1261.56,1255.11,1248.97,1243.11,1237.51,1232.17,1227.05,1222.16,1217.47,1212.97,1208.66,1204.52,1200.55,1196.73,1193.06,1189.53,1186.13,1182.86,1179.71,1176.67,1173.75,1170.92,1168.2,1165.57,1163.03,1160.58,1158.21,1155.92,1153.7,1151.56,1149.5,1147.49,1145.56,1143.69,1141.87,1140.12,1138.42,1136.77,1135.18,1133.64,1132.15,1130.7,1129.3,1127.95,1126.64,1125.37,1124.14,1122.95,1121.79
2396.35,2463.58,2538.77,2621.62,2710.75,2802.89,2892.11,2969.24,3022.68,3041.24,3018.45,2955.8,2861.99,2749.05,2628.24,2507.93,2393.34,2287.16,2190.4,2103.06,2024.61,1954.29,1891.24,1834.64,1783.74,1737.83,1696.32,1658.67,1624.42,1593.18,1564.59,1538.37,1514.25,1492,1471.44,1452.38,1434.68,1418.21,1402.85,1388.49,1375.06,1362.46,1350.63,1339.5,1329.01,1319.12,1309.77,1300.93,1292.55,1284.61,1277.07,1269.9,1263.09,1256.6,1250.41,1244.51,1238.87,1233.48,1228.33,1223.4,1218.68,1214.15,1209.81,1205.64,1201.64,1197.79,1194.1,1190.54,1187.12,1183.82,1180.65,1177.59,1174.64,1171.8,1169.06,1166.41,1163.85,1161.38,1158.99,1156.69,1154.46,1152.3,1150.22,1148.21,1146.26,1144.37,1142.54,1140.78,1139.07,1137.41,1135.81,1134.25,1132.75,1131.29,1129.88,1128.52,1127.2,1125.92,1124.68,1123.48,1122.32
2389.71,2455.57,2529.11,2610,2696.89,2786.65,2873.65,2949.26,3002.49,3022.62,3003.11,2944.8,2855.5,2746.52,2628.82,2510.73,2397.61,2292.32,2196.04,2108.89,2030.46,1960.02,1896.8,1839.99,1788.84,1742.7,1700.94,1663.06,1628.59,1597.14,1568.35,1541.95,1517.65,1495.24,1474.52,1455.32,1437.49,1420.89,1405.42,1390.96,1377.42,1364.73,1352.8,1341.59,1331.02,1321.06,1311.64,1302.73,1294.3,1286.29,1278.7,1271.48,1264.62,1258.08,1251.84,1245.9,1240.22,1234.79,1229.61,1224.64,1219.88,1215.32,1210.95,1206.75,1202.72,1198.85,1195.13,1191.55,1188.1,1184.78,1181.59,1178.51,1175.54,1172.67,1169.91,1167.24,1164.67,1162.18,1159.78,1157.46,1155.21,1153.04,1150.94,1148.92,1146.95,1145.05,1143.21,1141.43,1139.71,1138.04,1136.43,1134.86,1133.35,1131.88,1130.46,1129.09,1127.76,1126.47,1125.22,1124.01,1122.84
2383.19,2447.73,2519.66,2598.66,2683.39,2770.86,2855.72,2929.82,2982.78,3004.29,2987.82,2933.62,2848.67,2743.59,2628.99,2513.16,2401.55,2297.2,2201.45,2114.54,2036.15,1965.64,1902.26,1845.25,1793.88,1747.5,1705.52,1667.41,1632.72,1601.06,1572.09,1545.5,1521.03,1498.46,1477.59,1458.25,1440.29,1423.57,1407.98,1393.41,1379.77,1366.98,1354.97,1343.68,1333.03,1322.99,1313.51,1304.53,1296.03,1287.97,1280.32,1273.05,1266.14,1259.55,1253.27,1247.29,1241.57,1236.1,1230.88,1225.88,1221.08,1216.49,1212.09,1207.86,1203.81,1199.91,1196.16,1192.55,1189.08,1185.74,1182.52,1179.42,1176.43,1173.55,1170.76,1168.08,1165.49,1162.98,1160.56,1158.22,1155.96,1153.78,1151.67,1149.62,1147.65,1145.73,1143.88,1142.09,1140.35,1138.67,1137.05,1135.47,1133.95,1132.47,1131.04,1129.66,1128.32,1127.02,1125.76,1124.54,1123.36
2376.78,2440.04,2510.42,2587.59,2670.24,2755.51,2838.3,2910.92,2963.52,2986.26,2972.6,2922.29,2841.53,2740.28,2628.77,2515.22,2405.17,2301.82,2206.63,2120,2041.69,1971.13,1907.61,1850.42,1798.85,1752.25,1710.04,1671.72,1636.82,1604.96,1575.79,1549.02,1524.38,1501.66,1480.64,1461.16,1443.07,1426.23,1410.52,1395.85,1382.11,1369.23,1357.13,1345.75,1335.03,1324.92,1315.36,1306.33,1297.77,1289.65,1281.94,1274.62,1267.66,1261.02,1254.7,1248.67,1242.91,1237.41,1232.15,1227.11,1222.28,1217.66,1213.23,1208.97,1204.88,1200.96,1197.18,1193.55,1190.06,1186.69,1183.45,1180.33,1177.32,1174.42,1171.62,1168.91,1166.3,1163.78,1161.34,1158.99,1156.71,1154.52,1152.39,1150.33,1148.34,1146.41,1144.55,1142.74,1141,1139.31,1137.67,1136.08,1134.55,1133.06,1131.62,1130.22,1128.87,1127.57,1126.3,1125.07,1123.88
2370.49,2432.5,2501.38,2576.79,2657.43,2740.57,2821.37,2892.52,2944.72,2968.53,2957.47,2910.84,2834.12,2736.61,2628.17,2516.92,2408.48,2306.16,2211.59,2125.28,2047.08,1976.49,1912.87,1855.51,1803.75,1756.94,1714.52,1675.98,1640.88,1608.83,1579.47,1552.52,1527.72,1504.84,1483.67,1464.06,1445.84,1428.88,1413.06,1398.28,1384.44,1371.47,1359.29,1347.82,1337.03,1326.84,1317.22,1308.11,1299.49,1291.32,1283.56,1276.18,1269.17,1262.49,1256.12,1250.05,1244.25,1238.71,1233.41,1228.34,1223.48,1218.82,1214.36,1210.08,1205.96,1202.01,1198.21,1194.55,1191.03,1187.65,1184.38,1181.24,1178.21,1175.29,1172.47,1169.74,1167.11,1164.58,1162.12,1159.75,1157.46,1155.25,1153.11,1151.03,1149.03,1147.09,1145.21,1143.4,1141.64,1139.93,1138.29,1136.69,1135.14,1133.64,1132.19,1130.79,1129.43,1128.11,1126.84,1125.6,1124.4
2364.3,2425.1,2492.53,2566.23,2644.94,2726.04,2804.89,2874.61,2926.36,2951.11,2942.45,2899.29,2826.45,2732.6,2627.21,2518.28,2411.48,2310.24,2216.33,2130.37,2052.31,1981.73,1918.02,1860.51,1808.57,1761.57,1718.94,1680.2,1644.9,1612.66,1583.12,1556,1531.03,1508,1486.69,1466.94,1448.59,1431.51,1415.58,1400.7,1386.77,1373.7,1361.43,1349.89,1339.01,1328.75,1319.06,1309.9,1301.21,1292.98,1285.17,1277.74,1270.68,1263.95,1257.54,1251.42,1245.59,1240.01,1234.67,1229.56,1224.67,1219.99,1215.49,1211.18,1207.03,1203.05,1199.23,1195.55,1192.01,1188.6,1185.31,1182.15,1179.1,1176.15,1173.31,1170.57,1167.93,1165.37,1162.9,1160.52,1158.21,1155.98,1153.82,1151.74,1149.72,1147.77,1145.88,1144.05,1142.28,1140.56,1138.9,1137.29,1135.74,1134.23,1132.77,1131.35,1129.98,1128.66,1127.37,1126.13,1124.92
2358.22,2417.84,2483.86,2555.91,2632.77,2711.88,2788.87,2857.17,2908.43,2933.99,2927.54,2887.67,2818.55,2728.27,2625.9,2519.31,2414.17,2314.06,2220.85,2135.28,2057.4,1986.84,1923.06,1865.43,1813.32,1766.13,1723.32,1684.38,1648.89,1616.46,1586.74,1559.45,1534.32,1511.14,1489.69,1469.8,1451.33,1434.13,1418.1,1403.11,1389.08,1375.92,1363.57,1351.94,1340.99,1330.66,1320.9,1311.67,1302.93,1294.64,1286.77,1279.29,1272.18,1265.41,1258.95,1252.8,1246.92,1241.3,1235.93,1230.79,1225.86,1221.14,1216.62,1212.28,1208.1,1204.1,1200.25,1196.54,1192.98,1189.54,1186.24,1183.05,1179.98,1177.02,1174.16,1171.4,1168.74,1166.16,1163.68,1161.28,1158.95,1156.71,1154.54,1152.44,1150.41,1148.44,1146.54,1144.7,1142.91,1141.19,1139.52,1137.9,1136.33,1134.81,1133.34,1131.92,1130.54,1129.2,1127.91,1126.66,1125.44
2352.25,2410.72,2475.38,2545.83,2620.89,2698.1,2773.27,2840.19,2890.91,2917.18,2912.77,2875.99,2810.45,2723.65,2624.26,2520,2416.57,2317.62,2225.14,2140,2062.32,1991.82,1928,1870.26,1818,1770.63,1727.63,1688.51,1652.83,1620.22,1590.33,1562.88,1537.59,1514.26,1492.67,1472.65,1454.06,1436.74,1420.6,1405.51,1391.38,1378.13,1365.69,1353.99,1342.96,1332.56,1322.73,1313.44,1304.64,1296.29,1288.37,1280.84,1273.68,1266.86,1260.36,1254.16,1248.25,1242.59,1237.18,1232.01,1227.05,1222.3,1217.74,1213.37,1209.17,1205.14,1201.26,1197.53,1193.94,1190.49,1187.16,1183.95,1180.86,1177.88,1175,1172.22,1169.54,1166.95,1164.45,1162.03,1159.7,1157.44,1155.25,1153.14,1151.09,1149.12,1147.2,1145.35,1143.55,1141.81,1140.13,1138.5,1136.92,1135.39,1133.91,1132.48,1131.09,1129.75,1128.44,1127.18,1125.96
2346.37,2403.73,2467.06,2535.97,2609.29,2684.66,2758.08,2823.64,2873.81,2900.67,2898.14,2864.28,2802.17,2718.75,2622.31,2520.39,2418.68,2320.92,2229.22,2144.54,2067.1,1996.68,1932.83,1874.99,1822.6,1775.07,1731.9,1692.6,1656.74,1623.95,1593.89,1566.27,1540.84,1517.35,1495.63,1475.48,1456.77,1439.34,1423.08,1407.89,1393.67,1380.34,1367.81,1356.03,1344.93,1334.45,1324.56,1315.2,1306.34,1297.94,1289.96,1282.38,1275.17,1268.31,1261.77,1255.53,1249.57,1243.88,1238.43,1233.22,1228.23,1223.45,1218.86,1214.46,1210.24,1206.18,1202.27,1198.52,1194.91,1191.43,1188.08,1184.85,1181.74,1178.74,1175.84,1173.05,1170.35,1167.74,1165.22,1162.79,1160.44,1158.17,1155.97,1153.84,1151.78,1149.79,1147.86,1145.99,1144.19,1142.44,1140.74,1139.1,1137.51,1135.98,1134.48,1133.04,1131.64,1130.29,1128.98,1127.71,1126.48
2340.59,2396.87,2458.91,2526.33,2597.98,2671.57,2743.29,2807.52,2857.1,2884.46,2883.66,2852.55,2793.73,2713.59,2620.06,2520.47,2420.5,2323.97,2233.08,2148.89,2071.72,2001.4,1937.55,1879.64,1827.12,1779.45,1736.11,1696.63,1660.6,1627.64,1597.42,1569.65,1544.06,1520.43,1498.57,1478.3,1459.46,1441.92,1425.56,1410.27,1395.95,1382.53,1369.92,1358.06,1346.88,1336.34,1326.38,1316.96,1308.04,1299.58,1291.55,1283.92,1276.66,1269.75,1263.17,1256.89,1250.89,1245.16,1239.68,1234.43,1229.41,1224.6,1219.98,1215.55,1211.3,1207.21,1203.29,1199.51,1195.87,1192.37,1189,1185.75,1182.62,1179.6,1176.68,1173.87,1171.15,1168.53,1166,1163.55,1161.18,1158.89,1156.68,1154.53,1152.46,1150.46,1148.52,1146.64,1144.82,1143.06,1141.35,1139.7,1138.1,1136.55,1135.05,1133.6,1132.19,1130.83,1129.51,1128.23,1126.99
2334.91,2390.13,2450.93,2516.9,2586.92,2658.8,2728.88,2791.81,2840.78,2868.56,2869.35,2840.81,2785.14,2708.2,2617.52,2520.25,2422.05,2326.77,2236.72,2153.06,2076.18,2006,1942.16,1884.2,1831.57,1783.76,1740.26,1700.63,1664.43,1631.3,1600.92,1572.99,1547.26,1523.49,1501.5,1481.1,1462.14,1444.49,1428.02,1412.63,1398.22,1384.71,1372.02,1360.08,1348.83,1338.22,1328.19,1318.71,1309.73,1301.22,1293.13,1285.45,1278.15,1271.19,1264.56,1258.24,1252.21,1246.44,1240.92,1235.64,1230.59,1225.74,1221.1,1216.64,1212.36,1208.25,1204.29,1200.49,1196.83,1193.31,1189.92,1186.65,1183.49,1180.45,1177.52,1174.69,1171.95,1169.31,1166.76,1164.3,1161.92,1159.61,1157.39,1155.23,1153.14,1151.13,1149.17,1147.28,1145.45,1143.68,1141.96,1140.3,1138.69,1137.13,1135.62,1134.16,1132.74,1131.37,1130.04,1128.75,1127.5
2329.32,2383.51,2443.1,2507.67,2576.12,2646.35,2714.83,2776.49,2824.84,2852.96,2855.2,2829.1,2776.43,2702.58,2614.71,2519.76,2423.33,2329.33,2240.15,2157.05,2080.49,2010.47,1946.67,1888.66,1835.94,1788,1744.36,1704.57,1668.21,1634.93,1604.39,1576.31,1550.43,1526.52,1504.4,1483.88,1464.8,1447.04,1430.47,1414.98,1400.48,1386.88,1374.11,1362.09,1350.77,1340.09,1330,1320.45,1311.41,1302.84,1294.71,1286.98,1279.63,1272.63,1265.96,1259.59,1253.52,1247.71,1242.16,1236.85,1231.76,1226.89,1222.21,1217.72,1213.42,1209.28,1205.3,1201.47,1197.79,1194.24,1190.83,1187.54,1184.37,1181.31,1178.35,1175.51,1172.75,1170.1,1167.53,1165.05,1162.65,1160.33,1158.09,1155.92,1153.83,1151.79,1149.83,1147.93,1146.08,1144.3,1142.57,1140.9,1139.28,1137.71,1136.19,1134.72,1133.29,1131.91,1130.57,1129.27,1128.02
2323.82,2377.01,2435.42,2498.63,2565.57,2634.19,2701.14,2761.55,2809.26,2837.66,2841.23,2817.41,2767.61,2696.77,2611.64,2518.99,2424.34,2331.65,2243.37,2160.85,2084.65,2014.8,1951.06,1893.03,1840.23,1792.18,1748.4,1708.46,1671.95,1638.52,1607.83,1579.6,1553.58,1529.54,1507.28,1486.64,1467.45,1449.58,1432.91,1417.32,1402.73,1389.04,1376.19,1364.09,1352.7,1341.95,1331.8,1322.19,1313.09,1304.47,1296.28,1288.5,1281.1,1274.06,1267.34,1260.94,1254.82,1248.98,1243.4,1238.05,1232.93,1228.02,1223.32,1218.8,1214.47,1210.3,1206.3,1202.45,1198.74,1195.18,1191.74,1188.43,1185.24,1182.16,1179.19,1176.32,1173.55,1170.88,1168.3,1165.8,1163.39,1161.05,1158.8,1156.62,1154.5,1152.46,1150.48,1148.57,1146.71,1144.92,1143.18,1141.5,1139.87,1138.29,1136.76,1135.27,1133.84,1132.45,1131.1,1129.79,1128.53
2318.4,2370.62,2427.89,2489.79,2555.26,2622.33,2687.78,2746.97,2794.04,2822.64,2827.44,2805.76,2758.7,2690.76,2608.34,2517.96,2425.11,2333.73,2246.38,2164.48,2088.65,2019.01,1955.35,1897.31,1844.44,1796.29,1752.39,1712.31,1675.65,1642.07,1611.23,1582.86,1556.7,1532.53,1510.15,1489.39,1470.08,1452.11,1435.33,1419.65,1404.97,1391.2,1378.26,1366.09,1354.62,1343.81,1333.59,1323.92,1314.77,1306.09,1297.85,1290.02,1282.57,1275.48,1268.73,1262.28,1256.13,1250.25,1244.63,1239.25,1234.1,1229.16,1224.42,1219.88,1215.52,1211.33,1207.3,1203.42,1199.7,1196.11,1192.65,1189.32,1186.1,1183.01,1180.02,1177.13,1174.35,1171.66,1169.06,1166.55,1164.12,1161.77,1159.5,1157.31,1155.18,1153.12,1151.13,1149.21,1147.34,1145.54,1143.79,1142.09,1140.45,1138.86,1137.32,1135.83,1134.38,1132.98,1131.63,1130.31,1129.04
2313.07,2364.35,2420.5,2481.12,2545.17,2610.74,2674.74,2732.75,2779.16,2807.92,2813.83,2794.17,2749.72,2684.58,2604.8,2516.69,2425.62,2335.59,2249.19,2167.93,2092.5,2023.08,1959.52,1901.49,1848.58,1800.33,1756.31,1716.1,1679.31,1645.58,1614.6,1586.09,1559.8,1535.5,1512.99,1492.11,1472.7,1454.62,1437.74,1421.97,1407.19,1393.34,1380.32,1368.08,1356.54,1345.65,1335.37,1325.64,1316.43,1307.7,1299.41,1291.53,1284.04,1276.9,1270.1,1263.62,1257.43,1251.51,1245.86,1240.44,1235.26,1230.29,1225.53,1220.96,1216.57,1212.35,1208.3,1204.4,1200.65,1197.03,1193.56,1190.2,1186.97,1183.85,1180.85,1177.94,1175.14,1172.44,1169.82,1167.29,1164.85,1162.49,1160.2,1157.99,1155.86,1153.79,1151.78,1149.85,1147.97,1146.15,1144.39,1142.68,1141.03,1139.43,1137.88,1136.38,1134.93,1133.52,1132.15,1130.83,1129.55
