N2 Viscosity [uPa_s] Mixed
20.0915,12.8734,12.3054,12.0482,11.9197,11.8612,11.8462,11.8608,11.8964,11.9477,12.0109,12.0836,12.1637,12.2499,12.3411,12.4364,12.5351,12.6366,12.7406,12.8466,12.9543,13.0635,13.1739,13.2854,13.3978,13.5109,13.6247,13.739,13.8537,13.9688,14.0842,14.1998,14.3155,14.4314,14.5473,14.6633,14.7793,14.8953,15.0112,15.127,15.2427,15.3583,15.4737,15.589,15.7041,15.8191,15.9338,16.0483,16.1626,16.2767,16.3906,16.5042,16.6176,16.7307,16.8435,16.9561,17.0685,17.1806,17.2924,17.4039,17.5152,17.6261,17.7368,17.8473,17.9574,18.0673,18.1769,18.2862,18.3952,18.504,18.6124,18.7206,18.8285,18.9362,19.0435,19.1506,19.2574,19.3639,19.4701,19.5761,19.6818,19.7872,19.8923,19.9972,20.1018,20.2061,20.3102,20.414,20.5175,20.6208,20.7238,20.8266,20.929,21.0313,21.1333,21.235,21.3364,21.4377,21.5386,21.6393,21.7398
26.327,13.2728,12.5322,12.2125,12.0505,11.9707,11.941,11.9445,11.9716,12.016,12.0736,12.1415,12.2176,12.3004,12.3885,12.4811,12.5774,12.6769,12.7789,12.8832,12.9893,13.0971,13.2062,13.3165,13.4277,13.5398,13.6526,13.766,13.8798,13.9941,14.1087,14.2236,14.3387,14.454,14.5693,14.6847,14.8002,14.9156,15.031,15.1464,15.2617,15.3768,15.4919,15.6068,15.7215,15.8361,15.9505,16.0647,16.1787,16.2925,16.406,16.5194,16.6325,16.7453,16.8579,16.9703,17.0824,17.1942,17.3058,17.4171,17.5282,17.639,17.7495,17.8598,17.9697,18.0794,18.1888,18.298,18.4068,18.5154,18.6238,18.7318,18.8396,18.947,19.0543,19.1612,19.2678,19.3742,19.4803,19.5862,19.6918,19.7971,19.9021,20.0068,20.1113,20.2156,20.3195,20.4232,20.5267,20.6298,20.7328,20.8354,20.9378,21.04,21.1419,21.2435,21.3449,21.446,21.5469,21.6475,21.7479
27.6884,13.7688,12.7849,12.3897,12.1893,12.0859,12.0399,12.0316,12.0495,12.0866,12.1382,12.2012,12.2731,12.3522,12.4372,12.527,12.6208,12.7181,12.8181,12.9206,13.0251,13.1314,13.2391,13.3481,13.4582,13.5692,13.681,13.7934,13.9064,14.0199,14.1337,14.2479,14.3623,14.4769,14.5916,14.7065,14.8214,14.9363,15.0512,15.1661,15.2809,15.3956,15.5103,15.6248,15.7391,15.8534,15.9674,16.0813,16.195,16.3084,16.4217,16.5347,16.6476,16.7602,16.8725,16.9846,17.0965,17.2081,17.3195,17.4306,17.5414,17.652,17.7623,17.8724,17.9822,18.0917,18.2009,18.3099,18.4186,18.527,18.6352,18.7431,18.8507,18.958,19.0651,19.1719,19.2784,19.3847,19.4907,19.5964,19.7019,19.807,19.912,20.0166,20.121,20.2251,20.329,20.4326,20.5359,20.639,20.7418,20.8444,20.9467,21.0487,21.1506,21.2521,21.3534,21.4545,21.5553,21.6558,21.7562
28.6369,14.4164,13.0689,12.5813,12.3369,12.2071,12.1433,12.1221,12.1302,12.1595,12.2049,12.2626,12.33,12.4053,12.487,12.5739,12.6652,12.7602,12.8582,12.9588,13.0616,13.1664,13.2727,13.3804,13.4893,13.5992,13.7099,13.8214,13.9335,14.0461,14.1592,14.2726,14.3863,14.5002,14.6143,14.7286,14.8429,14.9573,15.0717,15.1861,15.3005,15.4147,15.529,15.6431,15.757,15.8709,15.9846,16.0981,16.2115,16.3246,16.4376,16.5503,16.6629,16.7752,16.8873,16.9992,17.1108,17.2222,17.3333,17.4442,17.5548,17.6652,17.7753,17.8852,17.9948,18.1041,18.2132,18.322,18.4305,18.5388,18.6468,18.7545,18.862,18.9692,19.0761,19.1828,19.2892,19.3953,19.5012,19.6067,19.7121,19.8171,19.9219,20.0265,20.1308,20.2348,20.3385,20.442,20.5453,20.6482,20.751,20.8534,20.9557,21.0576,21.1593,21.2608,21.362,21.463,21.5637,21.6642,21.7645
29.3923,15.3309,13.3914,12.7893,12.4939,12.3346,12.2514,12.2162,12.2138,12.2349,12.2735,12.3257,12.3886,12.4599,12.5381,12.622,12.7106,12.8032,12.8991,12.9978,13.0989,13.202,13.3069,13.4133,13.5209,13.6297,13.7393,13.8498,13.961,14.0728,14.185,14.2977,14.4106,14.5239,14.6374,14.751,14.8648,14.9786,15.0925,15.2064,15.3203,15.4341,15.5479,15.6616,15.7752,15.8887,16.002,16.1152,16.2282,16.341,16.4537,16.5661,16.6784,16.7904,16.9023,17.0139,17.1253,17.2364,17.3473,17.458,17.5684,17.6785,17.7885,17.8981,18.0075,18.1167,18.2256,18.3342,18.4426,18.5507,18.6585,18.7661,18.8734,18.9804,19.0872,19.1938,19.3,19.406,19.5117,19.6172,19.7224,19.8274,19.932,20.0365,20.1406,20.2445,20.3482,20.4516,20.5547,20.6576,20.7602,20.8626,20.9647,21.0666,21.1682,21.2696,21.3707,21.4716,21.5723,21.6727,21.7728
30.032,16.7861,13.7618,13.0159,12.6613,12.469,12.3644,12.3141,12.3004,12.3127,12.3443,12.3907,12.4487,12.5158,12.5905,12.6712,12.7571,12.8472,12.9409,13.0376,13.1369,13.2384,13.3417,13.4467,13.5531,13.6607,13.7693,13.8788,13.989,14.0999,14.2113,14.3231,14.4354,14.548,14.6608,14.7738,14.887,15.0002,15.1136,15.227,15.3404,15.4538,15.5671,15.6804,15.7936,15.9067,16.0196,16.1325,16.2451,16.3576,16.47,16.5821,16.6941,16.8059,16.9174,17.0288,17.1399,17.2508,17.3615,17.4719,17.5821,17.6921,17.8018,17.9112,18.0204,18.1294,18.2381,18.3466,18.4547,18.5627,18.6704,18.7778,18.8849,18.9918,19.0985,19.2049,19.311,19.4168,19.5224,19.6278,19.7329,19.8377,19.9422,20.0465,20.1506,20.2544,20.3579,20.4612,20.5642,20.667,20.7696,20.8718,20.9739,21.0757,21.1772,21.2785,21.3795,21.4803,21.5809,21.6812,21.7813
30.5932,19.2634,14.1935,13.2639,12.8401,12.6106,12.4826,12.416,12.3902,12.3931,12.4173,12.4575,12.5104,12.5732,12.6441,12.7216,12.8046,12.8921,12.9835,13.0782,13.1756,13.2754,13.3773,13.4808,13.5859,13.6923,13.7998,13.9082,14.0174,14.1274,14.238,14.349,14.4605,14.5724,14.6845,14.7969,14.9095,15.0222,15.135,15.2479,15.3608,15.4737,15.5866,15.6995,15.8122,15.9249,16.0375,16.15,16.2623,16.3745,16.4865,16.5984,16.71,16.8215,16.9328,17.0439,17.1547,17.2654,17.3758,17.486,17.596,17.7057,17.8152,17.9245,18.0335,18.1423,18.2508,18.3591,18.4671,18.5748,18.6824,18.7896,18.8966,19.0034,19.1099,19.2161,19.3221,19.4278,19.5333,19.6385,19.7434,19.8481,19.9526,20.0567,20.1607,20.2644,20.3678,20.471,20.5739,20.6766,20.779,20.8812,20.9831,21.0848,21.1863,21.2875,21.3884,21.4891,21.5896,21.6899,21.7899
31.0972,22.0169,14.7048,13.5363,13.0313,12.7601,12.6062,12.5219,12.4832,12.4762,12.4924,12.5262,12.5737,12.632,12.699,12.7731,12.8531,12.938,13.027,13.1196,13.2151,13.3132,13.4134,13.5155,13.6193,13.7244,13.8307,13.9381,14.0464,14.1554,14.2651,14.3753,14.4861,14.5972,14.7086,14.8204,14.9323,15.0445,15.1567,15.2691,15.3815,15.4939,15.6064,15.7188,15.8311,15.9434,16.0556,16.1677,16.2797,16.3916,16.5033,16.6148,16.7262,16.8374,16.9484,17.0592,17.1698,17.2802,17.3904,17.5003,17.6101,17.7196,17.8289,17.9379,18.0467,18.1553,18.2636,18.3717,18.4796,18.5871,18.6945,18.8016,18.9084,19.015,19.1214,19.2274,19.3333,19.4389,19.5442,19.6493,19.7541,19.8587,19.963,20.067,20.1709,20.2744,20.3778,20.4808,20.5836,20.6862,20.7885,20.8906,20.9925,21.0941,21.1954,21.2965,21.3974,21.498,21.5984,21.6986,21.7985
31.5571,23.9088,15.3209,13.8372,13.2363,12.9179,12.7356,12.6321,12.5795,12.5619,12.5698,12.5969,12.6387,12.6922,12.7552,12.8257,12.9027,12.9848,13.0715,13.1618,13.2554,13.3516,13.4502,13.5509,13.6532,13.7571,13.8622,13.9685,14.0757,14.1838,14.2926,14.402,14.512,14.6224,14.7331,14.8442,14.9555,15.0671,15.1788,15.2906,15.4025,15.5144,15.6264,15.7384,15.8503,15.9622,16.074,16.1857,16.2973,16.4088,16.5202,16.6314,16.7425,16.8534,16.9641,17.0746,17.185,17.2951,17.4051,17.5148,17.6243,17.7336,17.8426,17.9515,18.0601,18.1685,18.2766,18.3845,18.4922,18.5996,18.7068,18.8137,18.9204,19.0268,19.133,19.2389,19.3446,19.45,19.5552,19.6602,19.7649,19.8693,19.9735,20.0775,20.1812,20.2846,20.3878,20.4908,20.5935,20.696,20.7982,20.9002,21.0019,21.1034,21.2047,21.3057,21.4064,21.507,21.6073,21.7074,21.8072
31.9821,25.2272,16.075,14.1711,13.4564,13.0847,12.8711,12.7468,12.6793,12.6505,12.6496,12.6695,12.7054,12.754,12.8127,12.8796,12.9533,13.0327,13.1167,13.2048,13.2964,13.3908,13.4877,13.5868,13.6877,13.7903,13.8942,13.9994,14.1056,14.2127,14.3206,14.4291,14.5383,14.6479,14.7579,14.8683,14.979,15.09,15.2011,15.3124,15.4237,15.5352,15.6467,15.7582,15.8697,15.9812,16.0926,16.2039,16.3152,16.4263,16.5374,16.6483,16.759,16.8696,16.98,17.0903,17.2004,17.3102,17.4199,17.5294,17.6387,17.7477,17.8566,17.9652,18.0736,18.1818,18.2897,18.3974,18.5049,18.6122,18.7192,18.8259,18.9324,19.0387,19.1447,19.2505,19.3561,19.4614,19.5664,19.6712,19.7758,19.8801,19.9842,20.088,20.1916,20.2949,20.398,20.5008,20.6034,20.7058,20.8079,20.9098,21.0114,21.1128,21.214,21.3149,21.4156,21.516,21.6163,21.7162,21.816
32.3785,26.2382,17.0038,14.5435,13.6933,13.2612,13.013,12.8662,12.7827,12.7419,12.7317,12.7441,12.7739,12.8172,12.8715,12.9346,13.005,13.0814,13.1629,13.2487,13.3381,13.4307,13.5259,13.6234,13.7228,13.8241,13.9268,14.0308,14.1359,14.242,14.3489,14.4566,14.5649,14.6738,14.7831,14.8928,15.0029,15.1132,15.2237,15.3344,15.4453,15.5562,15.6672,15.7783,15.8894,16.0004,16.1114,16.2224,16.3333,16.4441,16.5547,16.6653,16.7757,16.886,16.9962,17.1061,17.2159,17.3255,17.435,17.5442,17.6532,17.7621,17.8707,17.9791,18.0873,18.1953,18.303,18.4105,18.5178,18.6249,18.7317,18.8383,18.9446,19.0507,19.1566,19.2622,19.3676,19.4728,19.5777,19.6824,19.7868,19.891,19.9949,20.0986,20.2021,20.3053,20.4082,20.511,20.6135,20.7157,20.8177,20.9195,21.021,21.1223,21.2234,21.3242,21.4248,21.5252,21.6253,21.7252,21.8249
32.7508,27.0651,18.126,14.9607,13.9486,13.448,13.1617,12.9905,12.8898,12.8363,12.8162,12.8207,12.8441,12.882,12.9317,12.9909,13.0578,13.1312,13.21,13.2934,13.3807,13.4712,13.5647,13.6605,13.7585,13.8584,13.9598,14.0626,14.1667,14.2718,14.3777,14.4845,14.592,14.7001,14.8087,14.9177,15.027,15.1367,15.2467,15.3568,15.4671,15.5775,15.6881,15.7986,15.9093,16.0199,16.1305,16.2411,16.3516,16.462,16.5723,16.6825,16.7927,16.9026,17.0125,17.1221,17.2317,17.341,17.4502,17.5592,17.668,17.7765,17.8849,17.9931,18.1011,18.2089,18.3164,18.4237,18.5308,18.6377,18.7443,18.8508,18.9569,19.0629,19.1686,19.2741,19.3793,19.4843,19.5891,19.6936,19.7979,19.902,20.0058,20.1093,20.2127,20.3158,20.4186,20.5212,20.6236,20.7257,20.8277,20.9293,21.0308,21.132,21.2329,21.3337,21.4342,21.5344,21.6345,21.7343,21.8338
33.1029,27.7702,19.3999,15.4299,14.2244,13.646,13.3176,13.1198,13.0008,12.9338,12.9033,12.8995,12.916,12.9484,12.9933,13.0484,13.1117,13.182,13.258,13.3389,13.424,13.5125,13.6041,13.6983,13.7948,13.8932,13.9934,14.095,14.1979,14.3019,14.407,14.5128,14.6195,14.7267,14.8345,14.9428,15.0515,15.1606,15.2699,15.3795,15.4892,15.5991,15.7091,15.8193,15.9294,16.0396,16.1498,16.2599,16.3701,16.4801,16.5901,16.7,16.8098,16.9194,17.029,17.1383,17.2476,17.3567,17.4656,17.5743,17.6828,17.7912,17.8994,18.0073,18.1151,18.2226,18.33,18.4371,18.544,18.6507,18.7571,18.8634,18.9694,19.0752,19.1807,19.286,19.3911,19.496,19.6006,19.705,19.8091,19.913,20.0167,20.1202,20.2234,20.3263,20.4291,20.5316,20.6338,20.7359,20.8377,20.9392,21.0406,21.1417,21.2425,21.3432,21.4436,21.5437,21.6437,21.7434,21.8429
33.4373,28.3888,20.7072,15.9582,14.5228,13.8559,13.4811,13.2545,13.1158,13.0344,12.9928,12.9804,12.9898,13.0163,13.0563,13.1071,13.1668,13.2338,13.307,13.3853,13.468,13.5545,13.6443,13.7368,13.8317,13.9286,14.0275,14.1278,14.2296,14.3326,14.4366,14.5416,14.6473,14.7537,14.8608,14.9683,15.0763,15.1847,15.2934,15.4024,15.5116,15.621,15.7305,15.8401,15.9498,16.0595,16.1693,16.2791,16.3888,16.4985,16.6081,16.7176,16.8271,16.9364,17.0456,17.1547,17.2637,17.3725,17.4811,17.5896,17.6979,17.806,17.9139,18.0217,18.1292,18.2365,18.3437,18.4506,18.5573,18.6638,18.7701,18.8761,18.982,19.0876,19.193,19.2981,19.403,19.5078,19.6122,19.7165,19.8205,19.9242,20.0278,20.1311,20.2342,20.337,20.4396,20.542,20.6442,20.7461,20.8478,20.9492,21.0505,21.1514,21.2522,21.3527,21.453,21.5531,21.653,21.7526,21.852
33.7564,28.9428,21.9269,16.5518,14.8459,14.0787,13.6525,13.3947,13.2349,13.1382,13.0851,13.0634,13.0655,13.0859,13.1206,13.167,13.2229,13.2866,13.3568,13.4325,13.5129,13.5973,13.6851,13.7758,13.8691,13.9646,14.0621,14.1612,14.2618,14.3637,14.4667,14.5707,14.6755,14.7811,14.8874,14.9942,15.1015,15.2092,15.3173,15.4256,15.5343,15.6431,15.7521,15.8612,15.9704,16.0797,16.1891,16.2984,16.4077,16.517,16.6263,16.7355,16.8446,16.9536,17.0625,17.1713,17.28,17.3885,17.4968,17.605,17.7131,17.8209,17.9286,18.0361,18.1435,18.2506,18.3575,18.4642,18.5707,18.677,18.7831,18.889,18.9947,19.1001,19.2053,19.3103,19.4151,19.5196,19.624,19.7281,19.8319,19.9356,20.039,20.1421,20.2451,20.3478,20.4503,20.5526,20.6546,20.7564,20.858,20.9593,21.0604,21.1613,21.262,21.3624,21.4626,21.5626,21.6624,21.7619,21.8612
34.062,29.4464,23.0059,17.2139,15.1962,14.3152,13.8324,13.5407,13.3582,13.2453,13.1799,13.1487,13.1431,13.157,13.1864,13.2282,13.2801,13.3404,13.4075,13.4806,13.5585,13.6407,13.7265,13.8155,13.9071,14.0011,14.0972,14.195,14.2944,14.3952,14.4972,14.6002,14.7041,14.8089,14.9143,15.0204,15.1269,15.234,15.3414,15.4492,15.5572,15.6655,15.774,15.8826,15.9913,16.1002,16.2091,16.318,16.4269,16.5358,16.6447,16.7535,16.8623,16.971,17.0796,17.188,17.2964,17.4046,17.5127,17.6207,17.7284,17.8361,17.9435,18.0508,18.1579,18.2648,18.3715,18.478,18.5843,18.6904,18.7963,18.902,19.0075,19.1128,19.2178,19.3226,19.4272,19.5316,19.6358,19.7398,19.8435,19.947,20.0502,20.1533,20.2561,20.3587,20.4611,20.5632,20.6651,20.7668,20.8683,20.9695,21.0705,21.1713,21.2718,21.3722,21.4723,21.5722,21.6718,21.7713,21.8705
34.3556,29.9098,23.9462,17.9415,15.5757,14.5664,14.0211,13.6927,13.486,13.3559,13.2776,13.2363,13.2225,13.2298,13.2537,13.2907,13.3385,13.3952,13.4592,13.5295,13.6049,13.6849,13.7687,13.8558,13.9457,14.0382,14.1328,14.2293,14.3275,14.4272,14.5281,14.6301,14.7331,14.837,14.9416,15.0469,15.1527,15.2591,15.3658,15.473,15.5804,15.6882,15.7961,15.9042,16.0125,16.1208,16.2293,16.3378,16.4463,16.5548,16.6633,16.7718,16.8802,16.9885,17.0968,17.205,17.313,17.421,17.5288,17.6364,17.744,17.8513,17.9585,18.0656,18.1724,18.2791,18.3856,18.4919,18.598,18.7039,18.8096,18.9151,19.0204,19.1255,19.2304,19.3351,19.4395,19.5438,19.6478,19.7516,19.8551,19.9585,20.0616,20.1645,20.2672,20.3697,20.4719,20.5739,20.6757,20.7773,20.8786,20.9798,21.0807,21.1813,21.2818,21.382,21.482,21.5818,21.6814,21.7807,21.8799
34.6383,30.3401,24.7691,18.7229,15.9864,14.8332,14.2192,13.851,13.6184,13.4699,13.378,13.3261,13.3039,13.3043,13.3223,13.3545,13.3981,13.4511,13.5119,13.5792,13.6521,13.7298,13.8115,13.8967,13.9849,14.0758,14.169,14.2642,14.3611,14.4596,14.5594,14.6604,14.7625,14.8654,14.9692,15.0737,15.1788,15.2845,15.3906,15.4971,15.6039,15.7111,15.8185,15.9261,16.0338,16.1417,16.2497,16.3578,16.4659,16.574,16.6821,16.7902,16.8983,17.0063,17.1142,17.2221,17.3298,17.4375,17.545,17.6524,17.7596,17.8668,17.9737,18.0805,18.1871,18.2936,18.3999,18.5059,18.6118,18.7176,18.8231,18.9284,19.0335,19.1384,19.2431,19.3476,19.4519,19.556,19.6598,19.7635,19.8669,19.9701,20.0731,20.1759,20.2784,20.3808,20.4829,20.5848,20.6864,20.7879,20.8891,20.9901,21.0909,21.1915,21.2918,21.392,21.4919,21.5915,21.691,21.7903,21.8893
34.9113,30.7427,25.4971,19.5375,16.4296,15.1165,14.427,14.0158,13.7554,13.5876,13.4813,13.4183,13.3873,13.3804,13.3925,13.4196,13.4588,13.508,13.5654,13.6298,13.7001,13.7754,13.855,13.9383,14.0247,14.114,14.2057,14.2995,14.3951,14.4924,14.5911,14.6911,14.7922,14.8943,14.9972,15.1009,15.2053,15.3102,15.4156,15.5215,15.6277,15.7343,15.8411,15.9482,16.0554,16.1629,16.2704,16.378,16.4857,16.5934,16.7011,16.8089,16.9166,17.0242,17.1318,17.2394,17.3468,17.4541,17.5614,17.6685,17.7755,17.8823,17.989,18.0956,18.202,18.3082,18.4143,18.5201,18.6258,18.7313,18.8366,18.9418,19.0467,19.1514,19.256,19.3603,19.4644,19.5683,19.672,19.7755,19.8788,19.9819,20.0847,20.1873,20.2898,20.392,20.4939,20.5957,20.6972,20.7986,20.8997,21.0006,21.1013,21.2017,21.3019,21.402,21.5018,21.6014,21.7007,21.7999,21.8988
35.1755,31.1219,26.149,20.3596,16.9057,15.4172,14.6451,14.1873,13.8973,13.7089,13.5875,13.5129,13.4727,13.4583,13.4641,13.4859,13.5206,13.5659,13.6199,13.6813,13.7489,13.8218,13.8992,13.9804,14.0651,14.1527,14.2429,14.3352,14.4296,14.5257,14.6233,14.7222,14.8223,14.9235,15.0255,15.1284,15.232,15.3362,15.4409,15.5461,15.6518,15.7577,15.864,15.9705,16.0773,16.1842,16.2913,16.3984,16.5057,16.613,16.7203,16.8277,16.935,17.0423,17.1496,17.2568,17.3639,17.471,17.5779,17.6848,17.7915,17.8981,18.0045,18.1108,18.217,18.323,18.4288,18.5344,18.6399,18.7452,18.8503,18.9553,19.06,19.1646,19.2689,19.3731,19.477,19.5808,19.6843,19.7876,19.8908,19.9937,20.0964,20.1989,20.3012,20.4032,20.5051,20.6067,20.7081,20.8093,20.9103,21.0111,21.1117,21.212,21.3121,21.4121,21.5118,21.6112,21.7105,21.8096,21.9084
35.4316,31.4808,26.7392,21.1648,17.4135,15.7359,14.8738,14.3659,14.0442,13.834,13.6967,13.6099,13.5601,13.5379,13.5373,13.5536,13.5837,13.6249,13.6754,13.7337,13.7985,13.8689,13.944,14.0233,14.1061,14.192,14.2806,14.3715,14.4646,14.5594,14.6559,14.7537,14.8528,14.953,15.0542,15.1563,15.2591,15.3625,15.4666,15.5711,15.6761,15.7815,15.8872,15.9932,16.0994,16.2058,16.3124,16.4191,16.5259,16.6328,16.7398,16.8467,16.9537,17.0607,17.1676,17.2744,17.3813,17.488,17.5946,17.7012,17.8076,17.9139,18.0201,18.1262,18.2321,18.3379,18.4435,18.5489,18.6542,18.7593,18.8642,18.9689,19.0735,19.1778,19.282,19.386,19.4898,19.5933,19.6967,19.7999,19.9029,20.0056,20.1082,20.2105,20.3127,20.4146,20.5163,20.6178,20.7191,20.8202,20.9211,21.0217,21.1222,21.2224,21.3224,21.4222,21.5218,21.6212,21.7204,21.8193,21.9181
35.6803,31.8221,27.2791,21.9355,17.9503,16.0731,15.1135,14.5517,14.1963,13.963,13.8089,13.7094,13.6495,13.6193,13.6119,13.6226,13.6479,13.685,13.7318,13.7869,13.8489,13.9167,13.9895,14.0667,14.1476,14.2318,14.3188,14.4083,14.5,14.5936,14.6888,14.7856,14.8837,14.983,15.0832,15.1844,15.2864,15.3891,15.4925,15.5963,15.7007,15.8055,15.9106,16.016,16.1217,16.2276,16.3337,16.44,16.5464,16.6528,16.7594,16.8659,16.9725,17.0791,17.1857,17.2923,17.3987,17.5052,17.6115,17.7178,17.8239,17.93,18.0359,18.1417,18.2474,18.3529,18.4583,18.5635,18.6685,18.7734,18.8781,18.9827,19.087,19.1912,19.2952,19.399,19.5026,19.606,19.7092,19.8122,19.9151,20.0177,20.1201,20.2223,20.3243,20.4261,20.5277,20.629,20.7302,20.8312,20.9319,21.0325,21.1328,21.2329,21.3328,21.4325,21.532,21.6313,21.7303,21.8292,21.9278
35.9222,32.1478,27.7771,22.662,18.5113,16.4291,15.3647,14.745,14.3536,14.096,13.9243,13.8115,13.7411,13.7024,13.6881,13.693,13.7133,13.7461,13.7892,13.841,13.9,13.9652,14.0357,14.1108,14.1898,14.2722,14.3576,14.4456,14.5358,14.6282,14.7222,14.8179,14.915,15.0132,15.1126,15.2129,15.3141,15.4161,15.5187,15.6219,15.7256,15.8297,15.9342,16.0391,16.1443,16.2497,16.3553,16.4611,16.567,16.6731,16.7792,16.8854,16.9916,17.0978,17.204,17.3102,17.4164,17.5225,17.6286,17.7345,17.8404,17.9462,18.0518,18.1574,18.2628,18.3681,18.4732,18.5782,18.683,18.7877,18.8922,18.9965,19.1007,19.2047,19.3085,19.4121,19.5155,19.6188,19.7218,19.8247,19.9274,20.0298,20.1321,20.2341,20.336,20.4376,20.5391,20.6403,20.7414,20.8422,20.9428,21.0433,21.1435,21.2435,21.3433,21.4429,21.5422,21.6414,21.7404,21.8391,21.9377
36.1578,32.4599,28.24,23.341,19.0902,16.8035,15.6274,14.9459,14.5163,14.233,14.0428,13.916,13.8348,13.7874,13.7659,13.7647,13.7799,13.8083,13.8476,13.8959,13.952,14.0145,14.0826,14.1555,14.2325,14.3131,14.3968,14.4833,14.5722,14.6632,14.7561,14.8506,14.9466,15.0439,15.1423,15.2418,15.3421,15.4433,15.5452,15.6477,15.7507,15.8542,15.9581,16.0625,16.1671,16.272,16.3771,16.4824,16.5879,16.6935,16.7992,16.905,17.0108,17.1167,17.2225,17.3284,17.4342,17.54,17.6458,17.7514,17.857,17.9625,18.0679,18.1732,18.2783,18.3834,18.4883,18.593,18.6976,18.8021,18.9064,19.0105,19.1145,19.2183,19.3219,19.4254,19.5286,19.6317,19.7346,19.8373,19.9398,20.0421,20.1442,20.2461,20.3478,20.4493,20.5506,20.6517,20.7526,20.8533,20.9538,21.0541,21.1542,21.2541,21.3538,21.4533,21.5525,21.6516,21.7505,21.8491,21.9476
36.3876,32.7596,28.673,23.9735,19.6792,17.1959,15.902,15.1547,14.6846,14.3741,14.1645,14.0232,13.9306,13.8741,13.8452,13.8378,13.8477,13.8715,13.9069,13.9518,14.0048,14.0646,14.1302,14.2008,14.2758,14.3546,14.4366,14.5215,14.609,14.6987,14.7903,14.8837,14.9786,15.0749,15.1724,15.2709,15.3705,15.4708,15.572,15.6737,15.7761,15.879,15.9823,16.086,16.1901,16.2945,16.3991,16.5039,16.609,16.7141,16.8194,16.9248,17.0302,17.1357,17.2412,17.3467,17.4522,17.5577,17.6631,17.7685,17.8738,17.979,18.0841,18.1891,18.294,18.3988,18.5035,18.608,18.7124,18.8166,18.9207,19.0247,19.1284,19.232,19.3354,19.4387,19.5418,19.6447,19.7474,19.8499,19.9523,20.0544,20.1564,20.2581,20.3597,20.4611,20.5622,20.6632,20.764,20.8646,20.9649,21.0651,21.1651,21.2649,21.3644,21.4638,21.5629,21.6619,21.7607,21.8592,21.9576
36.6119,33.0482,29.0803,24.5626,20.2704,17.6049,16.1885,15.3714,14.8585,14.5194,14.2894,14.133,14.0286,13.9627,13.926,13.9123,13.9167,13.9359,13.9672,14.0085,14.0583,14.1153,14.1784,14.2468,14.3197,14.3966,14.4769,14.5603,14.6462,14.7346,14.8249,14.9171,15.011,15.1062,15.2028,15.3004,15.3991,15.4987,15.599,15.7001,15.8018,15.904,16.0067,16.1099,16.2134,16.3172,16.4213,16.5257,16.6302,16.7349,16.8398,16.9448,17.0498,17.1549,17.2601,17.3652,17.4704,17.5755,17.6806,17.7857,17.8907,17.9956,18.1005,18.2052,18.3099,18.4144,18.5188,18.6231,18.7273,18.8313,18.9352,19.0389,19.1425,19.2459,19.3491,19.4522,19.5551,19.6578,19.7603,19.8627,19.9649,20.0669,20.1687,20.2703,20.3717,20.4729,20.574,20.6748,20.7754,20.8759,20.9761,21.0762,21.176,21.2757,21.3751,21.4744,21.5734,21.6723,21.7709,21.8694,21.9676
36.8311,33.3268,29.4653,25.1122,20.8563,18.029,16.4868,15.5963,15.0381,14.669,14.4177,14.2454,14.1288,14.0531,14.0085,13.9881,13.9869,14.0013,14.0284,14.0661,14.1127,14.1668,14.2274,14.2934,14.3642,14.4392,14.5177,14.5995,14.684,14.7709,14.86,14.951,15.0437,15.1379,15.2335,15.3302,15.4281,15.5268,15.6264,15.7267,15.8277,15.9293,16.0314,16.1339,16.2369,16.3402,16.4438,16.5476,16.6517,16.756,16.8604,16.9649,17.0696,17.1743,17.2791,17.3839,17.4887,17.5935,17.6983,17.8031,17.9078,18.0124,18.117,18.2215,18.3258,18.4301,18.5343,18.6384,18.7423,18.8461,18.9497,19.0533,19.1566,19.2598,19.3629,19.4657,19.5685,19.671,19.7734,19.8756,19.9776,20.0794,20.181,20.2825,20.3838,20.4849,20.5858,20.6865,20.787,20.8873,20.9874,21.0873,21.1871,21.2866,21.3859,21.485,21.584,21.6827,21.7813,21.8796,21.9777
37.0456,33.5963,29.8306,25.6265,21.4307,18.4658,16.7966,15.8292,15.2236,14.8229,14.5494,14.3605,14.2312,14.1454,14.0926,14.0653,14.0584,14.0678,14.0906,14.1246,14.1679,14.2191,14.277,14.3407,14.4093,14.4823,14.5591,14.6392,14.7221,14.8077,14.8955,14.9853,15.0768,15.17,15.2646,15.3604,15.4573,15.5552,15.654,15.7536,15.8539,15.9548,16.0563,16.1582,16.2606,16.3634,16.4664,16.5698,16.6734,16.7772,16.8812,16.9853,17.0895,17.1939,17.2983,17.4027,17.5072,17.6117,17.7161,17.8206,17.925,18.0293,18.1336,18.2378,18.342,18.446,18.5499,18.6537,18.7574,18.861,18.9644,19.0677,19.1709,19.2739,19.3767,19.4794,19.582,19.6843,19.7865,19.8885,19.9904,20.092,20.1935,20.2948,20.396,20.4969,20.5977,20.6982,20.7986,20.8988,20.9988,21.0986,21.1982,21.2976,21.3968,21.4958,21.5946,21.6932,21.7917,21.8899,21.9879
37.2557,33.8575,30.1787,26.1091,21.9889,18.9126,17.1176,16.0703,15.4149,14.9812,14.6844,14.4784,14.3358,14.2395,14.1782,14.1439,14.131,14.1354,14.1539,14.184,14.2239,14.2721,14.3273,14.3885,14.455,14.526,14.6009,14.6793,14.7608,14.8449,14.9313,15.0199,15.1103,15.2024,15.296,15.3908,15.4869,15.584,15.682,15.7808,15.8804,15.9806,16.0815,16.1828,16.2846,16.3868,16.4893,16.5922,16.6953,16.7986,16.9022,17.0059,17.1097,17.2136,17.3176,17.4217,17.5258,17.63,17.7341,17.8382,17.9423,18.0464,18.1504,18.2543,18.3582,18.462,18.5656,18.6692,18.7727,18.876,18.9792,19.0823,19.1853,19.2881,19.3907,19.4932,19.5956,19.6977,19.7998,19.9016,20.0033,20.1048,20.2061,20.3073,20.4082,20.509,20.6096,20.7101,20.8103,20.9103,21.0102,21.1099,21.2093,21.3086,21.4077,21.5066,21.6053,21.7038,21.8022,21.9003,21.9982
37.4616,34.111,30.5114,26.5637,22.528,19.3664,17.449,16.3195,15.6121,15.1439,14.8229,14.599,14.4427,14.3356,14.2655,14.2239,14.205,14.2041,14.2181,14.2443,14.2807,14.3258,14.3783,14.437,14.5013,14.5702,14.6433,14.72,14.7998,14.8825,14.9676,15.0549,15.1442,15.2352,15.3277,15.4216,15.5168,15.613,15.7102,15.8083,15.9071,16.0067,16.1069,16.2076,16.3088,16.4104,16.5124,16.6147,16.7174,16.8202,16.9233,17.0266,17.13,17.2335,17.3372,17.4409,17.5446,17.6484,17.7523,17.8561,17.9599,18.0636,18.1673,18.271,18.3746,18.4781,18.5815,18.6848,18.7881,18.8912,18.9942,19.097,19.1998,19.3024,19.4048,19.5071,19.6093,19.7113,19.8131,19.9148,20.0163,20.1176,20.2188,20.3198,20.4206,20.5213,20.6217,20.722,20.8221,20.922,21.0217,21.1213,21.2206,21.3198,21.4188,21.5175,21.6161,21.7145,21.8127,21.9108,22.0086
37.6635,34.3574,30.8303,26.9932,23.0462,19.8239,17.7901,16.5766,15.8152,15.3111,14.9648,14.7223,14.5518,14.4336,14.3544,14.3054,14.2801,14.2739,14.2832,14.3054,14.3383,14.3803,14.4299,14.4862,14.5481,14.615,14.6862,14.7611,14.8394,14.9206,15.0043,15.0903,15.1784,15.2683,15.3598,15.4527,15.5469,15.6423,15.7387,15.836,15.9341,16.033,16.1325,16.2326,16.3332,16.4342,16.5357,16.6375,16.7397,16.8421,16.9447,17.0475,17.1505,17.2536,17.3569,17.4602,17.5636,17.6671,17.7705,17.874,17.9775,18.081,18.1844,18.2878,18.3911,18.4943,18.5975,18.7006,18.8036,18.9065,19.0092,19.1119,19.2144,19.3168,19.419,19.5211,19.6231,19.7249,19.8266,19.9281,20.0294,20.1306,20.2316,20.3324,20.4331,20.5336,20.6339,20.734,20.834,20.9338,21.0333,21.1327,21.232,21.331,21.4299,21.5285,21.627,21.7253,21.8234,21.9213,22.019
37.8617,34.5973,31.1368,27.4004,23.5429,20.282,18.1398,16.8414,16.0242,15.4827,15.1102,14.8485,14.6633,14.5334,14.4449,14.3882,14.3565,14.3448,14.3494,14.3675,14.3967,14.4355,14.4823,14.536,14.5956,14.6603,14.7296,14.8027,14.8794,14.959,15.0414,15.1261,15.213,15.3018,15.3922,15.4841,15.5774,15.6719,15.7675,15.864,15.9614,16.0595,16.1584,16.2578,16.3578,16.4583,16.5592,16.6605,16.7621,16.8641,16.9662,17.0686,17.1712,17.2739,17.3768,17.4797,17.5828,17.6859,17.789,17.8922,17.9953,18.0985,18.2016,18.3047,18.4077,18.5107,18.6136,18.7165,18.8192,18.9219,19.0244,19.1268,19.2291,19.3313,19.4333,19.5353,19.637,19.7387,19.8401,19.9414,20.0426,20.1436,20.2445,20.3451,20.4456,20.546,20.6461,20.7461,20.8459,20.9456,21.045,21.1443,21.2434,21.3423,21.441,21.5396,21.6379,21.7361,21.8341,21.9319,22.0295
38.0564,34.8311,31.4321,27.7875,24.0182,20.7378,18.4968,17.1136,16.239,15.6588,15.2591,14.9774,14.777,14.6352,14.5371,14.4725,14.4341,14.4168,14.4166,14.4304,14.456,14.4914,14.5353,14.5863,14.6436,14.7062,14.7735,14.8448,14.9198,14.998,15.0789,15.1623,15.248,15.3356,15.4249,15.5159,15.6082,15.7018,15.7965,15.8923,15.9889,16.0863,16.1845,16.2833,16.3827,16.4826,16.583,16.6837,16.7848,16.8863,16.988,17.0899,17.192,17.2944,17.3968,17.4994,17.6021,17.7048,17.8076,17.9104,18.0133,18.1161,18.219,18.3218,18.4245,18.5272,18.6299,18.7325,18.835,18.9374,19.0397,19.1419,19.244,19.3459,19.4478,19.5495,19.6511,19.7525,19.8538,19.9549,20.0559,20.1568,20.2574,20.3579,20.4583,20.5585,20.6585,20.7583,20.858,20.9575,21.0568,21.156,21.2549,21.3537,21.4523,21.5507,21.649,21.747,21.8449,21.9426,22.0401
38.2477,35.0593,31.7171,28.1567,24.4729,21.1887,18.8599,17.3928,16.4595,15.8393,15.4115,15.1091,14.8931,14.739,14.6309,14.5582,14.513,14.4899,14.4847,14.4942,14.516,14.5481,14.589,14.6374,14.6922,14.7526,14.8179,14.8874,14.9607,15.0373,15.1168,15.1989,15.2833,15.3697,15.458,15.5479,15.6393,15.732,15.8259,15.9208,16.0167,16.1134,16.2109,16.309,16.4078,16.5071,16.6069,16.7071,16.8077,16.9087,17.0099,17.1114,17.2131,17.315,17.417,17.5192,17.6215,17.7239,17.8264,17.9288,18.0314,18.1339,18.2364,18.339,18.4414,18.5439,18.6463,18.7486,18.8508,18.953,19.0551,19.157,19.2589,19.3607,19.4623,19.5638,19.6652,19.7664,19.8675,19.9685,20.0693,20.17,20.2705,20.3708,20.471,20.5711,20.6709,20.7706,20.8701,20.9695,21.0687,21.1677,21.2665,21.3652,21.4636,21.5619,21.6601,21.758,21.8558,21.9533,22.0507
38.4359,35.2822,31.9928,28.5097,24.9079,21.6325,19.2276,17.6786,16.6856,16.0243,15.5674,15.2437,15.0114,14.8446,14.7264,14.6453,14.5932,14.5641,14.5538,14.559,14.5769,14.6056,14.6434,14.689,14.7414,14.7996,14.8628,14.9305,15.0021,15.0771,15.1551,15.2358,15.319,15.4042,15.4914,15.5803,15.6707,15.7625,15.8555,15.9496,16.0447,16.1407,16.2375,16.335,16.4331,16.5318,16.6311,16.7307,16.8308,16.9312,17.032,17.133,17.2343,17.3358,17.4374,17.5392,17.6411,17.7432,17.8453,17.9474,18.0496,18.1518,18.2541,18.3563,18.4585,18.5607,18.6628,18.7648,18.8668,18.9688,19.0706,19.1723,19.274,19.3755,19.4769,19.5783,19.6794,19.7805,19.8814,19.9822,20.0828,20.1833,20.2837,20.3838,20.4839,20.5837,20.6834,20.783,20.8824,20.9816,21.0806,21.1795,21.2782,21.3767,21.4751,21.5732,21.6712,21.7691,21.8667,21.9642,22.0614
38.621,35.5002,32.2599,28.848,25.3242,22.0676,19.5983,17.9702,16.9171,16.2136,15.7267,15.3811,15.1321,14.9522,14.8235,14.7338,14.6745,14.6395,14.624,14.6246,14.6385,14.6637,14.6985,14.7413,14.7912,14.8471,14.9082,14.974,15.0438,15.1172,15.1938,15.2732,15.355,15.4391,15.5251,15.613,15.7024,15.7933,15.8854,15.9787,16.073,16.1683,16.2643,16.3612,16.4587,16.5568,16.6554,16.7545,16.8541,16.954,17.0543,17.1549,17.2557,17.3567,17.458,17.5594,17.6609,17.7626,17.8643,17.9661,18.068,18.1699,18.2718,18.3738,18.4757,18.5776,18.6794,18.7812,18.883,18.9846,19.0862,19.1877,19.2892,19.3905,19.4917,19.5928,19.6938,19.7946,19.8954,19.996,20.0964,20.1967,20.2969,20.3969,20.4968,20.5965,20.6961,20.7955,20.8947,20.9938,21.0927,21.1914,21.29,21.3883,21.4866,21.5846,21.6825,21.7802,21.8777,21.9751,22.0722
38.8033,35.7135,32.5191,29.173,25.723,22.4926,19.9706,18.2673,17.1538,16.4072,15.8895,15.5212,15.2551,15.0618,14.9223,14.8238,14.7572,14.7159,14.6951,14.6911,14.701,14.7227,14.7542,14.7942,14.8415,14.8951,14.9542,15.018,15.0861,15.1578,15.2329,15.3109,15.3914,15.4743,15.5592,15.646,15.7344,15.8243,15.9156,16.008,16.1015,16.196,16.2914,16.3876,16.4844,16.5819,16.68,16.7785,16.8776,16.977,17.0768,17.1769,17.2772,17.3778,17.4787,17.5797,17.6808,17.7821,17.8835,17.985,18.0865,18.1881,18.2897,18.3913,18.493,18.5946,18.6962,18.7977,18.8992,19.0006,19.102,19.2033,19.3045,19.4056,19.5066,19.6074,19.7082,19.8089,19.9094,20.0098,20.1101,20.2102,20.3102,20.4101,20.5098,20.6094,20.7088,20.808,20.9071,21.006,21.1048,21.2034,21.3018,21.4,21.4981,21.5961,21.6938,21.7914,21.8888,21.986,22.0831
38.9829,35.9225,32.771,29.4858,26.1056,22.9068,20.3429,18.5689,17.3954,16.605,16.0558,15.6642,15.3803,15.1733,15.0228,14.9152,14.8411,14.7934,14.7672,14.7585,14.7643,14.7823,14.8106,14.8478,14.8924,14.9437,15.0006,15.0625,15.1288,15.1989,15.2724,15.3489,15.4282,15.5098,15.5936,15.6793,15.7667,15.8557,15.946,16.0376,16.1303,16.2241,16.3187,16.4142,16.5104,16.6073,16.7048,16.8028,16.9012,17.0001,17.0994,17.199,17.299,17.3991,17.4995,17.6002,17.7009,17.8018,17.9029,18.004,18.1052,18.2065,18.3078,18.4091,18.5104,18.6117,18.713,18.8143,18.9155,19.0167,19.1178,19.2189,19.3199,19.4207,19.5215,19.6222,19.7228,19.8232,19.9236,20.0238,20.1239,20.2239,20.3237,20.4234,20.5229,20.6223,20.7215,20.8206,20.9196,21.0183,21.117,21.2154,21.3137,21.4118,21.5098,21.6076,21.7052,21.8027,21.8999,21.9971,22.094
39.1598,36.1273,33.0162,29.7875,26.473,23.3096,20.7139,18.8743,17.6416,16.8068,16.2253,15.8099,15.5079,15.2867,15.1248,15.008,14.9262,14.8721,14.8403,14.8268,14.8284,14.8427,14.8677,14.9019,14.944,14.9928,15.0475,15.1074,15.1719,15.2403,15.3123,15.3874,15.4653,15.5457,15.6283,15.7129,15.7993,15.8873,15.9767,16.0675,16.1594,16.2524,16.3463,16.4411,16.5366,16.6329,16.7297,16.8272,16.9251,17.0235,17.1223,17.2214,17.3209,17.4206,17.5206,17.6208,17.7212,17.8217,17.9224,18.0231,18.124,18.2249,18.3259,18.4269,18.528,18.629,18.73,18.831,18.932,19.0329,19.1338,19.2346,19.3354,19.436,19.5366,19.6371,19.7374,19.8377,19.9378,20.0379,20.1378,20.2376,20.3372,20.4367,20.5361,20.6353,20.7344,20.8333,20.9321,21.0308,21.1292,21.2275,21.3257,21.4237,21.5215,21.6192,21.7167,21.814,21.9112,22.0082,22.105
39.3342,36.3283,33.255,30.0791,26.8264,23.7008,21.0824,19.1828,17.892,17.0126,16.3982,15.9584,15.6378,15.402,15.2286,15.1023,15.0126,14.9518,14.9143,14.8959,14.8933,14.9038,14.9255,14.9567,14.996,15.0424,15.095,15.1529,15.2154,15.2822,15.3526,15.4262,15.5028,15.5819,15.6633,15.7468,15.8322,15.9192,16.0077,16.0976,16.1887,16.2809,16.3741,16.4681,16.563,16.6586,16.7549,16.8518,16.9492,17.047,17.1453,17.2439,17.3429,17.4422,17.5418,17.6416,17.7416,17.8417,17.942,18.0424,18.143,18.2436,18.3442,18.4449,18.5457,18.6464,18.7472,18.8479,18.9486,19.0493,19.1499,19.2505,19.351,19.4514,19.5518,19.652,19.7522,19.8522,19.9522,20.052,20.1518,20.2514,20.3508,20.4502,20.5494,20.6484,20.7474,20.8461,20.9448,21.0432,21.1416,21.2397,21.3378,21.4356,21.5333,21.6309,21.7282,21.8254,21.9225,22.0194,22.1161
39.5063,36.5256,33.4879,30.3612,27.1667,24.0804,21.4473,19.4936,18.1463,17.2221,16.5744,16.1095,15.7699,15.5193,15.3339,15.198,15.1002,15.0327,14.9894,14.966,14.959,14.9657,14.9839,15.0121,15.0487,15.0926,15.1429,15.1987,15.2594,15.3244,15.3932,15.4654,15.5406,15.6184,15.6987,15.781,15.8653,15.9514,16.039,16.128,16.2182,16.3096,16.4021,16.4955,16.5897,16.6846,16.7803,16.8766,16.9734,17.0707,17.1685,17.2667,17.3652,17.464,17.5631,17.6625,17.7621,17.8619,17.9618,18.0619,18.162,18.2623,18.3627,18.4631,18.5635,18.6639,18.7644,18.8649,18.9653,19.0657,19.1661,19.2664,19.3667,19.4669,19.567,19.6671,19.767,19.8669,19.9666,20.0663,20.1658,20.2652,20.3645,20.4637,20.5627,20.6616,20.7604,20.859,20.9575,21.0558,21.154,21.252,21.3499,21.4476,21.5452,21.6426,21.7398,21.8369,21.9338,22.0306,22.1272
39.6761,36.7194,33.7154,30.6346,27.4948,24.4486,21.8076,19.8058,18.4041,17.4352,16.7537,16.2634,15.9043,15.6384,15.4409,15.2951,15.1891,15.1146,15.0654,15.0369,15.0254,15.0282,15.043,15.0681,15.1019,15.1433,15.1913,15.2451,15.3039,15.3671,15.4343,15.505,15.5787,15.6553,15.7343,15.8156,15.8988,15.9838,16.0705,16.1586,16.248,16.3386,16.4303,16.523,16.6165,16.7108,16.8059,16.9016,16.9978,17.0946,17.1919,17.2895,17.3876,17.486,17.5847,17.6836,17.7828,17.8822,17.9817,18.0814,18.1813,18.2812,18.3812,18.4813,18.5814,18.6816,18.7818,18.882,18.9821,19.0823,19.1824,19.2825,19.3825,19.4825,19.5824,19.6822,19.782,19.8816,19.9812,20.0806,20.18,20.2792,20.3783,20.4773,20.5762,20.6749,20.7735,20.872,20.9703,21.0685,21.1665,21.2644,21.3621,21.4597,21.5572,21.6544,21.7515,21.8485,21.9453,22.0419,22.1384
39.8437,36.9099,33.9377,30.9,27.8118,24.8056,22.1626,20.1186,18.665,17.6517,16.936,16.4199,16.0409,15.7595,15.5496,15.3936,15.2792,15.1976,15.1424,15.1087,15.0927,15.0915,15.1028,15.1247,15.1557,15.1946,15.2403,15.2919,15.3488,15.4102,15.4758,15.5449,15.6173,15.6925,15.7703,15.8504,15.9326,16.0166,16.1023,16.1895,16.2781,16.3679,16.4588,16.5507,16.6436,16.7373,16.8317,16.9268,17.0224,17.1187,17.2154,17.3126,17.4102,17.5081,17.6064,17.7049,17.8036,17.9026,18.0018,18.1011,18.2006,18.3002,18.3999,18.4997,18.5995,18.6994,18.7993,18.8992,18.9991,19.099,19.1989,19.2987,19.3985,19.4982,19.5979,19.6975,19.797,19.8965,19.9958,20.0951,20.1942,20.2933,20.3922,20.491,20.5897,20.6883,20.7867,20.885,20.9832,21.0812,21.1791,21.2768,21.3744,21.4719,21.5692,21.6663,21.7633,21.8601,21.9568,22.0533,22.1497
40.0091,37.0973,34.1552,31.158,28.1182,25.1517,22.5117,20.4313,18.9284,17.8714,17.1213,16.5789,16.1797,15.8824,15.6598,15.4935,15.3705,15.2818,15.2204,15.1814,15.1608,15.1556,15.1633,15.182,15.2101,15.2464,15.2897,15.3392,15.3941,15.4537,15.5176,15.5852,15.6561,15.73,15.8066,15.8855,15.9666,16.0496,16.1343,16.2206,16.3084,16.3974,16.4875,16.5787,16.6709,16.7639,16.8576,16.9521,17.0473,17.1429,17.2392,17.3358,17.4329,17.5304,17.6282,17.7263,17.8246,17.9232,18.022,18.121,18.2201,18.3194,18.4187,18.5182,18.6177,18.7173,18.8169,18.9165,19.0161,19.1158,19.2154,19.315,19.4145,19.514,19.6135,19.7129,19.8122,19.9114,20.0106,20.1096,20.2086,20.3074,20.4062,20.5048,20.6033,20.7017,20.8,20.8982,20.9962,21.094,21.1918,21.2894,21.3868,21.4841,21.5813,21.6783,21.7751,21.8718,21.9684,22.0648,22.161
40.1726,37.2817,34.3681,31.409,28.4149,25.4875,22.8545,20.7431,19.1939,18.0939,17.3094,16.7404,16.3207,16.0072,15.7717,15.5948,15.4631,15.367,15.2994,15.255,15.2297,15.2203,15.2244,15.2398,15.265,15.2986,15.3396,15.3869,15.4398,15.4976,15.5598,15.6259,15.6953,15.7679,15.8432,15.921,16.0009,16.0829,16.1666,16.252,16.3389,16.4271,16.5164,16.6069,16.6983,16.7907,16.8838,16.9777,17.0722,17.1674,17.2631,17.3592,17.4558,17.5528,17.6502,17.7478,17.8458,17.944,18.0424,18.141,18.2398,18.3387,18.4377,18.5368,18.636,18.7353,18.8346,18.9339,19.0333,19.1327,19.232,19.3314,19.4307,19.5299,19.6292,19.7283,19.8274,19.9265,20.0254,20.1243,20.223,20.3217,20.4203,20.5187,20.6171,20.7153,20.8134,20.9114,21.0092,21.1069,21.2045,21.302,21.3993,21.4964,21.5934,21.6903,21.787,21.8836,21.98,22.0763,22.1724
40.3341,37.4633,34.5768,31.6535,28.7025,25.8133,23.1906,21.0534,19.461,18.3191,17.5002,16.9044,16.4638,16.1338,15.8851,15.6974,15.5568,15.4533,15.3793,15.3294,15.2993,15.2858,15.2861,15.2983,15.3205,15.3515,15.39,15.4351,15.486,15.542,15.6024,15.6669,15.7349,15.8061,15.8801,15.9567,16.0355,16.1165,16.1992,16.2837,16.3697,16.457,16.5456,16.6353,16.726,16.8177,16.9102,17.0035,17.0974,17.192,17.2871,17.3828,17.4789,17.5754,17.6723,17.7696,17.8671,17.9649,18.0629,18.1611,18.2595,18.3581,18.4568,18.5556,18.6545,18.7534,18.8524,18.9515,19.0506,19.1497,19.2488,19.3479,19.4469,19.546,19.645,19.7439,19.8428,19.9416,20.0403,20.139,20.2376,20.336,20.4344,20.5327,20.6308,20.7289,20.8268,20.9247,21.0223,21.1199,21.2173,21.3146,21.4118,21.5088,21.6057,21.7024,21.799,21.8955,21.9918,22.0879,22.1839
40.4938,37.6421,34.7813,31.892,28.9817,26.1295,23.5198,21.3617,19.7293,18.5466,17.6936,17.0707,16.6089,16.2623,16.0001,15.8015,15.6518,15.5406,15.4602,15.4047,15.3698,15.3519,15.3485,15.3573,15.3766,15.4048,15.4409,15.4837,15.5326,15.5867,15.6454,15.7083,15.7748,15.8446,15.9173,15.9927,16.0704,16.1503,16.2321,16.3156,16.4007,16.4872,16.575,16.6639,16.7539,16.8449,16.9368,17.0294,17.1228,17.2168,17.3114,17.4065,17.5022,17.5982,17.6946,17.7914,17.8885,17.9859,18.0835,18.1814,18.2794,18.3776,18.476,18.5744,18.673,18.7717,18.8704,18.9692,19.068,19.1668,19.2656,19.3645,19.4633,19.5621,19.6608,19.7596,19.8582,19.9568,20.0553,20.1538,20.2522,20.3505,20.4486,20.5467,20.6447,20.7426,20.8404,20.938,21.0356,21.133,21.2302,21.3274,21.4244,21.5213,21.618,21.7146,21.8111,21.9074,22.0035,22.0996,22.1954
40.6516,37.8183,34.9821,32.1247,29.2529,26.4366,23.842,21.6673,19.9983,18.7762,17.8893,17.2392,16.7561,16.3924,16.1166,15.9069,15.748,15.629,15.542,15.4808,15.441,15.4188,15.4116,15.417,15.4332,15.4587,15.4922,15.5328,15.5796,15.6318,15.6888,15.75,15.815,15.8834,15.9549,16.029,16.1056,16.1844,16.2652,16.3477,16.4319,16.5176,16.6046,16.6928,16.7821,16.8723,16.9635,17.0556,17.1483,17.2418,17.3358,17.4304,17.5256,17.6211,17.7171,17.8134,17.9101,18.0071,18.1043,18.2018,18.2995,18.3973,18.4953,18.5935,18.6917,18.7901,18.8885,18.987,19.0855,19.184,19.2826,19.3812,19.4798,19.5783,19.6768,19.7753,19.8738,19.9721,20.0705,20.1687,20.2669,20.365,20.463,20.5609,20.6587,20.7564,20.854,20.9515,21.0488,21.1461,21.2432,21.3402,21.4371,21.5338,21.6304,21.7269,21.8232,21.9194,22.0154,22.1113,22.207
40.8077,37.9921,35.1792,32.3521,29.5167,26.7352,24.1572,21.9698,20.2675,19.0076,18.0872,17.41,16.9052,16.5244,16.2347,16.0136,15.8454,15.7185,15.6248,15.5578,15.513,15.4864,15.4753,15.4772,15.4903,15.513,15.5441,15.5824,15.627,15.6773,15.7325,15.7921,15.8556,15.9226,15.9927,16.0656,16.1411,16.2188,16.2985,16.3801,16.4634,16.5482,16.6344,16.7218,16.8104,16.9,16.9905,17.0819,17.1741,17.2669,17.3604,17.4545,17.5491,17.6442,17.7397,17.8356,17.9319,18.0284,18.1252,18.2223,18.3196,18.4171,18.5148,18.6126,18.7105,18.8085,18.9067,19.0049,19.1031,19.2014,19.2997,19.398,19.4963,19.5946,19.6929,19.7912,19.8894,19.9875,20.0857,20.1837,20.2817,20.3796,20.4774,20.5751,20.6727,20.7703,20.8677,20.965,21.0622,21.1593,21.2563,21.3531,21.4498,21.5464,21.6429,21.7392,21.8354,21.9314,22.0273,22.1231,22.2187
40.9621,38.1634,35.3728,32.5745,29.7735,27.0255,24.4654,22.2689,20.5365,19.2405,18.2872,17.5828,17.0562,16.658,16.3543,16.1217,15.9439,15.809,15.7085,15.6357,15.5857,15.5547,15.5396,15.5381,15.548,15.5679,15.5964,15.6324,15.6749,15.7232,15.7766,15.8346,15.8965,15.9621,16.0309,16.1025,16.1768,16.2534,16.3321,16.4128,16.4951,16.5791,16.6644,16.7511,16.8389,16.9278,17.0177,17.1084,17.2,17.2922,17.3852,17.4787,17.5728,17.6674,17.7625,17.8579,17.9537,18.0499,18.1463,18.243,18.3399,18.4371,18.5344,18.6318,18.7294,18.8272,18.925,19.0229,19.1208,19.2188,19.3169,19.4149,19.513,19.611,19.7091,19.8071,19.9051,20.0031,20.101,20.1988,20.2966,20.3943,20.4919,20.5894,20.6869,20.7842,20.8815,20.9786,21.0757,21.1726,21.2694,21.3661,21.4626,21.5591,21.6554,21.7516,21.8476,21.9435,22.0393,22.1349,22.2304
41.1149,38.3325,35.5632,32.7922,30.0238,27.308,24.7667,22.5642,20.8048,19.4746,18.489,17.7575,17.2091,16.7933,16.4753,16.2311,16.0436,15.9006,15.7931,15.7144,15.6592,15.6237,15.6046,15.5995,15.6063,15.6233,15.6492,15.6828,15.7232,15.7695,15.8211,15.8774,15.9378,16.0019,16.0693,16.1397,16.2128,16.2883,16.366,16.4456,16.5271,16.6101,16.6947,16.7805,16.8676,16.9558,17.045,17.1351,17.226,17.3177,17.4101,17.5031,17.5967,17.6908,17.7854,17.8804,17.9758,18.0715,18.1675,18.2638,18.3603,18.4571,18.5541,18.6512,18.7485,18.8459,18.9434,19.041,19.1387,19.2364,19.3342,19.4319,19.5298,19.6276,19.7254,19.8232,19.9209,20.0187,20.1163,20.214,20.3115,20.409,20.5065,20.6038,20.7011,20.7982,20.8953,20.9923,21.0892,21.1859,21.2826,21.3791,21.4755,21.5718,21.668,21.764,21.86,21.9557,22.0514,22.1469,22.2422
41.2662,38.4994,35.7504,33.0054,30.268,27.5831,25.0612,22.8554,21.0722,19.7095,18.6925,17.9341,17.3637,16.9301,16.5978,16.3417,16.1444,15.9932,15.8787,15.7939,15.7335,15.6934,15.6702,15.6615,15.6651,15.6792,15.7024,15.7337,15.7719,15.8162,15.8659,15.9205,15.9793,16.042,16.1081,16.1772,16.2491,16.3235,16.4001,16.4788,16.5593,16.6414,16.7251,16.8102,16.8965,16.984,17.0725,17.162,17.2523,17.3434,17.4352,17.5277,17.6208,17.7144,17.8085,17.903,17.9979,18.0932,18.1888,18.2847,18.3809,18.4773,18.5739,18.6707,18.7676,18.8647,18.9619,19.0592,19.1566,19.254,19.3515,19.4491,19.5466,19.6442,19.7418,19.8393,19.9368,20.0343,20.1318,20.2292,20.3266,20.4239,20.5211,20.6183,20.7154,20.8124,20.9093,21.0061,21.1028,21.1994,21.2959,21.3922,21.4885,21.5847,21.6807,21.7766,21.8723,21.968,22.0635,22.1589,22.2541
41.4159,38.6642,35.9347,33.2144,30.5064,27.8513,25.349,23.1424,21.3383,19.9451,18.8974,18.1124,17.52,17.0686,16.7217,16.4537,16.2464,16.0868,15.9651,15.8742,15.8085,15.7637,15.7365,15.7241,15.7244,15.7356,15.7562,15.785,15.821,15.8633,15.9112,15.964,16.0212,16.0824,16.1471,16.2149,16.2856,16.3589,16.4345,16.5121,16.5917,16.673,16.7558,16.8401,16.9257,17.0124,17.1002,17.189,17.2787,17.3692,17.4605,17.5524,17.645,17.7381,17.8317,17.9257,18.0202,18.1151,18.2103,18.3058,18.4016,18.4976,18.5939,18.6903,18.7869,18.8837,18.9806,19.0776,19.1747,19.2718,19.369,19.4663,19.5636,19.6609,19.7582,19.8555,19.9528,20.0501,20.1474,20.2446,20.3417,20.4388,20.5359,20.6328,20.7297,20.8265,20.9233,21.0199,21.1164,21.2129,21.3092,21.4054,21.5015,21.5975,21.6934,21.7892,21.8848,21.9803,22.0757,22.1709,22.266
41.5641,38.8269,36.1161,33.4193,30.7393,28.1128,25.6304,23.4251,21.6027,20.181,19.1036,18.2923,17.678,17.2086,16.847,16.5668,16.3495,16.1814,16.0525,15.9554,15.8843,15.8348,15.8034,15.7873,15.7843,15.7924,15.8104,15.8367,15.8705,15.9107,15.9567,16.0078,16.0635,16.1231,16.1864,16.253,16.3225,16.3946,16.4691,16.5457,16.6243,16.7047,16.7867,16.8702,16.955,17.041,17.1281,17.2163,17.3053,17.3953,17.4859,17.5773,17.6693,17.7619,17.855,17.9486,18.0427,18.1371,18.2319,18.327,18.4224,18.5181,18.6139,18.71,18.8063,18.9028,18.9993,19.096,19.1928,19.2897,19.3866,19.4836,19.5807,19.6777,19.7748,19.8719,19.9689,20.066,20.163,20.26,20.357,20.4539,20.5507,20.6475,20.7442,20.8408,20.9374,21.0338,21.1302,21.2265,21.3226,21.4187,21.5147,21.6105,21.7062,21.8018,21.8973,21.9927,22.0879,22.1831,22.278
41.711,38.9877,36.2948,33.6205,30.9671,28.368,25.9056,23.7032,21.8652,20.4169,19.3109,18.4737,17.8375,17.35,16.9736,16.6812,16.4537,16.277,16.1408,16.0373,15.9608,15.9065,15.8709,15.851,15.8446,15.8498,15.865,15.8889,15.9204,15.9586,16.0027,16.052,16.106,16.1642,16.2261,16.2913,16.3596,16.4305,16.5039,16.5796,16.6572,16.7367,16.8178,16.9005,16.9845,17.0698,17.1562,17.2437,17.3321,17.4214,17.5115,17.6023,17.6938,17.7859,17.8785,17.9717,18.0653,18.1592,18.2536,18.3483,18.4433,18.5386,18.6341,18.7299,18.8258,18.9219,19.0182,19.1146,19.2111,19.3077,19.4043,19.5011,19.5978,19.6946,19.7915,19.8883,19.9851,20.082,20.1788,20.2755,20.3723,20.469,20.5656,20.6622,20.7587,20.8552,20.9515,21.0478,21.144,21.2401,21.3361,21.432,21.5278,21.6235,21.7191,21.8146,21.9099,22.0052,22.1003,22.1952,22.2901
41.8565,39.1466,36.4709,33.818,31.19,28.6172,26.1746,23.9768,22.1255,20.6526,19.5191,18.6564,17.9984,17.4929,17.1015,16.7968,16.5589,16.3735,16.2299,16.1201,16.038,15.9789,15.939,15.9153,15.9056,15.9077,15.9201,15.9415,15.9707,16.0068,16.049,16.0965,16.1489,16.2055,16.266,16.3299,16.3969,16.4667,16.539,16.6136,16.6903,16.7689,16.8492,16.931,17.0142,17.0988,17.1845,17.2713,17.3591,17.4478,17.5373,17.6275,17.7185,17.8101,17.9022,17.9948,18.088,18.1815,18.2755,18.3698,18.4644,18.5593,18.6545,18.7499,18.8455,18.9412,19.0372,19.1333,19.2294,19.3257,19.4221,19.5186,19.6151,19.7116,19.8082,19.9048,20.0014,20.098,20.1946,20.2912,20.3877,20.4842,20.5806,20.677,20.7733,20.8696,20.9658,21.0619,21.1579,21.2539,21.3497,21.4454,21.5411,21.6366,21.7321,21.8274,21.9226,22.0177,22.1126,22.2075,22.3022
42.0006,39.3038,36.6445,34.0121,31.4083,28.8607,26.4378,24.2457,22.3834,20.8878,19.728,18.8404,18.1607,17.6371,17.2307,16.9135,16.6652,16.471,16.3199,16.2037,16.116,16.0519,16.0077,15.9802,15.967,15.966,15.9757,15.9945,16.0214,16.0554,16.0956,16.1414,16.1921,16.2472,16.3062,16.3688,16.4345,16.5032,16.5744,16.648,16.7237,16.8013,16.8807,16.9617,17.0441,17.1279,17.213,17.2991,17.3862,17.4743,17.5632,17.6529,17.7433,17.8343,17.926,18.0182,18.1108,18.204,18.2975,18.3914,18.4856,18.5801,18.6749,18.7699,18.8652,18.9606,19.0563,19.152,19.2479,19.3439,19.44,19.5362,19.6325,19.7287,19.8251,19.9214,20.0178,20.1142,20.2105,20.3069,20.4032,20.4995,20.5957,20.6919,20.788,20.8841,20.9801,21.076,21.1719,21.2677,21.3633,21.4589,21.5544,21.6498,21.7451,21.8403,21.9353,22.0303,22.1251,22.2198,22.3144
42.1435,39.4591,36.8157,34.2029,31.6222,29.0988,26.6953,24.5101,22.6387,21.1223,19.9374,19.0254,18.3243,17.7826,17.3612,17.0314,16.7726,16.5695,16.4108,16.288,16.1946,16.1256,16.077,16.0457,16.029,16.0249,16.0317,16.048,16.0725,16.1044,16.1426,16.1866,16.2356,16.2891,16.3467,16.4079,16.4724,16.5399,16.61,16.6825,16.7572,16.8339,16.9124,16.9926,17.0742,17.1573,17.2416,17.327,17.4135,17.501,17.5893,17.6784,17.7683,17.8588,17.9499,18.0416,18.1338,18.2265,18.3196,18.4131,18.5069,18.601,18.6955,18.7901,18.8851,18.9802,19.0755,19.1709,19.2665,19.3622,19.458,19.5539,19.6499,19.7459,19.842,19.9381,20.0343,20.1304,20.2265,20.3226,20.4187,20.5148,20.6109,20.7069,20.8028,20.8987,20.9945,21.0903,21.1859,21.2815,21.377,21.4725,21.5678,21.663,21.7582,21.8532,21.9481,22.0429,22.1376,22.2322,22.3266
42.2851,39.6128,36.9846,34.3906,31.832,29.3318,26.9473,24.7699,22.8913,21.3559,20.1471,19.2113,18.4891,17.9293,17.4928,17.1504,16.881,16.6689,16.5025,16.3731,16.274,16.2,16.147,16.1116,16.0914,16.0842,16.0882,16.1018,16.124,16.1537,16.19,16.2321,16.2794,16.3314,16.3875,16.4474,16.5106,16.5768,16.6458,16.7173,16.791,16.8667,16.9444,17.0237,17.1045,17.1868,17.2704,17.3551,17.441,17.5278,17.6155,17.7041,17.7934,17.8834,17.974,18.0652,18.157,18.2492,18.3419,18.4349,18.5283,18.6221,18.7161,18.8105,18.905,18.9998,19.0948,19.1899,19.2852,19.3806,19.4761,19.5718,19.6675,19.7632,19.8591,19.9549,20.0508,20.1467,20.2426,20.3385,20.4344,20.5303,20.6261,20.7219,20.8176,20.9133,21.009,21.1046,21.2001,21.2955,21.3908,21.4861,21.5813,21.6763,21.7713,21.8662,21.961,22.0556,22.1502,22.2446,22.3389
42.4255,39.7649,37.1513,34.5753,32.0378,29.5599,27.1941,25.0252,23.141,21.5884,20.3568,19.398,18.6549,18.0772,17.6255,17.2704,16.9903,16.7692,16.595,16.459,16.3541,16.275,16.2175,16.1782,16.1544,16.144,16.1451,16.1561,16.1759,16.2034,16.2377,16.278,16.3236,16.374,16.4286,16.4871,16.549,16.614,16.6819,16.7523,16.825,16.8998,16.9765,17.055,17.135,17.2165,17.2994,17.3834,17.4686,17.5548,17.6419,17.7299,17.8186,17.9081,17.9982,18.089,18.1802,18.272,18.3642,18.4569,18.5499,18.6433,18.7369,18.8309,18.9251,19.0195,19.1142,19.209,19.304,19.3991,19.4943,19.5897,19.6851,19.7806,19.8762,19.9718,20.0674,20.1631,20.2588,20.3545,20.4501,20.5458,20.6414,20.737,20.8326,20.9281,21.0235,21.1189,21.2142,21.3095,21.4047,21.4998,21.5948,21.6897,21.7845,21.8793,21.9739,22.0684,22.1628,22.2571,22.3513
42.5647,39.9154,37.3159,34.7572,32.2398,29.7833,27.4359,25.276,23.3877,21.8196,20.5666,19.5854,18.8218,18.2262,17.7594,17.3915,17.1006,16.8703,16.6884,16.5456,16.4348,16.3506,16.2886,16.2453,16.2179,16.2042,16.2024,16.2108,16.2282,16.2535,16.2857,16.3242,16.368,16.4168,16.47,16.527,16.5877,16.6515,16.7182,16.7875,16.8592,16.933,17.0089,17.0865,17.1657,17.2465,17.3286,17.4119,17.4964,17.582,17.6685,17.7559,17.8441,17.933,18.0226,18.1128,18.2036,18.2949,18.3867,18.479,18.5716,18.6645,18.7578,18.8514,18.9453,19.0394,19.1337,19.2282,19.3229,19.4177,19.5126,19.6077,19.7029,19.7981,19.8934,19.9888,20.0842,20.1796,20.275,20.3705,20.466,20.5614,20.6568,20.7522,20.8476,20.9429,21.0382,21.1334,21.2285,21.3236,21.4186,21.5135,21.6084,21.7031,21.7978,21.8924,21.9869,22.0812,22.1755,22.2697,22.3637
42.7028,40.0644,37.4785,34.9363,32.4383,30.0023,27.6728,25.5225,23.6314,22.0494,20.7761,19.7734,18.9895,18.3762,17.8943,17.5136,17.2119,16.9724,16.7826,16.633,16.5163,16.4268,16.3602,16.3129,16.2819,16.265,16.2602,16.2659,16.2809,16.3039,16.3341,16.3707,16.4128,16.4599,16.5116,16.5673,16.6266,16.6892,16.7547,16.8229,16.8936,16.9665,17.0414,17.1182,17.1966,17.2765,17.3579,17.4406,17.5244,17.6093,17.6952,17.782,17.8696,17.958,18.0471,18.1368,18.2272,18.318,18.4094,18.5012,18.5934,18.686,18.7789,18.8721,18.9656,19.0593,19.1533,19.2475,19.3419,19.4364,19.531,19.6258,19.7207,19.8157,19.9107,20.0058,20.101,20.1962,20.2914,20.3866,20.4819,20.5771,20.6723,20.7675,20.8627,20.9578,21.0529,21.1479,21.2429,21.3378,21.4326,21.5274,21.622,21.7167,21.8112,21.9056,21.9999,22.0942,22.1883,22.2823,22.3762
42.8397,40.2119,37.6391,35.1128,32.6334,30.2171,27.905,25.7646,23.8719,22.2775,20.9853,19.9617,19.158,18.5272,18.0302,17.6367,17.3241,17.0753,16.8775,16.721,16.5984,16.5037,16.4325,16.381,16.3464,16.3261,16.3184,16.3214,16.3339,16.3547,16.3829,16.4175,16.4579,16.5034,16.5535,16.6078,16.6658,16.7271,16.7915,16.8586,16.9283,17.0002,17.0742,17.15,17.2276,17.3068,17.3874,17.4694,17.5525,17.6368,17.7221,17.8083,17.8953,17.9832,18.0718,18.161,18.2508,18.3412,18.4321,18.5235,18.6153,18.7075,18.8,18.8929,18.986,19.0794,19.173,19.2669,19.3609,19.4552,19.5495,19.644,19.7386,19.8333,19.9281,20.023,20.1179,20.2128,20.3078,20.4028,20.4978,20.5929,20.6879,20.7828,20.8778,20.9727,21.0676,21.1625,21.2573,21.352,21.4467,21.5413,21.6358,21.7302,21.8246,21.9189,22.013,22.1071,22.2011,22.295,22.3888
42.9756,40.358,37.7978,35.2868,32.8251,30.4278,28.1327,26.0025,24.1094,22.5039,21.1939,20.1503,19.3273,18.6791,18.167,17.7607,17.4371,17.179,16.9732,16.8098,16.6811,16.5812,16.5053,16.4497,16.4113,16.3878,16.377,16.3773,16.3874,16.4059,16.4319,16.4646,16.5032,16.5471,16.5957,16.6485,16.7052,16.7653,16.8285,16.8945,16.9631,17.0341,17.1071,17.1821,17.2589,17.3373,17.4171,17.4983,17.5808,17.6644,17.7491,17.8347,17.9212,18.0085,18.0965,18.1853,18.2746,18.3646,18.455,18.546,18.6373,18.7291,18.8213,18.9137,19.0065,19.0996,19.1929,19.2864,19.3801,19.474,19.5681,19.6623,19.7566,19.8511,19.9456,20.0402,20.1349,20.2296,20.3243,20.4191,20.5139,20.6087,20.7035,20.7983,20.893,20.9878,21.0825,21.1771,21.2717,21.3663,21.4608,21.5552,21.6496,21.7439,21.8381,21.9322,22.0262,22.1202,22.214,22.3077,22.4014
43.1104,40.5027,37.9547,35.4584,33.0138,30.6347,28.3561,26.2363,24.3436,22.7284,21.4019,20.339,19.4971,18.8318,18.3047,17.8856,17.5511,17.2836,17.0697,16.8993,16.7645,16.6592,16.5786,16.5188,16.4768,16.4499,16.4361,16.4336,16.4412,16.4574,16.4813,16.5121,16.5489,16.5911,16.6382,16.6895,16.7448,16.8037,16.8657,16.9306,16.9982,17.0681,17.1403,17.2144,17.2903,17.3679,17.447,17.5275,17.6093,17.6922,17.7762,17.8613,17.9472,18.0339,18.1215,18.2097,18.2986,18.388,18.478,18.5685,18.6595,18.7509,18.8426,18.9347,19.0271,19.1199,19.2128,19.306,19.3994,19.493,19.5868,19.6807,19.7748,19.8689,19.9632,20.0575,20.1519,20.2464,20.3409,20.4355,20.53,20.6246,20.7192,20.8138,20.9083,21.0029,21.0974,21.1919,21.2863,21.3807,21.475,21.5692,21.6634,21.7576,21.8516,21.9456,22.0395,22.1332,22.2269,22.3206,22.4141
43.2442,40.646,38.1098,35.6277,33.1995,30.8379,28.5754,26.4661,24.5747,22.951,21.609,20.5277,19.6674,18.9852,18.4433,18.0114,17.6658,17.3889,17.1669,16.9895,16.8486,16.7379,16.6525,16.5885,16.5427,16.5124,16.4955,16.4903,16.4953,16.5093,16.5311,16.5599,16.5949,16.6354,16.6809,16.7308,16.7848,16.8423,16.9032,16.967,17.0335,17.1024,17.1736,17.2468,17.3219,17.3987,17.477,17.5568,17.6379,17.7202,17.8036,17.888,17.9733,18.0595,18.1465,18.2342,18.3226,18.4116,18.5012,18.5912,18.6818,18.7727,18.8641,18.9558,19.0479,19.1402,19.2329,19.3257,19.4188,19.5121,19.6056,19.6992,19.793,19.8869,19.9809,20.0749,20.1691,20.2633,20.3576,20.4519,20.5463,20.6406,20.735,20.8294,20.9237,21.0181,21.1124,21.2067,21.3009,21.3951,21.4893,21.5833,21.6774,21.7713,21.8652,21.959,22.0528,22.1464,22.24,22.3334,22.4268
43.377,40.7881,38.2632,35.7948,33.3823,31.0376,28.7907,26.6919,24.8026,23.1715,21.8153,20.7164,19.8382,19.1393,18.5827,18.1379,17.7814,17.495,17.2648,17.0803,16.9332,16.8171,16.727,16.6587,16.6091,16.5754,16.5554,16.5474,16.5499,16.5615,16.5811,16.6079,16.6411,16.68,16.7239,16.7724,16.8249,16.8812,16.9409,17.0035,17.069,17.1369,17.2071,17.2794,17.3537,17.4296,17.5072,17.5863,17.6667,17.7483,17.831,17.9148,17.9996,18.0852,18.1717,18.2589,18.3468,18.4353,18.5244,18.614,18.7041,18.7947,18.8857,18.977,19.0687,19.1607,19.253,19.3455,19.4383,19.5313,19.6245,19.7178,19.8113,19.9049,19.9986,20.0924,20.1863,20.2803,20.3744,20.4684,20.5626,20.6567,20.7509,20.845,20.9392,21.0333,21.1274,21.2215,21.3156,21.4096,21.5036,21.5975,21.6914,21.7852,21.8789,21.9725,22.0661,22.1596,22.253,22.3463,22.4396
43.5088,40.9289,38.415,35.9597,33.5623,31.2339,29.0021,26.914,25.0273,23.39,22.0205,20.9049,20.0092,19.294,18.7228,18.2653,17.8977,17.6018,17.3635,17.1718,17.0185,16.897,16.802,16.7294,16.6759,16.6388,16.6157,16.6049,16.6047,16.614,16.6315,16.6563,16.6877,16.7248,16.7671,16.8141,16.8653,16.9203,16.9788,17.0403,17.1046,17.1716,17.2409,17.3123,17.3856,17.4608,17.5376,17.6159,17.6956,17.7765,17.8587,17.9418,18.026,18.1111,18.197,18.2837,18.3711,18.4591,18.5478,18.637,18.7267,18.8168,18.9074,18.9983,19.0897,19.1813,19.2732,19.3654,19.4579,19.5506,19.6434,19.7365,19.8297,19.923,20.0164,20.11,20.2037,20.2974,20.3912,20.485,20.5789,20.6729,20.7668,20.8608,20.9547,21.0486,21.1426,21.2365,21.3304,21.4242,21.518,21.6117,21.7054,21.7991,21.8926,21.9861,22.0795,22.1729,22.2662,22.3593,22.4524
43.6397,41.0685,38.5652,36.1226,33.7398,31.427,29.2099,27.1324,25.2489,23.6063,22.2245,21.093,20.1805,19.4493,18.8636,18.3934,18.0148,17.7094,17.4628,17.264,17.1044,16.9773,16.8775,16.8006,16.7432,16.7026,16.6764,16.6627,16.66,16.6669,16.6822,16.705,16.7345,16.7699,16.8107,16.8562,16.906,16.9597,17.0169,17.0773,17.1405,17.2065,17.2748,17.3453,17.4178,17.4921,17.5681,17.6457,17.7247,17.805,17.8864,17.969,18.0526,18.1371,18.2225,18.3086,18.3955,18.4831,18.5713,18.66,18.7493,18.839,18.9292,19.0198,19.1107,19.202,19.2936,19.3855,19.4776,19.5699,19.6625,19.7552,19.8481,19.9412,20.0344,20.1277,20.2211,20.3146,20.4081,20.5017,20.5954,20.6891,20.7828,20.8766,20.9703,21.064,21.1578,21.2515,21.3452,21.4388,21.5325,21.626,21.7196,21.813,21.9064,21.9998,22.093,22.1862,22.2793,22.3724,22.4653
43.7697,41.2069,38.7139,36.2834,33.9147,31.617,29.4142,27.3471,25.4674,23.8203,22.4274,21.2807,20.3519,19.605,19.005,18.5221,18.1326,17.8176,17.5627,17.3567,17.1909,17.0583,16.9535,16.8722,16.811,16.7668,16.7375,16.7209,16.7156,16.7201,16.7332,16.754,16.7816,16.8153,16.8544,16.8985,16.9469,16.9993,17.0552,17.1145,17.1766,17.2415,17.3089,17.3785,17.4501,17.5236,17.5988,17.6757,17.7539,17.8335,17.9143,17.9963,18.0793,18.1632,18.2481,18.3337,18.4201,18.5072,18.5949,18.6832,18.772,18.8613,18.9511,19.0413,19.1319,19.2228,19.314,19.4056,19.4973,19.5894,19.6816,19.7741,19.8667,19.9595,20.0524,20.1454,20.2386,20.3318,20.4251,20.5185,20.6119,20.7054,20.7989,20.8924,20.986,21.0795,21.1731,21.2666,21.3601,21.4536,21.547,21.6404,21.7337,21.827,21.9203,22.0135,22.1066,22.1996,22.2926,22.3855,22.4783
43.8987,41.3441,38.8611,36.4424,34.0872,31.804,29.615,27.5584,25.6828,24.0321,22.6289,21.4679,20.5234,19.7611,19.1469,18.6516,18.2511,17.9265,17.6634,17.4501,17.2779,17.1397,17.03,16.9444,16.8792,16.8315,16.799,16.7795,16.7716,16.7736,16.7845,16.8033,16.829,16.861,16.8985,16.941,16.988,17.0391,17.0938,17.1519,17.213,17.2768,17.3432,17.4118,17.4826,17.5553,17.6297,17.7058,17.7833,17.8622,17.9424,18.0237,18.1061,18.1895,18.2738,18.3589,18.4448,18.5314,18.6186,18.7064,18.7948,18.8838,18.9731,19.0629,19.1531,19.2437,19.3346,19.4258,19.5172,19.6089,19.7009,19.793,19.8854,19.9778,20.0705,20.1633,20.2561,20.3491,20.4422,20.5353,20.6285,20.7218,20.8151,20.9084,21.0017,21.0951,21.1884,21.2817,21.375,21.4683,21.5616,21.6548,21.748,21.8411,21.9342,22.0272,22.1202,22.2131,22.3059,22.3986,22.4913
44.0269,41.4802,39.0068,36.5995,34.2573,31.9881,29.8126,27.7663,25.8952,24.2417,22.8291,21.6546,20.6948,19.9175,19.2894,18.7816,18.3702,18.0361,17.7646,17.5441,17.3655,17.2217,17.1071,17.017,16.9478,16.8966,16.8608,16.8385,16.8279,16.8275,16.8362,16.8529,16.8767,16.9069,16.9428,16.9838,17.0293,17.0791,17.1326,17.1895,17.2495,17.3123,17.3776,17.4454,17.5152,17.5871,17.6607,17.736,17.8129,17.8911,17.9706,18.0513,18.1331,18.2159,18.2996,18.3842,18.4696,18.5557,18.6425,18.7298,18.8178,18.9063,18.9953,19.0847,19.1745,19.2647,19.3552,19.4461,19.5372,19.6286,19.7202,19.8121,19.9041,19.9963,20.0887,20.1812,20.2738,20.3665,20.4594,20.5523,20.6452,20.7382,20.8313,20.9244,21.0175,21.1107,21.2038,21.2969,21.3901,21.4832,21.5763,21.6693,21.7623,21.8553,21.9482,22.0411,22.1339,22.2266,22.3193,22.4119,22.5044
44.1542,41.6152,39.1511,36.7549,34.4253,32.1695,30.007,27.9709,26.1046,24.4489,23.0278,21.8405,20.8662,20.0741,19.4324,18.9122,18.4899,18.1463,17.8664,17.6386,17.4537,17.3042,17.1846,17.09,17.0169,16.9621,16.9231,16.8978,16.8845,16.8817,16.8881,16.9028,16.9247,16.9531,16.9873,17.0268,17.0709,17.1193,17.1716,17.2273,17.2862,17.3479,17.4123,17.4791,17.5481,17.6191,17.6919,17.7665,17.8426,17.9201,17.999,18.079,18.1602,18.2424,18.3256,18.4096,18.4945,18.5801,18.6664,18.7533,18.8409,18.9289,19.0175,19.1065,19.1959,19.2858,19.3759,19.4664,19.5572,19.6483,19.7396,19.8312,19.9229,20.0148,20.1069,20.1992,20.2915,20.384,20.4766,20.5692,20.662,20.7548,20.8476,20.9405,21.0334,21.1263,21.2193,21.3122,21.4052,21.4981,21.591,21.6839,21.7767,21.8695,21.9622,22.0549,22.1476,22.2402,22.3327,22.4251,22.5175
44.2807,41.7492,39.2941,36.9085,34.591,32.3483,30.1984,28.1724,26.3111,24.6539,23.225,22.0257,21.0373,20.231,19.5757,19.0434,18.6102,18.2571,17.9689,17.7338,17.5424,17.3872,17.2626,17.1636,17.0864,17.028,16.9857,16.9575,16.9415,16.9362,16.9404,16.9529,16.9729,16.9996,17.0321,17.07,17.1128,17.1598,17.2108,17.2653,17.323,17.3838,17.4471,17.513,17.5811,17.6512,17.7233,17.797,17.8724,17.9493,18.0274,18.1069,18.1874,18.2691,18.3517,18.4352,18.5196,18.6047,18.6905,18.777,18.864,18.9517,19.0398,19.1284,19.2175,19.307,19.3968,19.4869,19.5774,19.6681,19.7592,19.8504,19.9418,20.0335,20.1253,20.2172,20.3093,20.4016,20.4939,20.5863,20.6788,20.7714,20.864,20.9567,21.0494,21.1421,21.2348,21.3276,21.4203,21.5131,21.6058,21.6985,21.7911,21.8838,21.9764,22.0689,22.1614,22.2538,22.3462,22.4385,22.5307
44.4064,41.8821,39.4358,37.0605,34.7547,32.5245,30.3869,28.3708,26.5147,24.8565,23.4207,22.21,21.2082,20.3879,19.7195,19.175,18.731,18.3684,18.0719,17.8294,17.6316,17.4708,17.341,17.2375,17.1563,17.0943,17.0487,17.0175,16.9988,16.991,16.9929,17.0034,17.0214,17.0463,17.0772,17.1135,17.1548,17.2005,17.2502,17.3035,17.3601,17.4198,17.4822,17.5471,17.6143,17.6836,17.7548,17.8278,17.9024,17.9786,18.0561,18.1349,18.2148,18.2959,18.3779,18.4609,18.5447,18.6293,18.7147,18.8007,18.8873,18.9745,19.0623,19.1505,19.2392,19.3282,19.4177,19.5075,19.5976,19.6881,19.7788,19.8697,19.9608,20.0522,20.1437,20.2354,20.3272,20.4192,20.5113,20.6035,20.6957,20.7881,20.8805,20.9729,21.0654,21.1579,21.2505,21.343,21.4356,21.5281,21.6206,21.7132,21.8056,21.8981,21.9905,22.0829,22.1752,22.2675,22.3597,22.4519,22.5439
44.5312,42.014,39.5761,37.2108,34.9163,32.6983,30.5725,28.5662,26.7155,25.0569,23.6148,22.3935,21.3787,20.545,19.8635,19.3071,18.8524,18.4803,18.1754,17.9256,17.7213,17.5548,17.4199,17.3119,17.2267,17.1609,17.1121,17.0779,17.0564,17.0462,17.0458,17.0541,17.0702,17.0933,17.1225,17.1573,17.1971,17.2414,17.2898,17.3419,17.3974,17.456,17.5174,17.5813,17.6476,17.716,17.7864,17.8587,17.9326,18.008,18.0848,18.163,18.2423,18.3228,18.4043,18.4867,18.57,18.6541,18.739,18.8245,18.9107,18.9975,19.0848,19.1726,19.2609,19.3496,19.4387,19.5282,19.618,19.7081,19.7984,19.8891,19.9799,20.071,20.1622,20.2536,20.3452,20.4369,20.5288,20.6207,20.7127,20.8048,20.897,20.9892,21.0815,21.1738,21.2661,21.3585,21.4508,21.5432,21.6356,21.7279,21.8202,21.9125,22.0047,22.097,22.1891,22.2812,22.3733,22.4653,22.5572
44.6553,42.1449,39.7153,37.3596,35.076,32.8698,30.7555,28.7587,26.9135,25.2549,23.8072,22.576,21.5488,20.702,20.0077,19.4396,18.9742,18.5927,18.2795,18.0224,17.8115,17.6393,17.4993,17.3867,17.2974,17.228,17.1758,17.1386,17.1144,17.1016,17.0989,17.1051,17.1193,17.1405,17.168,17.2012,17.2396,17.2825,17.3296,17.3805,17.4349,17.4924,17.5527,17.6157,17.6811,17.7487,17.8183,17.8897,17.9629,18.0376,18.1137,18.1912,18.27,18.3498,18.4308,18.5126,18.5954,18.679,18.7634,18.8485,18.9342,19.0206,19.1075,19.1949,19.2828,19.3711,19.4599,19.549,19.6384,19.7282,19.8182,19.9085,19.9991,20.0899,20.1808,20.272,20.3633,20.4547,20.5463,20.638,20.7298,20.8216,20.9136,21.0056,21.0977,21.1898,21.2819,21.374,21.4662,21.5584,21.6505,21.7427,21.8348,21.9269,22.019,22.1111,22.2031,22.295,22.387,22.4788,22.5706
44.7786,42.2749,39.8532,37.5069,35.2339,33.039,30.9358,28.9484,27.1089,25.4507,23.998,22.7574,21.7185,20.8589,20.1522,19.5724,19.0965,18.7056,18.3841,18.1196,17.9022,17.7242,17.5791,17.462,17.3685,17.2954,17.2399,17.1996,17.1727,17.1574,17.1523,17.1564,17.1686,17.188,17.2138,17.2454,17.2823,17.3238,17.3696,17.4193,17.4725,17.529,17.5883,17.6503,17.7148,17.7815,17.8502,17.9209,17.9933,18.0673,18.1428,18.2196,18.2977,18.377,18.4574,18.5387,18.6209,18.704,18.7879,18.8726,18.9578,19.0437,19.1302,19.2172,19.3047,19.3927,19.4811,19.5698,19.6589,19.7484,19.8381,19.9281,20.0183,20.1088,20.1995,20.2904,20.3814,20.4726,20.5639,20.6554,20.7469,20.8385,20.9303,21.022,21.1139,21.2058,21.2977,21.3897,21.4816,21.5736,21.6656,21.7576,21.8495,21.9415,22.0334,22.1253,22.2171,22.3089,22.4007,22.4924,22.584
44.9012,42.4039,39.99,37.6527,35.3899,33.2059,31.1136,29.1354,27.3016,25.6442,24.1871,22.9379,21.8876,21.0158,20.2968,19.7055,19.2192,18.8189,18.4891,18.2173,17.9934,17.8096,17.6594,17.5376,17.44,17.3632,17.3044,17.261,17.2313,17.2134,17.2061,17.208,17.2182,17.2357,17.2598,17.2898,17.3252,17.3654,17.4099,17.4583,17.5104,17.5657,17.624,17.6851,17.7486,17.8144,17.8824,17.9522,18.0239,18.0972,18.172,18.2482,18.3256,18.4043,18.4841,18.5649,18.6466,18.7292,18.8126,18.8967,18.9816,19.067,19.1531,19.2397,19.3268,19.4144,19.5024,19.5908,19.6795,19.7686,19.858,19.9477,20.0377,20.1279,20.2183,20.3088,20.3996,20.4905,20.5816,20.6728,20.7641,20.8555,20.947,21.0386,21.1302,21.2219,21.3136,21.4053,21.4971,21.5889,21.6807,21.7725,21.8643,21.956,22.0478,22.1395,22.2312,22.3228,22.4144,22.506,22.5975
45.0231,42.5321,40.1256,37.7971,35.5441,33.3708,31.289,29.3197,27.4917,25.8355,24.3745,23.1172,22.0562,21.1724,20.4416,19.839,19.3423,18.9327,18.5946,18.3154,18.085,17.8954,17.7401,17.6137,17.5119,17.4314,17.3691,17.3227,17.2902,17.2698,17.2601,17.2598,17.268,17.2837,17.3061,17.3345,17.3683,17.4071,17.4503,17.4975,17.5484,17.6027,17.6599,17.72,17.7826,17.8476,17.9147,17.9837,18.0546,18.1272,18.2013,18.2768,18.3537,18.4317,18.5109,18.5911,18.6723,18.7544,18.8373,18.921,19.0054,19.0904,19.176,19.2622,19.3489,19.4361,19.5238,19.6118,19.7002,19.789,19.8781,19.9675,20.0571,20.147,20.2371,20.3274,20.4179,20.5086,20.5994,20.6903,20.7814,20.8725,20.9638,21.0552,21.1466,21.238,21.3295,21.4211,21.5127,21.6043,21.6959,21.7875,21.8791,21.9707,22.0622,22.1538,22.2453,22.3368,22.4282,22.5196,22.611
45.1442,42.6593,40.2602,37.9401,35.6967,33.5337,31.462,29.5015,27.6793,26.0246,24.5602,23.2953,22.2241,21.3288,20.5863,19.9726,19.4658,19.0469,18.7005,18.414,18.1771,17.9817,17.8211,17.6901,17.5842,17.4999,17.4343,17.3848,17.3494,17.3264,17.3143,17.3119,17.3181,17.3319,17.3525,17.3793,17.4117,17.449,17.4909,17.5369,17.5866,17.6398,17.696,17.7551,17.8168,17.8808,17.9471,18.0154,18.0855,18.1573,18.2307,18.3056,18.3818,18.4593,18.5379,18.6176,18.6982,18.7798,18.8622,18.9454,19.0293,19.1139,19.1991,19.2849,19.3712,19.458,19.5453,19.6329,19.721,19.8094,19.8982,19.9873,20.0766,20.1662,20.256,20.346,20.4363,20.5267,20.6172,20.7079,20.7987,20.8897,20.9807,21.0718,21.163,21.2542,21.3456,21.4369,21.5283,21.6197,21.7111,21.8025,21.8939,21.9854,22.0768,22.1681,22.2595,22.3508,22.4421,22.5334,22.6245
45.2647,42.7857,40.3936,38.0817,35.8476,33.6945,31.6328,29.6809,27.8645,26.2115,24.7441,23.4723,22.3913,21.485,20.7311,20.1065,19.5895,19.1615,18.8069,18.513,18.2696,18.0684,17.9026,17.7669,17.6569,17.5688,17.4997,17.4471,17.4089,17.3833,17.3689,17.3643,17.3684,17.3803,17.3992,17.4244,17.4553,17.4912,17.5317,17.5765,17.625,17.6771,17.7322,17.7903,17.8511,17.9142,17.9797,18.0471,18.1165,18.1876,18.2603,18.3345,18.4101,18.4869,18.565,18.6441,18.7242,18.8052,18.8872,18.9699,19.0533,19.1375,19.2222,19.3076,19.3935,19.48,19.5668,19.6542,19.7419,19.83,19.9184,20.0071,20.0962,20.1855,20.275,20.3647,20.4547,20.5448,20.6351,20.7256,20.8161,20.9068,20.9976,21.0885,21.1795,21.2705,21.3616,21.4528,21.544,21.6352,21.7264,21.8176,21.9089,22.0001,22.0913,22.1826,22.2737,22.3649,22.456,22.5471,22.6382
45.3844,42.9112,40.526,38.2221,35.997,33.8535,31.8013,29.8579,28.0473,26.3962,24.9264,23.6481,22.5579,21.6408,20.8759,20.2405,19.7135,19.2764,18.9136,18.6125,18.3625,18.1554,17.9845,17.8441,17.7299,17.638,17.5655,17.5098,17.4687,17.4405,17.4237,17.4169,17.419,17.429,17.4462,17.4697,17.499,17.5335,17.5728,17.6162,17.6636,17.7145,17.7687,17.8257,17.8855,17.9478,18.0124,18.079,18.1476,18.218,18.29,18.3636,18.4385,18.5147,18.5922,18.6707,18.7503,18.8308,18.9122,18.9945,19.0775,19.1612,19.2455,19.3305,19.416,19.502,19.5885,19.6755,19.7628,19.8506,19.9387,20.0271,20.1158,20.2048,20.2941,20.3835,20.4732,20.5631,20.6531,20.7433,20.8336,20.9241,21.0147,21.1053,21.1961,21.2869,21.3778,21.4687,21.5597,21.6507,21.7417,21.8328,21.9239,22.0149,22.106,22.197,22.288,22.379,22.47,22.561,22.6518
45.5035,43.0359,40.6574,38.3612,36.1448,34.0106,31.9677,30.0325,28.2278,26.5788,25.1069,23.8226,22.7236,21.7962,21.0205,20.3747,19.8378,19.3917,19.0208,18.7123,18.4558,18.2429,18.0667,17.9217,17.8032,17.7076,17.6316,17.5728,17.5289,17.498,17.4788,17.4697,17.4698,17.4779,17.4933,17.5152,17.543,17.5761,17.614,17.6562,17.7024,17.7522,17.8052,17.8613,17.9202,17.9815,18.0453,18.1111,18.1789,18.2486,18.3199,18.3927,18.467,18.5426,18.6195,18.6975,18.7765,18.8565,18.9374,19.0192,19.1017,19.1849,19.2688,19.3534,19.4385,19.5241,19.6103,19.6969,19.7839,19.8713,19.9591,20.0472,20.1356,20.2243,20.3132,20.4024,20.4918,20.5814,20.6712,20.7611,20.8512,20.9414,21.0317,21.1222,21.2127,21.3033,21.394,21.4847,21.5755,21.6663,21.7572,21.848,21.9389,22.0298,22.1207,22.2115,22.3024,22.3932,22.4841,22.5748,22.6656
45.622,43.1598,40.7878,38.4991,36.2911,34.1659,32.1321,30.2049,28.4059,26.7593,25.2856,23.9959,22.8886,21.9513,21.1651,20.5089,19.9623,19.5073,19.1282,18.8125,18.5495,18.3308,18.1494,17.9996,17.8769,17.7775,17.698,17.636,17.5893,17.5558,17.5341,17.5229,17.5208,17.5271,17.5407,17.561,17.5872,17.6188,17.6554,17.6963,17.7413,17.79,17.842,17.897,17.9549,18.0154,18.0783,18.1433,18.2103,18.2792,18.3498,18.422,18.4957,18.5707,18.6469,18.7243,18.8028,18.8823,18.9627,19.044,19.126,19.2088,19.2923,19.3764,19.4611,19.5464,19.6321,19.7184,19.805,19.8921,19.9795,20.0673,20.1554,20.2438,20.3324,20.4213,20.5105,20.5998,20.6893,20.779,20.8688,20.9588,21.0489,21.1391,21.2294,21.3198,21.4102,21.5008,21.5914,21.682,21.7726,21.8633,21.954,22.0447,22.1354,22.2261,22.3168,22.4075,22.4981,22.5888,22.6793
45.7398,43.2829,40.9172,38.6358,36.4359,34.3195,32.2945,30.3751,28.5819,26.9377,25.4627,24.1679,23.0527,22.1058,21.3095,20.6432,20.087,19.6231,19.236,18.913,18.6435,18.419,18.2323,18.0779,17.951,17.8477,17.7648,17.6996,17.6499,17.6138,17.5897,17.5762,17.5721,17.5765,17.5883,17.6069,17.6316,17.6618,17.6969,17.7366,17.7804,17.8279,17.8789,17.9329,17.9899,18.0494,18.1114,18.1756,18.2419,18.31,18.3799,18.4514,18.5244,18.5988,18.6745,18.7513,18.8292,18.9082,18.9881,19.0689,19.1504,19.2328,19.3158,19.3995,19.4838,19.5687,19.6541,19.7399,19.8262,19.913,20.0001,20.0875,20.1753,20.2634,20.3517,20.4403,20.5292,20.6182,20.7075,20.7969,20.8865,20.9762,21.0661,21.1561,21.2462,21.3363,21.4266,21.5169,21.6073,21.6977,21.7882,21.8787,21.9692,22.0597,22.1502,22.2408,22.3313,22.4218,22.5123,22.6027,22.6932
45.857,43.4053,41.0456,38.7713,36.5794,34.4715,32.4549,30.5432,28.7557,27.1142,25.6381,24.3386,23.216,22.2599,21.4536,20.7774,20.2119,19.7392,19.3441,19.0139,18.7379,18.5075,18.3157,18.1565,18.0253,17.9182,17.8318,17.7635,17.7109,17.6721,17.6456,17.6298,17.6237,17.6261,17.6361,17.6531,17.6762,17.7049,17.7387,17.7771,17.8197,17.8661,17.9159,17.969,18.025,18.0836,18.1447,18.2081,18.2736,18.341,18.4102,18.481,18.5533,18.6271,18.7021,18.7784,18.8558,18.9342,19.0136,19.0939,19.175,19.2569,19.3395,19.4227,19.5066,19.5911,19.6761,19.7616,19.8475,19.9339,20.0207,20.1078,20.1953,20.283,20.3711,20.4594,20.548,20.6368,20.7258,20.8149,20.9043,20.9938,21.0834,21.1731,21.263,21.3529,21.443,21.5331,21.6233,21.7135,21.8038,21.8941,21.9844,22.0747,22.1651,22.2554,22.3458,22.4361,22.5265,22.6168,22.7071
45.9735,43.5269,41.1732,38.9057,36.7215,34.6218,32.6135,30.7093,28.9274,27.2886,25.8117,24.508,23.3783,22.4135,21.5976,20.9117,20.3368,19.8555,19.4525,19.1151,18.8326,18.5964,18.3993,18.2355,18.1,17.989,17.8991,17.8276,17.7721,17.7307,17.7017,17.6837,17.6754,17.6759,17.6842,17.6994,17.721,17.7482,17.7807,17.8178,17.8591,17.9044,17.9531,18.0052,18.0602,18.1179,18.1782,18.2407,18.3054,18.372,18.4405,18.5106,18.5823,18.6554,18.7299,18.8056,18.8824,18.9603,19.0392,19.119,19.1996,19.281,19.3632,19.446,19.5295,19.6136,19.6982,19.7833,19.8689,19.9549,20.0414,20.1282,20.2153,20.3028,20.3906,20.4786,20.5669,20.6554,20.7441,20.833,20.9221,21.0113,21.1007,21.1902,21.2799,21.3696,21.4594,21.5493,21.6393,21.7293,21.8194,21.9095,21.9997,22.0898,22.18,22.2702,22.3604,22.4506,22.5407,22.6309,22.721
46.0895,43.6477,41.2998,39.0391,36.8622,34.7705,32.7702,30.8734,29.097,27.4611,25.9837,24.6761,23.5397,22.5665,21.7413,21.0459,20.4619,19.972,19.5611,19.2166,18.9277,18.6857,18.4833,18.3147,18.175,18.0602,17.9668,17.892,17.8336,17.7895,17.7581,17.7378,17.7274,17.7259,17.7324,17.746,17.766,17.7917,17.8228,17.8586,17.8987,17.9428,17.9905,18.0415,18.0956,18.1524,18.2117,18.2735,18.3373,18.4032,18.471,18.5404,18.6114,18.6839,18.7578,18.8329,18.9092,18.9865,19.0649,19.1442,19.2243,19.3053,19.387,19.4694,19.5525,19.6362,19.7204,19.8052,19.8904,19.9761,20.0622,20.1486,20.2355,20.3226,20.4101,20.4978,20.5858,20.6741,20.7625,20.8512,20.94,21.029,21.1181,21.2074,21.2968,21.3863,21.4759,21.5656,21.6554,21.7452,21.8351,21.925,22.015,22.105,22.195,22.285,22.375,22.465,22.555,22.645,22.735
46.2049,43.7678,41.4256,39.1713,37.0017,34.9178,32.9252,31.0355,29.2647,27.6317,26.154,24.8428,23.7002,22.7189,21.8846,21.18,20.587,20.0887,19.67,19.3184,19.023,18.7752,18.5676,18.3943,18.2503,18.1316,18.0347,17.9567,17.8954,17.8486,17.8147,17.7921,17.7796,17.7762,17.7808,17.7927,17.8111,17.8354,17.8651,17.8996,17.9385,17.9814,18.0281,18.078,18.1311,18.187,18.2455,18.3063,18.3694,18.4346,18.5016,18.5703,18.6407,18.7125,18.7858,18.8603,18.936,19.0128,19.0907,19.1695,19.2492,19.3297,19.4109,19.4929,19.5756,19.6588,19.7427,19.8271,19.9119,19.9973,20.083,20.1692,20.2557,20.3425,20.4297,20.5171,20.6048,20.6928,20.781,20.8694,20.958,21.0467,21.1356,21.2247,21.3138,21.4031,21.4925,21.582,21.6716,21.7612,21.8509,21.9406,22.0304,22.1202,22.21,22.2998,22.3897,22.4795,22.5694,22.6592,22.749
46.3197,43.8873,41.5505,39.3025,37.1399,35.0635,33.0786,31.1957,29.4304,27.8004,26.3226,25.0083,23.8598,22.8706,22.0277,21.3141,20.7122,20.2055,19.7791,19.4204,19.1187,18.865,18.6522,18.4742,18.3259,18.2033,18.1029,18.0217,17.9574,17.9079,17.8715,17.8467,17.8321,17.8267,17.8295,17.8397,17.8565,17.8793,17.9076,17.9408,17.9784,18.0202,18.0657,18.1147,18.1668,18.2217,18.2793,18.3393,18.4016,18.466,18.5323,18.6003,18.67,18.7413,18.8139,18.8878,18.963,19.0392,19.1166,19.1949,19.2741,19.3541,19.4349,19.5165,19.5987,19.6816,19.7651,19.8491,19.9336,20.0185,20.1039,20.1898,20.2759,20.3625,20.4493,20.5365,20.6239,20.7116,20.7995,20.8877,20.976,21.0645,21.1532,21.242,21.3309,21.42,21.5092,21.5984,21.6878,21.7772,21.8667,21.9562,22.0458,22.1354,22.2251,22.3147,22.4044,22.4941,22.5838,22.6734,22.7631
46.4339,44.006,41.6745,39.4327,37.2769,35.2078,33.2302,31.3542,29.5942,27.9673,26.4896,25.1723,24.0183,23.0218,22.1703,21.4479,20.8374,20.3225,19.8884,19.5227,19.2146,18.9552,18.7371,18.5544,18.4018,18.2753,18.1713,18.0869,18.0197,17.9675,17.9286,17.9014,17.8847,17.8774,17.8783,17.8868,17.902,17.9234,17.9502,17.9821,18.0186,18.0592,18.1036,18.1515,18.2026,18.2566,18.3133,18.3725,18.434,18.4976,18.5631,18.6305,18.6995,18.7701,18.8421,18.9154,18.99,19.0658,19.1426,19.2204,19.2991,19.3787,19.459,19.5402,19.622,19.7044,19.7875,19.8711,19.9553,20.0399,20.125,20.2104,20.2963,20.3825,20.4691,20.556,20.6431,20.7305,20.8182,20.906,20.9941,21.0823,21.1708,21.2593,21.3481,21.4369,21.5259,21.6149,21.7041,21.7933,21.8826,21.9719,22.0613,22.1507,22.2402,22.3297,22.4192,22.5087,22.5982,22.6877,22.7772
46.5476,44.1241,41.7978,39.5618,37.4128,35.3507,33.3803,31.5109,29.7561,28.1323,26.655,25.3351,24.1758,23.1722,22.3126,21.5816,20.9626,20.4395,19.9979,19.6252,19.3107,19.0456,18.8223,18.6348,18.478,18.3476,18.2401,18.1524,18.0822,18.0273,17.9859,17.9564,17.9376,17.9282,17.9274,17.9341,17.9478,17.9676,17.9931,18.0236,18.0588,18.0983,18.1416,18.1884,18.2385,18.2916,18.3474,18.4058,18.4664,18.5293,18.5941,18.6607,18.7291,18.799,18.8704,18.9432,19.0172,19.0924,19.1687,19.246,19.3242,19.4033,19.4832,19.5639,19.6453,19.7274,19.81,19.8933,19.9771,20.0613,20.146,20.2312,20.3167,20.4026,20.4889,20.5755,20.6623,20.7495,20.8368,20.9244,21.0122,21.1003,21.1884,21.2768,21.3653,21.4539,21.5426,21.6315,21.7204,21.8094,21.8985,21.9877,22.0769,22.1661,22.2554,22.3447,22.434,22.5234,22.6127,22.7021,22.7914
46.6607,44.2414,41.9202,39.6901,37.5474,35.4922,33.5288,31.6658,29.9163,28.2956,26.8188,25.4965,24.3324,23.3219,22.4544,21.7151,21.0877,20.5566,20.1075,19.7279,19.4071,19.1362,18.9078,18.7156,18.5544,18.4201,18.309,18.2182,18.145,18.0874,18.0434,18.0117,17.9907,17.9793,17.9766,17.9817,17.9937,18.012,18.0361,18.0653,18.0992,18.1375,18.1797,18.2255,18.2746,18.3267,18.3817,18.4392,18.499,18.5611,18.6252,18.6911,18.7588,18.8281,18.8988,18.971,19.0445,19.1191,19.1949,19.2716,19.3494,19.428,19.5075,19.5878,19.6687,19.7504,19.8327,19.9155,19.9989,20.0828,20.1672,20.252,20.3372,20.4228,20.5088,20.5951,20.6816,20.7685,20.8556,20.9429,21.0305,21.1182,21.2062,21.2943,21.3825,21.4709,21.5594,21.6481,21.7368,21.8256,21.9145,22.0034,22.0925,22.1815,22.2706,22.3598,22.4489,22.5381,22.6273,22.7165,22.8056
46.7733,44.3582,42.0418,39.8173,37.6809,35.6324,33.6757,31.8191,30.0747,28.4572,26.981,25.6566,24.4879,23.471,22.5958,21.8483,21.2128,20.6738,20.2173,19.8308,19.5038,19.2272,18.9935,18.7965,18.6311,18.4929,18.3783,18.2842,18.208,18.1477,18.1012,18.0671,18.044,18.0306,18.0261,18.0294,18.0398,18.0566,18.0792,18.1071,18.1398,18.1769,18.218,18.2627,18.3108,18.362,18.416,18.4727,18.5317,18.593,18.6563,18.7216,18.7886,18.8572,18.9274,18.9989,19.0718,19.1459,19.2211,19.2974,19.3747,19.4528,19.5319,19.6117,19.6922,19.7735,19.8554,19.9378,20.0209,20.1044,20.1884,20.2729,20.3578,20.4431,20.5287,20.6147,20.701,20.7876,20.8744,20.9615,21.0488,21.1363,21.224,21.3118,21.3998,21.488,21.5763,21.6647,21.7532,21.8418,21.9305,22.0193,22.1081,22.197,22.2859,22.3749,22.4639,22.5529,22.6419,22.7309,22.8199
46.8854,44.4743,42.1627,39.9437,37.8134,35.7714,33.8213,31.9707,30.2313,28.6171,27.1416,25.8154,24.6423,23.6193,22.7367,21.9813,21.3378,20.791,20.3272,19.9339,19.6006,19.3183,19.0795,18.8778,18.7081,18.566,18.4478,18.3504,18.2713,18.2082,18.1592,18.1228,18.0975,18.0821,18.0757,18.0773,18.086,18.1013,18.1225,18.1491,18.1806,18.2165,18.2564,18.3001,18.3472,18.3974,18.4506,18.5063,18.5646,18.6251,18.6876,18.7522,18.8185,18.8865,18.956,19.027,19.0993,19.1728,19.2475,19.3233,19.4001,19.4778,19.5563,19.6357,19.7158,19.7967,19.8781,19.9602,20.0429,20.1261,20.2098,20.2939,20.3785,20.4634,20.5488,20.6344,20.7204,20.8067,20.8933,20.9801,21.0671,21.1544,21.2418,21.3294,21.4172,21.5052,21.5932,21.6814,21.7697,21.8581,21.9466,22.0352,22.1238,22.2125,22.3013,22.39,22.4788,22.5677,22.6565,22.7454,22.8343
46.9969,44.5898,42.2829,40.0692,37.9448,35.9091,33.9653,32.1208,30.3864,28.7753,27.3008,25.9729,24.7958,23.7668,22.8772,22.114,21.4626,20.9083,20.4372,20.0372,19.6977,19.4097,19.1657,18.9593,18.7853,18.6393,18.5175,18.4169,18.3347,18.2689,18.2174,18.1786,18.1511,18.1338,18.1255,18.1253,18.1325,18.1463,18.166,18.1913,18.2214,18.2562,18.295,18.3376,18.3837,18.433,18.4852,18.5401,18.5975,18.6572,18.7191,18.7829,18.8485,18.9159,18.9848,19.0551,19.1269,19.1998,19.274,19.3493,19.4255,19.5028,19.5809,19.6598,19.7395,19.8199,19.901,19.9827,20.065,20.1478,20.2312,20.315,20.3992,20.4838,20.5689,20.6542,20.7399,20.8259,20.9122,20.9988,21.0855,21.1725,21.2597,21.3471,21.4347,21.5224,21.6102,21.6982,21.7863,21.8745,21.9628,22.0512,22.1396,22.2281,22.3167,22.4053,22.4939,22.5826,22.6712,22.7599,22.8486
47.108,44.7047,42.4023,40.1937,38.0751,36.0455,34.108,32.2693,30.5397,28.9319,27.4584,26.129,24.9482,23.9136,23.0171,22.2464,21.5873,21.0255,20.5473,20.1406,19.7949,19.5013,19.2521,19.041,18.8627,18.7128,18.5875,18.4836,18.3985,18.3298,18.2758,18.2347,18.205,18.1857,18.1755,18.1736,18.1791,18.1914,18.2097,18.2336,18.2625,18.296,18.3337,18.3753,18.4203,18.4687,18.52,18.574,18.6306,18.6895,18.7506,18.8137,18.8787,18.9453,19.0136,19.0834,19.1545,19.2269,19.3006,19.3753,19.4511,19.5278,19.6055,19.684,19.7633,19.8433,19.9239,20.0053,20.0872,20.1696,20.2526,20.3361,20.42,20.5043,20.589,20.6741,20.7595,20.8452,20.9312,21.0175,21.104,21.1908,21.2777,21.3649,21.4522,21.5397,21.6273,21.715,21.8029,21.8909,21.979,22.0672,22.1554,22.2437,22.3321,22.4205,22.509,22.5975,22.686,22.7745,22.8631
47.2185,44.819,42.5209,40.3175,38.2044,36.1808,34.2494,32.4164,30.6916,29.0869,27.6145,26.2839,25.0995,24.0596,23.1565,22.3785,21.7119,21.1427,20.6574,20.2441,19.8923,19.5931,19.3387,19.123,18.9404,18.7866,18.6577,18.5505,18.4624,18.391,18.3344,18.2909,18.2591,18.2377,18.2257,18.222,18.2259,18.2366,18.2535,18.276,18.3037,18.336,18.3726,18.413,18.4571,18.5045,18.5548,18.608,18.6638,18.7219,18.7823,18.8446,18.9089,18.9749,19.0426,19.1117,19.1823,19.2542,19.3272,19.4015,19.4767,19.553,19.6302,19.7082,19.7871,19.8667,19.947,20.0279,20.1094,20.1915,20.2742,20.3573,20.4409,20.5249,20.6093,20.694,20.7791,20.8646,20.9503,21.0363,21.1226,21.209,21.2957,21.3826,21.4697,21.557,21.6444,21.7319,21.8196,21.9074,21.9953,22.0832,22.1713,22.2594,22.3476,22.4358,22.5241,22.6124,22.7008,22.7892,22.8775
47.3286,44.9327,42.6389,40.4404,38.3327,36.315,34.3894,32.562,30.8418,29.2403,27.7691,26.4374,25.2498,24.2048,23.2953,22.5102,21.8363,21.2598,20.7676,20.3478,19.9899,19.685,19.4256,19.2052,19.0183,18.8606,18.7281,18.6176,18.5265,18.4524,18.3932,18.3474,18.3134,18.29,18.276,18.2706,18.2728,18.282,18.2975,18.3186,18.345,18.3761,18.4116,18.451,18.494,18.5404,18.5899,18.6422,18.6971,18.7544,18.814,18.8757,18.9392,19.0046,19.0716,19.1402,19.2101,19.2814,19.354,19.4277,19.5025,19.5783,19.655,19.7326,19.811,19.8902,19.9701,20.0506,20.1318,20.2135,20.2958,20.3785,20.4618,20.5455,20.6296,20.714,20.7988,20.884,20.9694,21.0552,21.1412,21.2274,21.3138,21.4005,21.4873,21.5744,21.6615,21.7489,21.8363,21.9239,22.0116,22.0993,22.1872,22.2751,22.3631,22.4512,22.5393,22.6275,22.7156,22.8038,22.8921
47.4382,45.0458,42.7562,40.5624,38.4601,36.448,34.5281,32.7061,30.9906,29.3923,27.9223,26.5897,25.399,24.3491,23.4335,22.6416,21.9605,21.3769,20.8778,20.4515,20.0876,19.7772,19.5126,19.2875,19.0964,18.9348,18.7987,18.685,18.5908,18.5139,18.4522,18.404,18.3679,18.3424,18.3266,18.3194,18.32,18.3276,18.3416,18.3614,18.3865,18.4164,18.4507,18.489,18.531,18.5764,18.625,18.6764,18.7305,18.7871,18.8459,18.9068,18.9697,19.0344,19.1008,19.1687,19.2381,19.3088,19.3808,19.454,19.5283,19.6036,19.6799,19.757,19.835,19.9138,19.9932,20.0734,20.1542,20.2355,20.3175,20.3999,20.4828,20.5662,20.6499,20.7341,20.8186,20.9035,20.9886,21.0741,21.1598,21.2458,21.332,21.4184,21.505,21.5918,21.6788,21.7659,21.8531,21.9405,22.0279,22.1155,22.2032,22.2909,22.3787,22.4666,22.5545,22.6425,22.7305,22.8186,22.9066
